1000000	182848	100000	0	226237307
1000000	1825008	1000000	0	224967370
1000000	18246496	10000000	0	224628546
1000000	2007456	1100000	0	225938201
1000000	2189920	1200000	0	221826831
1000000	2372384	1300000	0	223177356
1000000	2554848	1400000	0	224699178
1000000	2737312	1500000	0	225394324
1000000	2919776	1600000	0	224911699
1000000	3102224	1700000	0	226402767
1000000	3284688	1800000	0	224456731
1000000	3467152	1900000	0	226678734
1000000	365312	200000	0	224696551
1000000	3649616	2000000	0	223604687
1000000	3832080	2100000	0	224271270
1000000	4014528	2200000	0	225041429
1000000	4196992	2300000	0	224563385
1000000	4379456	2400000	0	224994767
1000000	4561920	2500000	0	225696017
1000000	4744384	2600000	0	222140584
1000000	4926832	2700000	0	223471440
1000000	5109296	2800000	0	224616479
1000000	5291760	2900000	0	226694923
1000000	547776	300000	0	226059595
1000000	5474224	3000000	0	224184421
1000000	5656688	3100000	0	226815161
1000000	5839152	3200000	0	224874284
1000000	6021600	3300000	0	224809127
1000000	6204064	3400000	0	223539774
1000000	6386528	3500000	0	225683624
1000000	6568992	3600000	0	221486200
1000000	6751456	3700000	0	224422324
1000000	6933904	3800000	0	224974890
1000000	7116368	3900000	0	225692277
1000000	730240	400000	0	224706233
1000000	7298832	4000000	0	222523415
1000000	7481296	4100000	0	223297048
1000000	7663760	4200000	0	224294717
1000000	7846208	4300000	0	226308564
1000000	8028672	4400000	0	223923641
1000000	8211136	4500000	0	228016961
1000000	8393600	4600000	0	224854368
1000000	8576064	4700000	0	224650086
1000000	8758528	4800000	0	224857557
1000000	8940976	4900000	0	225400939
1000000	912704	500000	0	224186275
1000000	9123440	5000000	0	221488926
1000000	9305904	5100000	0	223412231
1000000	9488368	5200000	0	224982320
1000000	9670832	5300000	0	225545242
1000000	9853280	5400000	0	222387462
1000000	10035744	5500000	0	226222963
1000000	10218208	5600000	0	224634129
1000000	10400672	5700000	0	226924914
1000000	10583136	5800000	0	223420430
1000000	10765584	5900000	0	226723094
1000000	1095152	600000	0	221555142
1000000	10948048	6000000	0	224941814
1000000	11130512	6100000	0	224372679
1000000	11312976	6200000	0	224910665
1000000	11495440	6300000	0	225819785
1000000	11677904	6400000	0	221744718
1000000	11860352	6500000	0	222956863
1000000	12042816	6600000	0	225911078
1000000	12225280	6700000	0	225679552
1000000	12407744	6800000	0	223452502
1000000	12590208	6900000	0	226594289
1000000	1277616	700000	0	223628515
1000000	12772656	7000000	0	225323932
1000000	12955120	7100000	0	226549402
1000000	13137584	7200000	0	223866875
1000000	13320048	7300000	0	226223201
1000000	13502512	7400000	0	222028139
1000000	13684976	7500000	0	224526533
1000000	13867424	7600000	0	225233708
1000000	14049888	7700000	0	225693901
1000000	14232352	7800000	0	222027836
1000000	14414816	7900000	0	223000288
1000000	1460080	800000	0	225418527
1000000	14597280	8000000	0	224612755
1000000	14779728	8100000	0	226358332
1000000	14962192	8200000	0	222089668
1000000	15144656	8300000	0	226770156
1000000	15327120	8400000	0	224958568
1000000	15509584	8500000	0	224763123
1000000	15692032	8600000	0	225075206
1000000	15874496	8700000	0	226197882
1000000	16056960	8800000	0	221825002
1000000	16239424	8900000	0	224899481
1000000	1642544	900000	0	225980735
1000000	16421888	9000000	0	224982689
1000000	16604352	9100000	0	227264372
1000000	16786800	9200000	0	222238304
1000000	16969264	9300000	0	223420044
1000000	17151728	9400000	0	224702937
1000000	17334192	9500000	0	226917337
1000000	17516656	9600000	0	222511706
1000000	17699104	9700000	0	226989004
1000000	17881568	9800000	0	225205968
1000000	18064032	9900000	0	225437641
100000	182848	100000	0	17137452
100000	1825008	1000000	0	18660920
100000	18246496	10000000	0	16401075
100000	2007456	1100000	0	16768781
100000	2189920	1200000	0	17489679
100000	2372384	1300000	0	17071097
100000	2554848	1400000	0	16687486
100000	2737312	1500000	0	16881331
100000	2919776	1600000	0	16604334
100000	3102224	1700000	0	19005840
100000	3284688	1800000	0	17153578
100000	3467152	1900000	0	16433870
100000	365312	200000	0	17294789
100000	3649616	2000000	0	18792949
100000	3832080	2100000	0	17314747
100000	4014528	2200000	0	17165059
100000	4196992	2300000	0	17185761
100000	4379456	2400000	0	17249303
100000	4561920	2500000	0	17896666
100000	4744384	2600000	0	18980014
100000	4926832	2700000	0	18132166
100000	5109296	2800000	0	18186251
100000	5291760	2900000	0	17771093
100000	547776	300000	0	16876855
100000	5474224	3000000	0	17459907
100000	5656688	3100000	0	18422943
100000	5839152	3200000	0	18064760
100000	6021600	3300000	0	18895735
100000	6204064	3400000	0	16734098
100000	6386528	3500000	0	17428178
100000	6568992	3600000	0	17070649
100000	6751456	3700000	0	17561742
100000	6933904	3800000	0	16559782
100000	7116368	3900000	0	19431005
100000	730240	400000	0	16702116
100000	7298832	4000000	0	17948845
100000	7481296	4100000	0	17091570
100000	7663760	4200000	0	17428156
100000	7846208	4300000	0	17840739
100000	8028672	4400000	0	17336410
100000	8211136	4500000	0	17578521
100000	8393600	4600000	0	17120961
100000	8576064	4700000	0	16981471
100000	8758528	4800000	0	17443972
100000	8940976	4900000	0	17029920
100000	912704	500000	0	18166495
100000	9123440	5000000	0	16675543
100000	9305904	5100000	0	17087164
100000	9488368	5200000	0	18057877
100000	9670832	5300000	0	16999353
100000	9853280	5400000	0	17422979
100000	10035744	5500000	0	17143350
100000	10218208	5600000	0	17121515
100000	10400672	5700000	0	17160622
100000	10583136	5800000	0	16585808
100000	10765584	5900000	0	17246515
100000	1095152	600000	0	17074367
100000	10948048	6000000	0	17321095
100000	11130512	6100000	0	16880648
100000	11312976	6200000	0	18254468
100000	11495440	6300000	0	17266636
100000	11677904	6400000	0	17587408
100000	11860352	6500000	0	16492313
100000	12042816	6600000	0	17420534
100000	12225280	6700000	0	17066644
100000	12407744	6800000	0	17075743
100000	12590208	6900000	0	16391189
100000	1277616	700000	0	17424054
100000	12772656	7000000	0	17695919
100000	12955120	7100000	0	17269992
100000	13137584	7200000	0	16758267
100000	13320048	7300000	0	15977162
100000	13502512	7400000	0	17696973
100000	13684976	7500000	0	17381314
100000	13867424	7600000	0	16616557
100000	14049888	7700000	0	16596555
100000	14232352	7800000	0	16882802
100000	14414816	7900000	0	16842780
100000	1460080	800000	0	17088656
100000	14597280	8000000	0	16685026
100000	14779728	8100000	0	17504356
100000	14962192	8200000	0	16981662
100000	15144656	8300000	0	17114627
100000	15327120	8400000	0	16519145
100000	15509584	8500000	0	17403233
100000	15692032	8600000	0	17271817
100000	15874496	8700000	0	16641664
100000	16056960	8800000	0	16631590
100000	16239424	8900000	0	16415108
100000	1642544	900000	0	18831864
100000	16421888	9000000	0	17313733
100000	16604352	9100000	0	16976904
100000	16786800	9200000	0	16446085
100000	16969264	9300000	0	16425085
100000	17151728	9400000	0	16952774
100000	17334192	9500000	0	16785393
100000	17516656	9600000	0	15970799
100000	17699104	9700000	0	16967942
100000	17881568	9800000	0	17059630
100000	18064032	9900000	0	16648567
200000	182848	100000	0	35208266
200000	1825008	1000000	0	35036970
200000	18246496	10000000	0	34667953
200000	2007456	1100000	0	34942714
200000	2189920	1200000	0	34940188
200000	2372384	1300000	0	34967888
200000	2554848	1400000	0	35057183
200000	2737312	1500000	0	35961442
200000	2919776	1600000	0	35070378
200000	3102224	1700000	0	35046754
200000	3284688	1800000	0	35018746
200000	3467152	1900000	0	35006832
200000	365312	200000	0	34847864
200000	3649616	2000000	0	35018220
200000	3832080	2100000	0	36109146
200000	4014528	2200000	0	35954853
200000	4196992	2300000	0	35046785
200000	4379456	2400000	0	34972197
200000	4561920	2500000	0	34941040
200000	4744384	2600000	0	35009507
200000	4926832	2700000	0	35185560
200000	5109296	2800000	0	35321146
200000	5291760	2900000	0	35066702
200000	547776	300000	0	35646388
200000	5474224	3000000	0	35025922
200000	5656688	3100000	0	36056839
200000	5839152	3200000	0	35024338
200000	6021600	3300000	0	37061176
200000	6204064	3400000	0	35003829
200000	6386528	3500000	0	36098639
200000	6568992	3600000	0	35014776
200000	6751456	3700000	0	34962551
200000	6933904	3800000	0	35043931
200000	7116368	3900000	0	34951844
200000	730240	400000	0	36374896
200000	7298832	4000000	0	35125518
200000	7481296	4100000	0	35008767
200000	7663760	4200000	0	35115540
200000	7846208	4300000	0	35024571
200000	8028672	4400000	0	34951604
200000	8211136	4500000	0	35194187
200000	8393600	4600000	0	35056587
200000	8576064	4700000	0	35005611
200000	8758528	4800000	0	36008175
200000	8940976	4900000	0	34926148
200000	912704	500000	0	35584205
200000	9123440	5000000	0	34999469
200000	9305904	5100000	0	36025087
200000	9488368	5200000	0	35746783
200000	9670832	5300000	0	34922614
200000	9853280	5400000	0	35031038
200000	10035744	5500000	0	35166249
200000	10218208	5600000	0	35036247
200000	10400672	5700000	0	34936111
200000	10583136	5800000	0	35015969
200000	10765584	5900000	0	35187872
200000	1095152	600000	0	35294040
200000	10948048	6000000	0	35010708
200000	11130512	6100000	0	35130437
200000	11312976	6200000	0	34975396
200000	11495440	6300000	0	34975526
200000	11677904	6400000	0	35028011
200000	11860352	6500000	0	35988601
200000	12042816	6600000	0	35012219
200000	12225280	6700000	0	35053303
200000	12407744	6800000	0	35216010
200000	12590208	6900000	0	35155056
200000	1277616	700000	0	35274335
200000	12772656	7000000	0	34976198
200000	12955120	7100000	0	35137015
200000	13137584	7200000	0	35009911
200000	13320048	7300000	0	35128617
200000	13502512	7400000	0	34954232
200000	13684976	7500000	0	35003676
200000	13867424	7600000	0	34983445
200000	14049888	7700000	0	34948740
200000	14232352	7800000	0	35027959
200000	14414816	7900000	0	35026142
200000	1460080	800000	0	35222971
200000	14597280	8000000	0	35024860
200000	14779728	8100000	0	35014074
200000	14962192	8200000	0	34981803
200000	15144656	8300000	0	35066882
200000	15327120	8400000	0	35125455
200000	15509584	8500000	0	35067434
200000	15692032	8600000	0	34995097
200000	15874496	8700000	0	35046752
200000	16056960	8800000	0	35069550
200000	16239424	8900000	0	35051804
200000	1642544	900000	0	35369095
200000	16421888	9000000	0	35074203
200000	16604352	9100000	0	36199446
200000	16786800	9200000	0	35032664
200000	16969264	9300000	0	34958475
200000	17151728	9400000	0	34979543
200000	17334192	9500000	0	35001061
200000	17516656	9600000	0	35176147
200000	17699104	9700000	0	35098208
200000	17881568	9800000	0	35049734
200000	18064032	9900000	0	35067673
300000	182848	100000	0	57620204
300000	1825008	1000000	0	55586815
300000	18246496	10000000	0	55864218
300000	2007456	1100000	0	55334363
300000	2189920	1200000	0	56013454
300000	2372384	1300000	0	55590901
300000	2554848	1400000	0	57106208
300000	2737312	1500000	0	56408848
300000	2919776	1600000	0	57467403
300000	3102224	1700000	0	55839690
300000	3284688	1800000	0	55799602
300000	3467152	1900000	0	56821320
300000	365312	200000	0	56212147
300000	3649616	2000000	0	55865629
300000	3832080	2100000	0	55605387
300000	4014528	2200000	0	57387686
300000	4196992	2300000	0	56092604
300000	4379456	2400000	0	55608702
300000	4561920	2500000	0	55355204
300000	4744384	2600000	0	56064249
300000	4926832	2700000	0	56309519
300000	5109296	2800000	0	55558929
300000	5291760	2900000	0	55870883
300000	547776	300000	0	55900379
300000	5474224	3000000	0	56151832
300000	5656688	3100000	0	55410836
300000	5839152	3200000	0	56526692
300000	6021600	3300000	0	57075399
300000	6204064	3400000	0	55640257
300000	6386528	3500000	0	55474478
300000	6568992	3600000	0	56220583
300000	6751456	3700000	0	56809877
300000	6933904	3800000	0	55728318
300000	7116368	3900000	0	55967571
300000	730240	400000	0	56091606
300000	7298832	4000000	0	55989927
300000	7481296	4100000	0	55896388
300000	7663760	4200000	0	55577826
300000	7846208	4300000	0	55909041
300000	8028672	4400000	0	56218700
300000	8211136	4500000	0	55470979
300000	8393600	4600000	0	56168242
300000	8576064	4700000	0	56983494
300000	8758528	4800000	0	55584809
300000	8940976	4900000	0	55269477
300000	912704	500000	0	56023509
300000	9123440	5000000	0	55998622
300000	9305904	5100000	0	55994529
300000	9488368	5200000	0	55462487
300000	9670832	5300000	0	55951305
300000	9853280	5400000	0	56395587
300000	10035744	5500000	0	55735495
300000	10218208	5600000	0	55581148
300000	10400672	5700000	0	55978355
300000	10583136	5800000	0	56205690
300000	10765584	5900000	0	55722358
300000	1095152	600000	0	56646455
300000	10948048	6000000	0	56217061
300000	11130512	6100000	0	55926521
300000	11312976	6200000	0	55639797
300000	11495440	6300000	0	55290570
300000	11677904	6400000	0	56377355
300000	11860352	6500000	0	55662864
300000	12042816	6600000	0	55530424
300000	12225280	6700000	0	57010940
300000	12407744	6800000	0	56133213
300000	12590208	6900000	0	55542246
300000	1277616	700000	0	56648786
300000	12772656	7000000	0	55518039
300000	12955120	7100000	0	55912985
300000	13137584	7200000	0	55581317
300000	13320048	7300000	0	55545009
300000	13502512	7400000	0	56257962
300000	13684976	7500000	0	56707179
300000	13867424	7600000	0	55897944
300000	14049888	7700000	0	55330448
300000	14232352	7800000	0	56175044
300000	14414816	7900000	0	55616266
300000	1460080	800000	0	55947957
300000	14597280	8000000	0	56395670
300000	14779728	8100000	0	57800912
300000	14962192	8200000	0	56472425
300000	15144656	8300000	0	55406138
300000	15327120	8400000	0	57363759
300000	15509584	8500000	0	55868740
300000	15692032	8600000	0	56163445
300000	15874496	8700000	0	55255917
300000	16056960	8800000	0	56454204
300000	16239424	8900000	0	56740506
300000	1642544	900000	0	56612448
300000	16421888	9000000	0	55492977
300000	16604352	9100000	0	56242256
300000	16786800	9200000	0	56793897
300000	16969264	9300000	0	55632780
300000	17151728	9400000	0	55407087
300000	17334192	9500000	0	56851786
300000	17516656	9600000	0	56525644
300000	17699104	9700000	0	55672801
300000	17881568	9800000	0	58222711
300000	18064032	9900000	0	55834160
400000	182848	100000	0	79266508
400000	1825008	1000000	0	78193031
400000	18246496	10000000	0	79025435
400000	2007456	1100000	0	77827362
400000	2189920	1200000	0	79036416
400000	2372384	1300000	0	77640452
400000	2554848	1400000	0	79447432
400000	2737312	1500000	0	78913472
400000	2919776	1600000	0	78952882
400000	3102224	1700000	0	77738436
400000	3284688	1800000	0	79013939
400000	3467152	1900000	0	79432015
400000	365312	200000	0	78813686
400000	3649616	2000000	0	78192403
400000	3832080	2100000	0	77603247
400000	4014528	2200000	0	79609183
400000	4196992	2300000	0	79124561
400000	4379456	2400000	0	78145993
400000	4561920	2500000	0	77751309
400000	4744384	2600000	0	78832761
400000	4926832	2700000	0	77980609
400000	5109296	2800000	0	78151600
400000	5291760	2900000	0	79275817
400000	547776	300000	0	78246088
400000	5474224	3000000	0	78880489
400000	5656688	3100000	0	77730978
400000	5839152	3200000	0	78075980
400000	6021600	3300000	0	79489362
400000	6204064	3400000	0	78075628
400000	6386528	3500000	0	77569756
400000	6568992	3600000	0	79382481
400000	6751456	3700000	0	78283335
400000	6933904	3800000	0	78338083
400000	7116368	3900000	0	79122728
400000	730240	400000	0	79505552
400000	7298832	4000000	0	78796878
400000	7481296	4100000	0	77773839
400000	7663760	4200000	0	78030430
400000	7846208	4300000	0	79188612
400000	8028672	4400000	0	78766679
400000	8211136	4500000	0	77549556
400000	8393600	4600000	0	79633066
400000	8576064	4700000	0	79515428
400000	8758528	4800000	0	78913369
400000	8940976	4900000	0	77654971
400000	912704	500000	0	78955781
400000	9123440	5000000	0	79059676
400000	9305904	5100000	0	78408260
400000	9488368	5200000	0	77736213
400000	9670832	5300000	0	79029336
400000	9853280	5400000	0	79220352
400000	10035744	5500000	0	77694338
400000	10218208	5600000	0	78034820
400000	10400672	5700000	0	78959059
400000	10583136	5800000	0	79831563
400000	10765584	5900000	0	77825674
400000	1095152	600000	0	77713521
400000	10948048	6000000	0	79807628
400000	11130512	6100000	0	78856018
400000	11312976	6200000	0	78071616
400000	11495440	6300000	0	77708111
400000	11677904	6400000	0	78985729
400000	11860352	6500000	0	77957399
400000	12042816	6600000	0	77651934
400000	12225280	6700000	0	79019953
400000	12407744	6800000	0	79440733
400000	12590208	6900000	0	77603333
400000	1277616	700000	0	77920771
400000	12772656	7000000	0	78327574
400000	12955120	7100000	0	79083783
400000	13137584	7200000	0	78222791
400000	13320048	7300000	0	77648846
400000	13502512	7400000	0	79419007
400000	13684976	7500000	0	79793548
400000	13867424	7600000	0	78201986
400000	14049888	7700000	0	77582587
400000	14232352	7800000	0	79025293
400000	14414816	7900000	0	77942554
400000	1460080	800000	0	77621924
400000	14597280	8000000	0	77626291
400000	14779728	8100000	0	78894507
400000	14962192	8200000	0	78840533
400000	15144656	8300000	0	77602459
400000	15327120	8400000	0	77955707
400000	15509584	8500000	0	80948362
400000	15692032	8600000	0	78393071
400000	15874496	8700000	0	77619103
400000	16056960	8800000	0	79402188
400000	16239424	8900000	0	79497507
400000	1642544	900000	0	78177187
400000	16421888	9000000	0	77630296
400000	16604352	9100000	0	79141089
400000	16786800	9200000	0	78794698
400000	16969264	9300000	0	77613480
400000	17151728	9400000	0	77778629
400000	17334192	9500000	0	78884658
400000	17516656	9600000	0	78901464
400000	17699104	9700000	0	77694961
400000	17881568	9800000	0	79387006
400000	18064032	9900000	0	78817818
500000	182848	100000	0	102137252
500000	1825008	1000000	0	99812175
500000	18246496	10000000	0	102157874
500000	2007456	1100000	0	101691428
500000	2189920	1200000	0	100682265
500000	2372384	1300000	0	101298871
500000	2554848	1400000	0	103239635
500000	2737312	1500000	0	101208828
500000	2919776	1600000	0	101233518
500000	3102224	1700000	0	101108488
500000	3284688	1800000	0	102584799
500000	3467152	1900000	0	102554362
500000	365312	200000	0	103145938
500000	3649616	2000000	0	100136956
500000	3832080	2100000	0	101172889
500000	4014528	2200000	0	102591973
500000	4196992	2300000	0	102879025
500000	4379456	2400000	0	101749671
500000	4561920	2500000	0	101776892
500000	4744384	2600000	0	101377482
500000	4926832	2700000	0	103063950
500000	5109296	2800000	0	102446244
500000	5291760	2900000	0	101892920
500000	547776	300000	0	102145390
500000	5474224	3000000	0	100460866
500000	5656688	3100000	0	101001624
500000	5839152	3200000	0	102587149
500000	6021600	3300000	0	102331809
500000	6204064	3400000	0	99863328
500000	6386528	3500000	0	101789069
500000	6568992	3600000	0	100706584
500000	6751456	3700000	0	102502866
500000	6933904	3800000	0	101678999
500000	7116368	3900000	0	101465064
500000	730240	400000	0	101808848
500000	7298832	4000000	0	100943802
500000	7481296	4100000	0	101583491
500000	7663760	4200000	0	102531034
500000	7846208	4300000	0	101274470
500000	8028672	4400000	0	100635523
500000	8211136	4500000	0	101715632
500000	8393600	4600000	0	102760540
500000	8576064	4700000	0	102210610
500000	8758528	4800000	0	99975541
500000	8940976	4900000	0	101946220
500000	912704	500000	0	102466510
500000	9123440	5000000	0	100690380
500000	9305904	5100000	0	101563506
500000	9488368	5200000	0	101728359
500000	9670832	5300000	0	101573725
500000	9853280	5400000	0	100530874
500000	10035744	5500000	0	102142685
500000	10218208	5600000	0	100812458
500000	10400672	5700000	0	102567326
500000	10583136	5800000	0	100665694
500000	10765584	5900000	0	102044225
500000	1095152	600000	0	103409433
500000	10948048	6000000	0	102735031
500000	11130512	6100000	0	100605411
500000	11312976	6200000	0	100271088
500000	11495440	6300000	0	101798762
500000	11677904	6400000	0	100654426
500000	11860352	6500000	0	101643617
500000	12042816	6600000	0	102335900
500000	12225280	6700000	0	101558256
500000	12407744	6800000	0	100489904
500000	12590208	6900000	0	100875854
500000	1277616	700000	0	104333361
500000	12772656	7000000	0	102596708
500000	12955120	7100000	0	102381237
500000	13137584	7200000	0	99915474
500000	13320048	7300000	0	101217937
500000	13502512	7400000	0	100948883
500000	13684976	7500000	0	100779587
500000	13867424	7600000	0	101801577
500000	14049888	7700000	0	101888997
500000	14232352	7800000	0	100773238
500000	14414816	7900000	0	102121944
500000	1460080	800000	0	103611930
500000	14597280	8000000	0	100798569
500000	14779728	8100000	0	101312894
500000	14962192	8200000	0	102536022
500000	15144656	8300000	0	101245355
500000	15327120	8400000	0	101203990
500000	15509584	8500000	0	102301106
500000	15692032	8600000	0	99740035
500000	15874496	8700000	0	101686866
500000	16056960	8800000	0	100650792
500000	16239424	8900000	0	100680114
500000	1642544	900000	0	102356849
500000	16421888	9000000	0	102572331
500000	16604352	9100000	0	101329967
500000	16786800	9200000	0	101100561
500000	16969264	9300000	0	101497210
500000	17151728	9400000	0	100736376
500000	17334192	9500000	0	103105496
500000	17516656	9600000	0	100581170
500000	17699104	9700000	0	101071665
500000	17881568	9800000	0	102397986
500000	18064032	9900000	0	102375587
600000	182848	100000	0	129291515
600000	1825008	1000000	0	125497469
600000	18246496	10000000	0	127129692
600000	2007456	1100000	0	127946581
600000	2189920	1200000	0	127178100
600000	2372384	1300000	0	128141521
600000	2554848	1400000	0	129857188
600000	2737312	1500000	0	127333602
600000	2919776	1600000	0	126565867
600000	3102224	1700000	0	127539194
600000	3284688	1800000	0	128323058
600000	3467152	1900000	0	128986203
600000	365312	200000	0	129196973
600000	3649616	2000000	0	125394777
600000	3832080	2100000	0	127750561
600000	4014528	2200000	0	128548263
600000	4196992	2300000	0	128357050
600000	4379456	2400000	0	127976004
600000	4561920	2500000	0	128189376
600000	4744384	2600000	0	127044376
600000	4926832	2700000	0	128040857
600000	5109296	2800000	0	129011330
600000	5291760	2900000	0	128057332
600000	547776	300000	0	127337565
600000	5474224	3000000	0	127014997
600000	5656688	3100000	0	127415183
600000	5839152	3200000	0	129090773
600000	6021600	3300000	0	128926716
600000	6204064	3400000	0	125911277
600000	6386528	3500000	0	128012998
600000	6568992	3600000	0	126886811
600000	6751456	3700000	0	128199380
600000	6933904	3800000	0	127801649
600000	7116368	3900000	0	127251054
600000	730240	400000	0	127852857
600000	7298832	4000000	0	127583562
600000	7481296	4100000	0	129047802
600000	7663760	4200000	0	129136296
600000	7846208	4300000	0	127196429
600000	8028672	4400000	0	126520932
600000	8211136	4500000	0	127581149
600000	8393600	4600000	0	128023651
600000	8576064	4700000	0	128963285
600000	8758528	4800000	0	125831614
600000	8940976	4900000	0	128126159
600000	912704	500000	0	129136131
600000	9123440	5000000	0	127122746
600000	9305904	5100000	0	127849226
600000	9488368	5200000	0	127675432
600000	9670832	5300000	0	127156210
600000	9853280	5400000	0	126734986
600000	10035744	5500000	0	127691769
600000	10218208	5600000	0	127140268
600000	10400672	5700000	0	128821875
600000	10583136	5800000	0	126585654
600000	10765584	5900000	0	127814136
600000	1095152	600000	0	129381603
600000	10948048	6000000	0	128065020
600000	11130512	6100000	0	127126075
600000	11312976	6200000	0	125506655
600000	11495440	6300000	0	128031004
600000	11677904	6400000	0	127043356
600000	11860352	6500000	0	128161615
600000	12042816	6600000	0	128121505
600000	12225280	6700000	0	127431917
600000	12407744	6800000	0	126952450
600000	12590208	6900000	0	127655973
600000	1277616	700000	0	131179044
600000	12772656	7000000	0	127256102
600000	12955120	7100000	0	128732491
600000	13137584	7200000	0	125595083
600000	13320048	7300000	0	128418963
600000	13502512	7400000	0	126979221
600000	13684976	7500000	0	126901690
600000	13867424	7600000	0	128720747
600000	14049888	7700000	0	128106317
600000	14232352	7800000	0	128531201
600000	14414816	7900000	0	127908637
600000	1460080	800000	0	129337830
600000	14597280	8000000	0	127499938
600000	14779728	8100000	0	127481951
600000	14962192	8200000	0	126707736
600000	15144656	8300000	0	127725879
600000	15327120	8400000	0	127006387
600000	15509584	8500000	0	130330342
600000	15692032	8600000	0	125635325
600000	15874496	8700000	0	128126730
600000	16056960	8800000	0	127697014
600000	16239424	8900000	0	127043559
600000	1642544	900000	0	128068368
600000	16421888	9000000	0	127817749
600000	16604352	9100000	0	127300937
600000	16786800	9200000	0	127228647
600000	16969264	9300000	0	127902948
600000	17151728	9400000	0	127525854
600000	17334192	9500000	0	128784427
600000	17516656	9600000	0	126877913
600000	17699104	9700000	0	127704034
600000	17881568	9800000	0	128554072
600000	18064032	9900000	0	128820193
700000	182848	100000	0	150763954
700000	1825008	1000000	0	150886917
700000	18246496	10000000	0	150019320
700000	2007456	1100000	0	149805141
700000	2189920	1200000	0	149881526
700000	2372384	1300000	0	151521334
700000	2554848	1400000	0	152064550
700000	2737312	1500000	0	148684044
700000	2919776	1600000	0	150660565
700000	3102224	1700000	0	151094606
700000	3284688	1800000	0	151020089
700000	3467152	1900000	0	151804935
700000	365312	200000	0	149557499
700000	3649616	2000000	0	152164670
700000	3832080	2100000	0	150954166
700000	4014528	2200000	0	150991671
700000	4196992	2300000	0	151361256
700000	4379456	2400000	0	150530731
700000	4561920	2500000	0	148906414
700000	4744384	2600000	0	149951450
700000	4926832	2700000	0	151537677
700000	5109296	2800000	0	151802249
700000	5291760	2900000	0	152283366
700000	547776	300000	0	151155605
700000	5474224	3000000	0	149314744
700000	5656688	3100000	0	151104804
700000	5839152	3200000	0	150863544
700000	6021600	3300000	0	151621179
700000	6204064	3400000	0	152603026
700000	6386528	3500000	0	151109332
700000	6568992	3600000	0	149791161
700000	6751456	3700000	0	151518639
700000	6933904	3800000	0	150584581
700000	7116368	3900000	0	148960490
700000	730240	400000	0	151901399
700000	7298832	4000000	0	149625417
700000	7481296	4100000	0	151546688
700000	7663760	4200000	0	151992731
700000	7846208	4300000	0	152277394
700000	8028672	4400000	0	150361367
700000	8211136	4500000	0	151415762
700000	8393600	4600000	0	150821322
700000	8576064	4700000	0	151559977
700000	8758528	4800000	0	150501920
700000	8940976	4900000	0	151219183
700000	912704	500000	0	149436706
700000	9123440	5000000	0	149967794
700000	9305904	5100000	0	151334391
700000	9488368	5200000	0	150706064
700000	9670832	5300000	0	148965692
700000	9853280	5400000	0	149367586
700000	10035744	5500000	0	151006481
700000	10218208	5600000	0	152227377
700000	10400672	5700000	0	151838818
700000	10583136	5800000	0	149453957
700000	10765584	5900000	0	151115056
700000	1095152	600000	0	149267167
700000	10948048	6000000	0	150889746
700000	11130512	6100000	0	151486918
700000	11312976	6200000	0	150407544
700000	11495440	6300000	0	151993425
700000	11677904	6400000	0	150024278
700000	11860352	6500000	0	151565209
700000	12042816	6600000	0	152356920
700000	12225280	6700000	0	148914230
700000	12407744	6800000	0	150856688
700000	12590208	6900000	0	151115258
700000	1277616	700000	0	152875650
700000	12772656	7000000	0	151042322
700000	12955120	7100000	0	151620835
700000	13137584	7200000	0	148520674
700000	13320048	7300000	0	151093199
700000	13502512	7400000	0	150430561
700000	13684976	7500000	0	151454467
700000	13867424	7600000	0	150418345
700000	14049888	7700000	0	151052969
700000	14232352	7800000	0	149903068
700000	14414816	7900000	0	151418856
700000	1460080	800000	0	151161956
700000	14597280	8000000	0	153711811
700000	14779728	8100000	0	152639264
700000	14962192	8200000	0	149485900
700000	15144656	8300000	0	151079376
700000	15327120	8400000	0	150831269
700000	15509584	8500000	0	151314256
700000	15692032	8600000	0	148283053
700000	15874496	8700000	0	151200053
700000	16056960	8800000	0	150034016
700000	16239424	8900000	0	152191339
700000	1642544	900000	0	151727027
700000	16421888	9000000	0	151295331
700000	16604352	9100000	0	151019057
700000	16786800	9200000	0	149948206
700000	16969264	9300000	0	152042989
700000	17151728	9400000	0	152072478
700000	17334192	9500000	0	152171995
700000	17516656	9600000	0	149336756
700000	17699104	9700000	0	151140264
700000	17881568	9800000	0	151030458
700000	18064032	9900000	0	151404677
800000	182848	100000	0	176293916
800000	1825008	1000000	0	175961293
800000	18246496	10000000	0	175329814
800000	2007456	1100000	0	175159163
800000	2189920	1200000	0	175643531
800000	2372384	1300000	0	176712166
800000	2554848	1400000	0	178484415
800000	2737312	1500000	0	174082437
800000	2919776	1600000	0	176121702
800000	3102224	1700000	0	176233219
800000	3284688	1800000	0	176039057
800000	3467152	1900000	0	178294950
800000	365312	200000	0	175762142
800000	3649616	2000000	0	178110960
800000	3832080	2100000	0	176456086
800000	4014528	2200000	0	176046297
800000	4196992	2300000	0	177470342
800000	4379456	2400000	0	175768545
800000	4561920	2500000	0	174049830
800000	4744384	2600000	0	176198561
800000	4926832	2700000	0	176947515
800000	5109296	2800000	0	177038256
800000	5291760	2900000	0	178338538
800000	547776	300000	0	176917438
800000	5474224	3000000	0	175375758
800000	5656688	3100000	0	177269645
800000	5839152	3200000	0	176050218
800000	6021600	3300000	0	177211211
800000	6204064	3400000	0	178105402
800000	6386528	3500000	0	176663711
800000	6568992	3600000	0	175676054
800000	6751456	3700000	0	176779788
800000	6933904	3800000	0	176006914
800000	7116368	3900000	0	173853695
800000	730240	400000	0	179160831
800000	7298832	4000000	0	176113096
800000	7481296	4100000	0	176867798
800000	7663760	4200000	0	176910734
800000	7846208	4300000	0	177516648
800000	8028672	4400000	0	174186200
800000	8211136	4500000	0	176206929
800000	8393600	4600000	0	176358040
800000	8576064	4700000	0	176610558
800000	8758528	4800000	0	176075313
800000	8940976	4900000	0	176496208
800000	912704	500000	0	175290902
800000	9123440	5000000	0	175985523
800000	9305904	5100000	0	176679883
800000	9488368	5200000	0	177296271
800000	9670832	5300000	0	174080062
800000	9853280	5400000	0	174443555
800000	10035744	5500000	0	176340255
800000	10218208	5600000	0	178403370
800000	10400672	5700000	0	177362279
800000	10583136	5800000	0	174437497
800000	10765584	5900000	0	177930950
800000	1095152	600000	0	174905491
800000	10948048	6000000	0	176285665
800000	11130512	6100000	0	176961230
800000	11312976	6200000	0	175747558
800000	11495440	6300000	0	176414871
800000	11677904	6400000	0	175806178
800000	11860352	6500000	0	178386222
800000	12042816	6600000	0	176968629
800000	12225280	6700000	0	173873931
800000	12407744	6800000	0	174388214
800000	12590208	6900000	0	176846274
800000	1277616	700000	0	178349853
800000	12772656	7000000	0	177740153
800000	12955120	7100000	0	177290790
800000	13137584	7200000	0	175729521
800000	13320048	7300000	0	176812264
800000	13502512	7400000	0	176035717
800000	13684976	7500000	0	176992505
800000	13867424	7600000	0	176273200
800000	14049888	7700000	0	176495536
800000	14232352	7800000	0	175641678
800000	14414816	7900000	0	176785475
800000	1460080	800000	0	177221966
800000	14597280	8000000	0	176984351
800000	14779728	8100000	0	178748822
800000	14962192	8200000	0	174293938
800000	15144656	8300000	0	176700490
800000	15327120	8400000	0	176176051
800000	15509584	8500000	0	176767070
800000	15692032	8600000	0	174357696
800000	15874496	8700000	0	176560073
800000	16056960	8800000	0	176027796
800000	16239424	8900000	0	176873835
800000	1642544	900000	0	178678880
800000	16421888	9000000	0	177145316
800000	16604352	9100000	0	177425437
800000	16786800	9200000	0	175951416
800000	16969264	9300000	0	176923975
800000	17151728	9400000	0	177232546
800000	17334192	9500000	0	177646935
800000	17516656	9600000	0	174449345
800000	17699104	9700000	0	177154848
800000	17881568	9800000	0	176251635
800000	18064032	9900000	0	176750681
900000	182848	100000	0	202694229
900000	1825008	1000000	0	200071644
900000	18246496	10000000	0	199799926
900000	2007456	1100000	0	199533364
900000	2189920	1200000	0	200533397
900000	2372384	1300000	0	200679803
900000	2554848	1400000	0	201466473
900000	2737312	1500000	0	197859142
900000	2919776	1600000	0	199381102
900000	3102224	1700000	0	199866413
900000	3284688	1800000	0	200137920
900000	3467152	1900000	0	201493755
900000	365312	200000	0	201309147
900000	3649616	2000000	0	203812272
900000	3832080	2100000	0	200565619
900000	4014528	2200000	0	200309379
900000	4196992	2300000	0	200890862
900000	4379456	2400000	0	200118317
900000	4561920	2500000	0	198333642
900000	4744384	2600000	0	200915718
900000	4926832	2700000	0	200702929
900000	5109296	2800000	0	201479288
900000	5291760	2900000	0	201738218
900000	547776	300000	0	202816968
900000	5474224	3000000	0	200011097
900000	5656688	3100000	0	200504025
900000	5839152	3200000	0	200152600
900000	6021600	3300000	0	200721346
900000	6204064	3400000	0	202778102
900000	6386528	3500000	0	200377899
900000	6568992	3600000	0	201720095
900000	6751456	3700000	0	201200021
900000	6933904	3800000	0	200439573
900000	7116368	3900000	0	198596272
900000	730240	400000	0	202141302
900000	7298832	4000000	0	200485447
900000	7481296	4100000	0	200442918
900000	7663760	4200000	0	201819432
900000	7846208	4300000	0	201642890
900000	8028672	4400000	0	202316031
900000	8211136	4500000	0	199884141
900000	8393600	4600000	0	200096825
900000	8576064	4700000	0	201052558
900000	8758528	4800000	0	200223932
900000	8940976	4900000	0	200278384
900000	912704	500000	0	201181207
900000	9123440	5000000	0	200611587
900000	9305904	5100000	0	202069528
900000	9488368	5200000	0	200063923
900000	9670832	5300000	0	198318622
900000	9853280	5400000	0	198286906
900000	10035744	5500000	0	200142235
900000	10218208	5600000	0	201787546
900000	10400672	5700000	0	201531207
900000	10583136	5800000	0	202578686
900000	10765584	5900000	0	200215288
900000	1095152	600000	0	199060046
900000	10948048	6000000	0	200275173
900000	11130512	6100000	0	201081456
900000	11312976	6200000	0	200571917
900000	11495440	6300000	0	200406555
900000	11677904	6400000	0	200773364
900000	11860352	6500000	0	200529002
900000	12042816	6600000	0	202190411
900000	12225280	6700000	0	198528947
900000	12407744	6800000	0	198032835
900000	12590208	6900000	0	201018189
900000	1277616	700000	0	200026104
900000	12772656	7000000	0	200160308
900000	12955120	7100000	0	201813156
900000	13137584	7200000	0	202419584
900000	13320048	7300000	0	200036401
900000	13502512	7400000	0	200425217
900000	13684976	7500000	0	201003728
900000	13867424	7600000	0	200083068
900000	14049888	7700000	0	200324906
900000	14232352	7800000	0	200673750
900000	14414816	7900000	0	200942081
900000	1460080	800000	0	201106522
900000	14597280	8000000	0	201760056
900000	14779728	8100000	0	201660801
900000	14962192	8200000	0	198358225
900000	15144656	8300000	0	200149658
900000	15327120	8400000	0	200000952
900000	15509584	8500000	0	201441788
900000	15692032	8600000	0	197108124
900000	15874496	8700000	0	200597782
900000	16056960	8800000	0	200535279
900000	16239424	8900000	0	200789936
900000	1642544	900000	0	202664799
900000	16421888	9000000	0	200058026
900000	16604352	9100000	0	200663829
900000	16786800	9200000	0	200741573
900000	16969264	9300000	0	200740486
900000	17151728	9400000	0	201530725
900000	17334192	9500000	0	201593173
900000	17516656	9600000	0	198382870
900000	17699104	9700000	0	200193643
900000	17881568	9800000	0	200487150
900000	18064032	9900000	0	200833781
