1000000	182848	100000	2451642	4879871078
1000000	1825008	1000000	224392	1668223553
1000000	18246496	10000000	200002	1994808235
1000000	2007456	1100000	217718	1677906893
1000000	2189920	1200000	213418	1688868812
1000000	2372384	1300000	209780	1700039861
1000000	2554848	1400000	207776	1713360183
1000000	2737312	1500000	205848	1724419998
1000000	2919776	1600000	204410	1735261995
1000000	3102224	1700000	203598	1744919027
1000000	3284688	1800000	202982	1753315456
1000000	3467152	1900000	202474	1763245239
1000000	365312	200000	1171004	2639867814
1000000	3649616	2000000	201862	1773837978
1000000	3832080	2100000	201606	1784833026
1000000	4014528	2200000	201264	1791009082
1000000	4196992	2300000	201088	1798748165
1000000	4379456	2400000	200894	1806765994
1000000	4561920	2500000	200818	1816419783
1000000	4744384	2600000	200604	1823471530
1000000	4926832	2700000	200520	1828772227
1000000	5109296	2800000	200446	1834891685
1000000	5291760	2900000	200404	1844796748
1000000	547776	300000	699524	2158614338
1000000	5474224	3000000	200340	1846560393
1000000	5656688	3100000	200302	1853986780
1000000	5839152	3200000	200294	1857771798
1000000	6021600	3300000	200240	1862426875
1000000	6204064	3400000	200204	1868333109
1000000	6386528	3500000	200202	1873796073
1000000	6568992	3600000	200146	1878477159
1000000	6751456	3700000	200144	1880361722
1000000	6933904	3800000	200120	1886598946
1000000	7116368	3900000	200086	1890559349
1000000	730240	400000	488312	1949459617
1000000	7298832	4000000	200106	1894439339
1000000	7481296	4100000	200130	1897803369
1000000	7663760	4200000	200070	1901427251
1000000	7846208	4300000	200058	1904695171
1000000	8028672	4400000	200060	1907961523
1000000	8211136	4500000	200062	1911273712
1000000	8393600	4600000	200054	1913157063
1000000	8576064	4700000	200034	1919020624
1000000	8758528	4800000	200046	1920078857
1000000	8940976	4900000	200040	1923371719
1000000	912704	500000	376002	1843868981
1000000	9123440	5000000	200032	1925676653
1000000	9305904	5100000	200030	1927647251
1000000	9488368	5200000	200034	1930358296
1000000	9670832	5300000	200024	1935572570
1000000	9853280	5400000	200026	1935112061
1000000	10035744	5500000	200030	1939041804
1000000	10218208	5600000	200022	1939748598
1000000	10400672	5700000	200020	1943034039
1000000	10583136	5800000	200008	1944213525
1000000	10765584	5900000	200016	1946058483
1000000	1095152	600000	312072	1789499413
1000000	10948048	6000000	200008	1947798071
1000000	11130512	6100000	200018	1949999047
1000000	11312976	6200000	200016	1952107501
1000000	11495440	6300000	200010	1955465508
1000000	11677904	6400000	200014	1958141083
1000000	11860352	6500000	200008	1956385012
1000000	12042816	6600000	200018	1957864634
1000000	12225280	6700000	200004	1959834663
1000000	12407744	6800000	200008	1963190630
1000000	12590208	6900000	200008	1961763574
1000000	1277616	700000	274136	1761419101
1000000	12772656	7000000	200004	1966029001
1000000	12955120	7100000	200004	1965910090
1000000	13137584	7200000	200006	1968472610
1000000	13320048	7300000	200002	1969942138
1000000	13502512	7400000	200008	1971335668
1000000	13684976	7500000	200004	1972552934
1000000	13867424	7600000	200008	1972649541
1000000	14049888	7700000	200004	1973686986
1000000	14232352	7800000	200004	1977325393
1000000	14414816	7900000	200002	1976639651
1000000	1460080	800000	249410	1752225475
1000000	14597280	8000000	200002	1978721889
1000000	14779728	8100000	200004	1977408137
1000000	14962192	8200000	200006	1979688370
1000000	15144656	8300000	200004	1981369354
1000000	15327120	8400000	200002	1982407161
1000000	15509584	8500000	200004	1983106996
1000000	15692032	8600000	200002	1986118747
1000000	15874496	8700000	200004	1983764165
1000000	16056960	8800000	200000	1987060181
1000000	16239424	8900000	200004	1985001312
1000000	1642544	900000	234670	1751560875
1000000	16421888	9000000	200004	1987578600
1000000	16604352	9100000	200002	1986930285
1000000	16786800	9200000	200000	1989916507
1000000	16969264	9300000	200000	1990635689
1000000	17151728	9400000	200000	1989528722
1000000	17334192	9500000	200000	1989048140
1000000	17516656	9600000	200002	1993388573
1000000	17699104	9700000	200000	1993410637
1000000	17881568	9800000	200002	1993836580
1000000	18064032	9900000	200000	1994676315
100000	182848	100000	22480	406376469
100000	1825008	1000000	20000	154375599
100000	18246496	10000000	20000	195603891
100000	2007456	1100000	20000	157519482
100000	2189920	1200000	20000	158083564
100000	2372384	1300000	20000	160818160
100000	2554848	1400000	20000	161312954
100000	2737312	1500000	20000	162915165
100000	2919776	1600000	20000	165964836
100000	3102224	1700000	20000	165273809
100000	3284688	1800000	20000	167672176
100000	3467152	1900000	20000	169516280
100000	365312	200000	20210	144700621
100000	3649616	2000000	20000	169324936
100000	3832080	2100000	20000	170554889
100000	4014528	2200000	20000	173087326
100000	4196992	2300000	20000	172419925
100000	4379456	2400000	20000	175295298
100000	4561920	2500000	20000	175635928
100000	4744384	2600000	20000	176397513
100000	4926832	2700000	20000	177101743
100000	5109296	2800000	20000	179127573
100000	5291760	2900000	20000	177542000
100000	547776	300000	20040	141967543
100000	5474224	3000000	20000	178193211
100000	5656688	3100000	20000	179136441
100000	5839152	3200000	20000	180656150
100000	6021600	3300000	20000	180434589
100000	6204064	3400000	20000	180656216
100000	6386528	3500000	20000	180972740
100000	6568992	3600000	20000	181866302
100000	6751456	3700000	20000	182186971
100000	6933904	3800000	20000	183915668
100000	7116368	3900000	20000	184054956
100000	730240	400000	20008	144163569
100000	7298832	4000000	20000	183645449
100000	7481296	4100000	20000	184016767
100000	7663760	4200000	20000	184889969
100000	7846208	4300000	20000	185912400
100000	8028672	4400000	20000	185398038
100000	8211136	4500000	20000	186536153
100000	8393600	4600000	20000	186053819
100000	8576064	4700000	20000	188223046
100000	8758528	4800000	20000	186900799
100000	8940976	4900000	20000	188012241
100000	912704	500000	20004	144270032
100000	9123440	5000000	20000	187547690
100000	9305904	5100000	20000	187736659
100000	9488368	5200000	20000	188942463
100000	9670832	5300000	20000	188782261
100000	9853280	5400000	20000	188860767
100000	10035744	5500000	20000	188897958
100000	10218208	5600000	20000	188876810
100000	10400672	5700000	20000	189245054
100000	10583136	5800000	20000	189581354
100000	10765584	5900000	20000	213585479
100000	1095152	600000	20002	146257664
100000	10948048	6000000	20000	189761233
100000	11130512	6100000	20000	190213551
100000	11312976	6200000	20000	190650522
100000	11495440	6300000	20000	190456822
100000	11677904	6400000	20000	192613679
100000	11860352	6500000	20000	193031616
100000	12042816	6600000	20000	194526668
100000	12225280	6700000	20000	191774551
100000	12407744	6800000	20000	191861708
100000	12590208	6900000	20000	192095329
100000	1277616	700000	20002	148417610
100000	12772656	7000000	20000	192081817
100000	12955120	7100000	20000	191998730
100000	13137584	7200000	20000	192147784
100000	13320048	7300000	20000	192628254
100000	13502512	7400000	20000	192751294
100000	13684976	7500000	20000	192689450
100000	13867424	7600000	20000	193048825
100000	14049888	7700000	20000	193354624
100000	14232352	7800000	20000	193414816
100000	14414816	7900000	20000	193221213
100000	1460080	800000	20000	151855625
100000	14597280	8000000	20000	193256767
100000	14779728	8100000	20000	193821296
100000	14962192	8200000	20000	193817309
100000	15144656	8300000	20000	193764053
100000	15327120	8400000	20000	194049201
100000	15509584	8500000	20000	194165056
100000	15692032	8600000	20000	194372465
100000	15874496	8700000	20000	194473791
100000	16056960	8800000	20000	194452609
100000	16239424	8900000	20000	194450392
100000	1642544	900000	20000	152602927
100000	16421888	9000000	20000	194693745
100000	16604352	9100000	20000	194833589
100000	16786800	9200000	20000	194855181
100000	16969264	9300000	20000	196308695
100000	17151728	9400000	20000	195130208
100000	17334192	9500000	20000	195058551
100000	17516656	9600000	20000	195319287
100000	17699104	9700000	20000	195247003
100000	17881568	9800000	20000	195062348
100000	18064032	9900000	20000	195305557
200000	182848	100000	75150	332199487
200000	1825008	1000000	40008	314339351
200000	18246496	10000000	40000	394041022
200000	2007456	1100000	40004	318067341
200000	2189920	1200000	40002	322193744
200000	2372384	1300000	40004	326880539
200000	2554848	1400000	40000	327343280
200000	2737312	1500000	40000	330719183
200000	2919776	1600000	40000	333496547
200000	3102224	1700000	40004	335862475
200000	3284688	1800000	40000	339664063
200000	3467152	1900000	40002	340465469
200000	365312	200000	44994	296996899
200000	3649616	2000000	40000	343036062
200000	3832080	2100000	40000	345469380
200000	4014528	2200000	40000	348016894
200000	4196992	2300000	40000	349163897
200000	4379456	2400000	40000	351536722
200000	4561920	2500000	40000	352982701
200000	4744384	2600000	40000	356558770
200000	4926832	2700000	40000	357473924
200000	5109296	2800000	40000	358088494
200000	5291760	2900000	40000	358925667
200000	547776	300000	41068	291885469
200000	5474224	3000000	40000	360710755
200000	5656688	3100000	40000	361769247
200000	5839152	3200000	40000	364816055
200000	6021600	3300000	40000	365466170
200000	6204064	3400000	40000	365557075
200000	6386528	3500000	40000	367441061
200000	6568992	3600000	40000	367620638
200000	6751456	3700000	40000	368516192
200000	6933904	3800000	40000	369147306
200000	7116368	3900000	40000	370395395
200000	730240	400000	40366	292654914
200000	7298832	4000000	40000	371053595
200000	7481296	4100000	40000	372026925
200000	7663760	4200000	40000	375731229
200000	7846208	4300000	40000	373709368
200000	8028672	4400000	40000	374509565
200000	8211136	4500000	40000	375220326
200000	8393600	4600000	40000	376019922
200000	8576064	4700000	40000	376914531
200000	8758528	4800000	40000	378492628
200000	8940976	4900000	40000	377813030
200000	912704	500000	40130	296364464
200000	9123440	5000000	40000	378661203
200000	9305904	5100000	40000	379205293
200000	9488368	5200000	40000	379360275
200000	9670832	5300000	40000	380675835
200000	9853280	5400000	40000	380492033
200000	10035744	5500000	40000	381162596
200000	10218208	5600000	40000	381827107
200000	10400672	5700000	40000	382057805
200000	10583136	5800000	40000	382526355
200000	10765584	5900000	40000	382998211
200000	1095152	600000	40058	298956802
200000	10948048	6000000	40000	383167501
200000	11130512	6100000	40000	383827255
200000	11312976	6200000	40000	384292282
200000	11495440	6300000	40000	384654243
200000	11677904	6400000	40000	384790218
200000	11860352	6500000	40000	385354867
200000	12042816	6600000	40000	387563397
200000	12225280	6700000	40000	386216713
200000	12407744	6800000	40000	386309603
200000	12590208	6900000	40000	387012759
200000	1277616	700000	40020	302432436
200000	12772656	7000000	40000	387241036
200000	12955120	7100000	40000	387395811
200000	13137584	7200000	40000	388013120
200000	13320048	7300000	40000	387849571
200000	13502512	7400000	40000	388364465
200000	13684976	7500000	40000	389049320
200000	13867424	7600000	40000	389361176
200000	14049888	7700000	40000	389346878
200000	14232352	7800000	40000	389368235
200000	14414816	7900000	40000	389633629
200000	1460080	800000	40022	306507597
200000	14597280	8000000	40000	389813615
200000	14779728	8100000	40000	391248384
200000	14962192	8200000	40000	390607861
200000	15144656	8300000	40000	390940163
200000	15327120	8400000	40000	391032172
200000	15509584	8500000	40000	391266503
200000	15692032	8600000	40000	390917197
200000	15874496	8700000	40000	391340942
200000	16056960	8800000	40000	391803314
200000	16239424	8900000	40000	392065369
200000	1642544	900000	40008	311379151
200000	16421888	9000000	40000	392370579
200000	16604352	9100000	40000	393987526
200000	16786800	9200000	40000	392398550
200000	16969264	9300000	40000	393227662
200000	17151728	9400000	40000	393494282
200000	17334192	9500000	40000	393611865
200000	17516656	9600000	40000	393612200
200000	17699104	9700000	40000	393449804
200000	17881568	9800000	40000	393622169
200000	18064032	9900000	40000	393778874
300000	182848	100000	183336	579610339
300000	1825008	1000000	60048	476488411
300000	18246496	10000000	60000	593608149
300000	2007456	1100000	60052	481863849
300000	2189920	1200000	60024	487145909
300000	2372384	1300000	60004	493340402
300000	2554848	1400000	60012	495875028
300000	2737312	1500000	60004	501459865
300000	2919776	1600000	60012	504784677
300000	3102224	1700000	60004	508333366
300000	3284688	1800000	60008	511881671
300000	3467152	1900000	60002	515720696
300000	365312	200000	85184	470491638
300000	3649616	2000000	60000	519637675
300000	3832080	2100000	60002	521812845
300000	4014528	2200000	60000	524854423
300000	4196992	2300000	60000	527468176
300000	4379456	2400000	60004	530123279
300000	4561920	2500000	60002	532960196
300000	4744384	2600000	60000	536424415
300000	4926832	2700000	60000	538996671
300000	5109296	2800000	60000	540905425
300000	5291760	2900000	60000	542062887
300000	547776	300000	67454	450967048
300000	5474224	3000000	60000	544143133
300000	5656688	3100000	60000	545998948
300000	5839152	3200000	60000	547367643
300000	6021600	3300000	60000	549479856
300000	6204064	3400000	60000	551254717
300000	6386528	3500000	60000	552699983
300000	6568992	3600000	60002	554320089
300000	6751456	3700000	60000	555944598
300000	6933904	3800000	60002	556803527
300000	7116368	3900000	60000	558241120
300000	730240	400000	62684	447694932
300000	7298832	4000000	60000	561562503
300000	7481296	4100000	60000	561497826
300000	7663760	4200000	60000	564247771
300000	7846208	4300000	60000	563476636
300000	8028672	4400000	60000	564345580
300000	8211136	4500000	60000	565921950
300000	8393600	4600000	60000	569026373
300000	8576064	4700000	60000	570099440
300000	8758528	4800000	60000	568695295
300000	8940976	4900000	60000	569553853
300000	912704	500000	61188	451653291
300000	9123440	5000000	60000	569964530
300000	9305904	5100000	60000	571220065
300000	9488368	5200000	60000	572231983
300000	9670832	5300000	60000	573229285
300000	9853280	5400000	60000	573714813
300000	10035744	5500000	60000	574429550
300000	10218208	5600000	60000	577213887
300000	10400672	5700000	60000	576105811
300000	10583136	5800000	60000	576823337
300000	10765584	5900000	60000	577884508
300000	1095152	600000	60564	454938761
300000	10948048	6000000	60000	577868851
300000	11130512	6100000	60000	578218266
300000	11312976	6200000	60000	579242711
300000	11495440	6300000	60000	579735914
300000	11677904	6400000	60000	580286786
300000	11860352	6500000	60000	580546509
300000	12042816	6600000	60000	583490385
300000	12225280	6700000	60000	583394678
300000	12407744	6800000	60000	582856550
300000	12590208	6900000	60000	583286022
300000	1277616	700000	60330	461343201
300000	12772656	7000000	60000	583431001
300000	12955120	7100000	60000	584011499
300000	13137584	7200000	60000	585940978
300000	13320048	7300000	60000	585331034
300000	13502512	7400000	60000	585375446
300000	13684976	7500000	60000	585091276
300000	13867424	7600000	60000	586907959
300000	14049888	7700000	60000	586644051
300000	14232352	7800000	60000	586563351
300000	14414816	7900000	60000	587022340
300000	1460080	800000	60172	466237197
300000	14597280	8000000	60000	587793425
300000	14779728	8100000	60000	588726014
300000	14962192	8200000	60000	588935477
300000	15144656	8300000	60000	588451934
300000	15327120	8400000	60000	589068521
300000	15509584	8500000	60000	589204555
300000	15692032	8600000	60000	590151781
300000	15874496	8700000	60000	589792302
300000	16056960	8800000	60000	592081977
300000	16239424	8900000	60000	592208764
300000	1642544	900000	60102	471559917
300000	16421888	9000000	60000	591226771
300000	16604352	9100000	60000	592305185
300000	16786800	9200000	60000	592371489
300000	16969264	9300000	60000	591879924
300000	17151728	9400000	60000	591774511
300000	17334192	9500000	60000	592405200
300000	17516656	9600000	60000	591877012
300000	17699104	9700000	60000	593184065
300000	17881568	9800000	60000	593701051
300000	18064032	9900000	60000	593236224
400000	182848	100000	353680	881554669
400000	1825008	1000000	80294	641050445
400000	18246496	10000000	80000	792797677
400000	2007456	1100000	80226	649004498
400000	2189920	1200000	80130	654402703
400000	2372384	1300000	80108	661448744
400000	2554848	1400000	80062	665587014
400000	2737312	1500000	80042	671667869
400000	2919776	1600000	80040	676280322
400000	3102224	1700000	80026	681639479
400000	3284688	1800000	80032	688572275
400000	3467152	1900000	80024	690992080
400000	365312	200000	150658	670455098
400000	3649616	2000000	80018	695591987
400000	3832080	2100000	80004	698584905
400000	4014528	2200000	80006	704542305
400000	4196992	2300000	80004	706386215
400000	4379456	2400000	80008	710123811
400000	4561920	2500000	80006	713524877
400000	4744384	2600000	80000	718686776
400000	4926832	2700000	80000	721084416
400000	5109296	2800000	80004	721753786
400000	5291760	2900000	80002	726453894
400000	547776	300000	104208	623968319
400000	5474224	3000000	80002	727297546
400000	5656688	3100000	80000	729787507
400000	5839152	3200000	80000	732339305
400000	6021600	3300000	80002	734420832
400000	6204064	3400000	80002	737763606
400000	6386528	3500000	80000	740420185
400000	6568992	3600000	80000	740721255
400000	6751456	3700000	80000	742961938
400000	6933904	3800000	80000	745627821
400000	7116368	3900000	80000	746436723
400000	730240	400000	89848	609549622
400000	7298832	4000000	80000	747886694
400000	7481296	4100000	80000	749963628
400000	7663760	4200000	80000	751443061
400000	7846208	4300000	80000	752947874
400000	8028672	4400000	80000	756118239
400000	8211136	4500000	80002	757150812
400000	8393600	4600000	80000	757288549
400000	8576064	4700000	80000	760094820
400000	8758528	4800000	80000	759425600
400000	8940976	4900000	80000	762047327
400000	912704	500000	84516	609333500
400000	9123440	5000000	80000	761905548
400000	9305904	5100000	80000	763390425
400000	9488368	5200000	80000	764299522
400000	9670832	5300000	80000	766164615
400000	9853280	5400000	80000	765330589
400000	10035744	5500000	80000	769036525
400000	10218208	5600000	80000	768063827
400000	10400672	5700000	80000	769638505
400000	10583136	5800000	80000	770498160
400000	10765584	5900000	80000	771110830
400000	1095152	600000	82342	614775124
400000	10948048	6000000	80000	772416157
400000	11130512	6100000	80000	772759951
400000	11312976	6200000	80000	773760840
400000	11495440	6300000	80000	774370357
400000	11677904	6400000	80000	775487146
400000	11860352	6500000	80000	775142116
400000	12042816	6600000	80000	777841453
400000	12225280	6700000	80000	777074448
400000	12407744	6800000	80000	778938271
400000	12590208	6900000	80000	778675102
400000	1277616	700000	81240	619786819
400000	12772656	7000000	80000	779538654
400000	12955120	7100000	80000	780500742
400000	13137584	7200000	80000	781264470
400000	13320048	7300000	80000	781205043
400000	13502512	7400000	80000	782116525
400000	13684976	7500000	80000	782347417
400000	13867424	7600000	80000	782767537
400000	14049888	7700000	80000	785796976
400000	14232352	7800000	80000	784331178
400000	14414816	7900000	80000	784438808
400000	1460080	800000	80810	628505096
400000	14597280	8000000	80000	786730127
400000	14779728	8100000	80000	785607819
400000	14962192	8200000	80000	785815417
400000	15144656	8300000	80000	786290034
400000	15327120	8400000	80000	786391653
400000	15509584	8500000	80000	787406251
400000	15692032	8600000	80000	788509645
400000	15874496	8700000	80000	788793399
400000	16056960	8800000	80000	789151519
400000	16239424	8900000	80000	788635904
400000	1642544	900000	80504	633744524
400000	16421888	9000000	80000	789305082
400000	16604352	9100000	80000	789859785
400000	16786800	9200000	80000	790810992
400000	16969264	9300000	80000	791149604
400000	17151728	9400000	80000	791434176
400000	17334192	9500000	80000	792845071
400000	17516656	9600000	80000	791335611
400000	17699104	9700000	80000	791801954
400000	17881568	9800000	80000	791967018
400000	18064032	9900000	80000	792688342
500000	182848	100000	584872	1237889438
500000	1825008	1000000	100970	805660229
500000	18246496	10000000	100000	994823868
500000	2007456	1100000	100612	815227703
500000	2189920	1200000	100422	822036357
500000	2372384	1300000	100330	829500576
500000	2554848	1400000	100206	836029295
500000	2737312	1500000	100162	842932501
500000	2919776	1600000	100116	849336197
500000	3102224	1700000	100108	855373749
500000	3284688	1800000	100064	861401520
500000	3467152	1900000	100094	868162249
500000	365312	200000	244406	898508309
500000	3649616	2000000	100056	872338979
500000	3832080	2100000	100056	876655317
500000	4014528	2200000	100028	884036045
500000	4196992	2300000	100028	886528093
500000	4379456	2400000	100022	890357602
500000	4561920	2500000	100010	894484816
500000	4744384	2600000	100022	900352233
500000	4926832	2700000	100010	903924129
500000	5109296	2800000	100006	906499370
500000	5291760	2900000	100010	908990446
500000	547776	300000	155996	807393564
500000	5474224	3000000	100004	911626958
500000	5656688	3100000	100010	915091610
500000	5839152	3200000	100004	917984248
500000	6021600	3300000	100004	922997775
500000	6204064	3400000	100010	923940133
500000	6386528	3500000	100000	925881886
500000	6568992	3600000	100006	928831909
500000	6751456	3700000	100002	930718617
500000	6933904	3800000	100002	933911988
500000	7116368	3900000	100000	935378124
500000	730240	400000	124798	779727054
500000	7298832	4000000	100002	937748610
500000	7481296	4100000	100000	941109254
500000	7663760	4200000	100000	941296319
500000	7846208	4300000	100002	943769678
500000	8028672	4400000	100000	945428099
500000	8211136	4500000	100000	946459230
500000	8393600	4600000	100004	948684193
500000	8576064	4700000	100000	950736432
500000	8758528	4800000	100000	951441767
500000	8940976	4900000	100000	954815811
500000	912704	500000	112410	773641804
500000	9123440	5000000	100002	954123462
500000	9305904	5100000	100000	955574897
500000	9488368	5200000	100000	958016143
500000	9670832	5300000	100000	958696805
500000	9853280	5400000	100002	959861523
500000	10035744	5500000	100000	960754124
500000	10218208	5600000	100002	961823667
500000	10400672	5700000	100000	964462290
500000	10583136	5800000	100004	964560430
500000	10765584	5900000	100000	966046443
500000	1095152	600000	106682	775917760
500000	10948048	6000000	100000	967099851
500000	11130512	6100000	100000	967287481
500000	11312976	6200000	100000	970161334
500000	11495440	6300000	100000	969514006
500000	11677904	6400000	100000	970679038
500000	11860352	6500000	100000	971420659
500000	12042816	6600000	100000	975207114
500000	12225280	6700000	100000	972783363
500000	12407744	6800000	100000	973894560
500000	12590208	6900000	100000	975064757
500000	1277616	700000	103836	786489219
500000	12772656	7000000	100000	976063297
500000	12955120	7100000	100000	976336701
500000	13137584	7200000	100000	976940915
500000	13320048	7300000	100000	977089553
500000	13502512	7400000	100000	979175169
500000	13684976	7500000	100000	980601017
500000	13867424	7600000	100000	979876913
500000	14049888	7700000	100000	980778088
500000	14232352	7800000	100000	981954467
500000	14414816	7900000	100000	983160365
500000	1460080	800000	102250	789476336
500000	14597280	8000000	100000	982533969
500000	14779728	8100000	100000	984139303
500000	14962192	8200000	100000	983807039
500000	15144656	8300000	100000	984037661
500000	15327120	8400000	100002	984851949
500000	15509584	8500000	100000	985134387
500000	15692032	8600000	100000	988678197
500000	15874496	8700000	100000	989730791
500000	16056960	8800000	100000	988818849
500000	16239424	8900000	100000	991068439
500000	1642544	900000	101496	797821455
500000	16421888	9000000	100000	989991946
500000	16604352	9100000	100000	990195077
500000	16786800	9200000	100000	991528651
500000	16969264	9300000	100000	993830446
500000	17151728	9400000	100000	992756737
500000	17334192	9500000	100000	992996866
500000	17516656	9600000	100000	993469120
500000	17699104	9700000	100000	993331149
500000	17881568	9800000	100000	994265759
500000	18064032	9900000	100000	994496954
600000	182848	100000	870138	1916101740
600000	1825008	1000000	122376	975614362
600000	18246496	10000000	120000	1197244066
600000	2007456	1100000	121696	986320577
600000	2189920	1200000	121124	994065122
600000	2372384	1300000	120824	1002272730
600000	2554848	1400000	120634	1010300099
600000	2737312	1500000	120438	1018301142
600000	2919776	1600000	120348	1026491847
600000	3102224	1700000	120246	1034720518
600000	3284688	1800000	120242	1040558958
600000	3467152	1900000	120146	1045440849
600000	365312	200000	367230	1260370404
600000	3649616	2000000	120116	1052218550
600000	3832080	2100000	120100	1058523795
600000	4014528	2200000	120098	1065456384
600000	4196992	2300000	120064	1069032230
600000	4379456	2400000	120062	1074592306
600000	4561920	2500000	120068	1078571983
600000	4744384	2600000	120028	1084889442
600000	4926832	2700000	120042	1090187288
600000	5109296	2800000	120030	1093733030
600000	5291760	2900000	120022	1095624328
600000	547776	300000	225474	1014673636
600000	5474224	3000000	120020	1099799681
600000	5656688	3100000	120024	1103275054
600000	5839152	3200000	120018	1106606394
600000	6021600	3300000	120020	1109501438
600000	6204064	3400000	120012	1113948408
600000	6386528	3500000	120014	1116547748
600000	6568992	3600000	120010	1118964869
600000	6751456	3700000	120006	1122330896
600000	6933904	3800000	120012	1124307419
600000	7116368	3900000	120010	1126925871
600000	730240	400000	170578	963382226
600000	7298832	4000000	120012	1131906754
600000	7481296	4100000	120002	1131661687
600000	7663760	4200000	120002	1134478389
600000	7846208	4300000	120002	1136808546
600000	8028672	4400000	120002	1138052099
600000	8211136	4500000	120008	1140089191
600000	8393600	4600000	120002	1142726005
600000	8576064	4700000	120000	1145399587
600000	8758528	4800000	120002	1146125267
600000	8940976	4900000	120000	1147736874
600000	912704	500000	146272	948015895
600000	9123440	5000000	120000	1149340568
600000	9305904	5100000	120006	1151380426
600000	9488368	5200000	120002	1154353221
600000	9670832	5300000	120000	1156416545
600000	9853280	5400000	120000	1157611311
600000	10035744	5500000	120000	1155853235
600000	10218208	5600000	120000	1159010559
600000	10400672	5700000	120002	1161878051
600000	10583136	5800000	120002	1161957634
600000	10765584	5900000	120002	1163584426
600000	1095152	600000	134988	945752352
600000	10948048	6000000	120002	1164392563
600000	11130512	6100000	120002	1164967654
600000	11312976	6200000	120000	1166647991
600000	11495440	6300000	120002	1168022139
600000	11677904	6400000	120000	1168646248
600000	11860352	6500000	120000	1169189391
600000	12042816	6600000	120000	1173982607
600000	12225280	6700000	120000	1172081212
600000	12407744	6800000	120000	1172398661
600000	12590208	6900000	120000	1174762159
600000	1277616	700000	128812	950566494
600000	12772656	7000000	120000	1175052855
600000	12955120	7100000	120000	1175905364
600000	13137584	7200000	120000	1176046935
600000	13320048	7300000	120002	1179338534
600000	13502512	7400000	120000	1178721931
600000	13684976	7500000	120000	1179665231
600000	13867424	7600000	120000	1180860907
600000	14049888	7700000	120002	1180907744
600000	14232352	7800000	120000	1181329436
600000	14414816	7900000	120000	1182085282
600000	1460080	800000	125402	957430755
600000	14597280	8000000	120000	1183215638
600000	14779728	8100000	120002	1183904160
600000	14962192	8200000	120000	1185431664
600000	15144656	8300000	120000	1184215714
600000	15327120	8400000	120000	1184190551
600000	15509584	8500000	120002	1185514734
600000	15692032	8600000	120002	1186766617
600000	15874496	8700000	120000	1185696362
600000	16056960	8800000	120000	1187204017
600000	16239424	8900000	120000	1187827872
600000	1642544	900000	123514	967667892
600000	16421888	9000000	120002	1188896169
600000	16604352	9100000	120000	1188616739
600000	16786800	9200000	120000	1189317752
600000	16969264	9300000	120000	1189943870
600000	17151728	9400000	120000	1190911713
600000	17334192	9500000	120000	1190954023
600000	17516656	9600000	120000	1192504541
600000	17699104	9700000	120000	1192981228
600000	17881568	9800000	120000	1196199107
600000	18064032	9900000	120000	1194731037
700000	182848	100000	1212508	2325831739
700000	1825008	1000000	144742	1143556515
700000	18246496	10000000	140000	1391858224
700000	2007456	1100000	143376	1154747728
700000	2189920	1200000	142522	1163677930
700000	2372384	1300000	141786	1173472407
700000	2554848	1400000	141230	1181529054
700000	2737312	1500000	140998	1191198977
700000	2919776	1600000	140718	1202031417
700000	3102224	1700000	140570	1208699441
700000	3284688	1800000	140504	1215860560
700000	3467152	1900000	140336	1225275512
700000	365312	200000	522384	1560785339
700000	3649616	2000000	140284	1229844558
700000	3832080	2100000	140222	1237433087
700000	4014528	2200000	140212	1243688234
700000	4196992	2300000	140164	1249907184
700000	4379456	2400000	140142	1256231829
700000	4561920	2500000	140114	1260430518
700000	4744384	2600000	140106	1268207125
700000	4926832	2700000	140084	1272354991
700000	5109296	2800000	140052	1277593068
700000	5291760	2900000	140058	1280202222
700000	547776	300000	314472	1365542945
700000	5474224	3000000	140064	1284876416
700000	5656688	3100000	140058	1288827315
700000	5839152	3200000	140038	1292527935
700000	6021600	3300000	140026	1296869706
700000	6204064	3400000	140052	1300094758
700000	6386528	3500000	140014	1304160266
700000	6568992	3600000	140016	1307267353
700000	6751456	3700000	140020	1310398030
700000	6933904	3800000	140022	1313479099
700000	7116368	3900000	140008	1316435633
700000	730240	400000	228960	1156551333
700000	7298832	4000000	140012	1318779662
700000	7481296	4100000	140006	1322172735
700000	7663760	4200000	140018	1325563241
700000	7846208	4300000	140002	1326962256
700000	8028672	4400000	140004	1331242465
700000	8211136	4500000	140004	1331520332
700000	8393600	4600000	140006	1335175909
700000	8576064	4700000	140008	1336365442
700000	8758528	4800000	140006	1339673124
700000	8940976	4900000	140006	1342644584
700000	912704	500000	188698	1125286366
700000	9123440	5000000	140002	1342605972
700000	9305904	5100000	140008	1343979238
700000	9488368	5200000	140002	1344796348
700000	9670832	5300000	140002	1349560600
700000	9853280	5400000	140004	1349458448
700000	10035744	5500000	140006	1351436256
700000	10218208	5600000	140000	1352940369
700000	10400672	5700000	140002	1355066594
700000	10583136	5800000	140002	1355885513
700000	10765584	5900000	140004	1358005570
700000	1095152	600000	168510	1117312348
700000	10948048	6000000	140002	1358490583
700000	11130512	6100000	140000	1359805750
700000	11312976	6200000	140002	1362478345
700000	11495440	6300000	140000	1362802453
700000	11677904	6400000	140002	1363763529
700000	11860352	6500000	140002	1365551643
700000	12042816	6600000	140004	1366829610
700000	12225280	6700000	140000	1367337300
700000	12407744	6800000	140000	1368335393
700000	12590208	6900000	140000	1369719112
700000	1277616	700000	157098	1119586964
700000	12772656	7000000	140000	1370592986
700000	12955120	7100000	140000	1373049329
700000	13137584	7200000	140002	1375258812
700000	13320048	7300000	140000	1373596989
700000	13502512	7400000	140000	1375796875
700000	13684976	7500000	140000	1375247137
700000	13867424	7600000	140000	1377739308
700000	14049888	7700000	140000	1377479099
700000	14232352	7800000	140002	1377301987
700000	14414816	7900000	140000	1380124378
700000	1460080	800000	150722	1124587360
700000	14597280	8000000	140000	1380498123
700000	14779728	8100000	140002	1380759828
700000	14962192	8200000	140000	1381919407
700000	15144656	8300000	140000	1382285628
700000	15327120	8400000	140000	1382609518
700000	15509584	8500000	140000	1383830742
700000	15692032	8600000	140000	1384741031
700000	15874496	8700000	140000	1384482247
700000	16056960	8800000	140000	1385356833
700000	16239424	8900000	140002	1386867571
700000	1642544	900000	147108	1133817896
700000	16421888	9000000	140000	1387867304
700000	16604352	9100000	140000	1387235979
700000	16786800	9200000	140000	1388729500
700000	16969264	9300000	140000	1389344738
700000	17151728	9400000	140000	1390584761
700000	17334192	9500000	140000	1389901223
700000	17516656	9600000	140000	1391097129
700000	17699104	9700000	140000	1392477881
700000	17881568	9800000	140000	1392681295
700000	18064032	9900000	140000	1391792229
800000	182848	100000	1596630	2827837632
800000	1825008	1000000	169058	1316248645
800000	18246496	10000000	160000	1597799738
800000	2007456	1100000	166496	1327276215
800000	2189920	1200000	164624	1337649292
800000	2372384	1300000	163404	1350048001
800000	2554848	1400000	162558	1357990172
800000	2737312	1500000	162008	1367405777
800000	2919776	1600000	161484	1383009982
800000	3102224	1700000	161176	1393168076
800000	3284688	1800000	160922	1403218270
800000	3467152	1900000	160724	1410606214
800000	365312	200000	706658	1893654796
800000	3649616	2000000	160602	1418948110
800000	3832080	2100000	160470	1425680087
800000	4014528	2200000	160426	1436113736
800000	4196992	2300000	160372	1440757069
800000	4379456	2400000	160292	1447770087
800000	4561920	2500000	160220	1454437529
800000	4744384	2600000	160194	1462101208
800000	4926832	2700000	160202	1466818395
800000	5109296	2800000	160134	1470616938
800000	5291760	2900000	160114	1476301254
800000	547776	300000	422064	1606818281
800000	5474224	3000000	160120	1480235391
800000	5656688	3100000	160098	1483896858
800000	5839152	3200000	160056	1488208692
800000	6021600	3300000	160076	1493492631
800000	6204064	3400000	160048	1497387975
800000	6386528	3500000	160052	1502838717
800000	6568992	3600000	160048	1505299787
800000	6751456	3700000	160048	1510232961
800000	6933904	3800000	160034	1513854422
800000	7116368	3900000	160038	1516162975
800000	730240	400000	300654	1366490363
800000	7298832	4000000	160020	1518452478
800000	7481296	4100000	160028	1521172753
800000	7663760	4200000	160016	1524944811
800000	7846208	4300000	160022	1528805830
800000	8028672	4400000	160026	1530878271
800000	8211136	4500000	160016	1532413654
800000	8393600	4600000	160026	1536463556
800000	8576064	4700000	160014	1539934899
800000	8758528	4800000	160016	1540612434
800000	8940976	4900000	160008	1542175557
800000	912704	500000	239878	1317548679
800000	9123440	5000000	160008	1545725486
800000	9305904	5100000	160006	1546112219
800000	9488368	5200000	160008	1549700116
800000	9670832	5300000	160000	1550577967
800000	9853280	5400000	160008	1552889052
800000	10035744	5500000	160008	1554000550
800000	10218208	5600000	160012	1555157911
800000	10400672	5700000	160004	1556081906
800000	10583136	5800000	160010	1558532340
800000	10765584	5900000	160006	1562313529
800000	1095152	600000	207866	1298012288
800000	10948048	6000000	160006	1561907502
800000	11130512	6100000	160008	1564136794
800000	11312976	6200000	160004	1564754698
800000	11495440	6300000	160004	1565875432
800000	11677904	6400000	160002	1568057530
800000	11860352	6500000	160000	1568477655
800000	12042816	6600000	160004	1570901066
800000	12225280	6700000	160004	1572519088
800000	12407744	6800000	160002	1573956005
800000	12590208	6900000	160002	1573159288
800000	1277616	700000	190230	1296733240
800000	12772656	7000000	160002	1574811041
800000	12955120	7100000	160004	1576624440
800000	13137584	7200000	160000	1575231377
800000	13320048	7300000	160000	1576925640
800000	13502512	7400000	160002	1579484934
800000	13684976	7500000	160000	1580573422
800000	13867424	7600000	160000	1582929355
800000	14049888	7700000	160000	1581749724
800000	14232352	7800000	160002	1583761291
800000	14414816	7900000	160000	1583693079
800000	1460080	800000	179446	1298792686
800000	14597280	8000000	160000	1584452880
800000	14779728	8100000	160000	1587514296
800000	14962192	8200000	160000	1586942048
800000	15144656	8300000	160000	1586905621
800000	15327120	8400000	160000	1588421322
800000	15509584	8500000	160000	1588194654
800000	15692032	8600000	160000	1587598492
800000	15874496	8700000	160000	1590666153
800000	16056960	8800000	160000	1590645525
800000	16239424	8900000	160002	1590843438
800000	1642544	900000	173218	1307522196
800000	16421888	9000000	160000	1591656037
800000	16604352	9100000	160000	1592919435
800000	16786800	9200000	160000	1592909999
800000	16969264	9300000	160000	1595435516
800000	17151728	9400000	160000	1595556368
800000	17334192	9500000	160000	1595788285
800000	17516656	9600000	160000	1595685423
800000	17699104	9700000	160000	1597176372
800000	17881568	9800000	160000	1596674120
800000	18064032	9900000	160002	1597416479
900000	182848	100000	2010528	3849998977
900000	1825008	1000000	195470	1491971154
900000	18246496	10000000	180002	1801012730
900000	2007456	1100000	191254	1502576874
900000	2189920	1200000	188068	1513182768
900000	2372384	1300000	186076	1523757628
900000	2554848	1400000	184508	1535250391
900000	2737312	1500000	183474	1546838978
900000	2919776	1600000	182828	1556323209
900000	3102224	1700000	182122	1565892277
900000	3284688	1800000	181802	1575412051
900000	3467152	1900000	181362	1584334958
900000	365312	200000	922118	2259729075
900000	3649616	2000000	181156	1594949937
900000	3832080	2100000	180936	1602311332
900000	4014528	2200000	180832	1610141851
900000	4196992	2300000	180614	1615728802
900000	4379456	2400000	180562	1623642119
900000	4561920	2500000	180388	1630338347
900000	4744384	2600000	180400	1638595784
900000	4926832	2700000	180318	1645528207
900000	5109296	2800000	180232	1648669047
900000	5291760	2900000	180266	1655410549
900000	547776	300000	551148	1876689991
900000	5474224	3000000	180212	1661600039
900000	5656688	3100000	180196	1667176661
900000	5839152	3200000	180136	1670611998
900000	6021600	3300000	180150	1677316387
900000	6204064	3400000	180126	1679986623
900000	6386528	3500000	180090	1684101909
900000	6568992	3600000	180088	1687251615
900000	6751456	3700000	180072	1693868086
900000	6933904	3800000	180060	1695602777
900000	7116368	3900000	180064	1699296226
900000	730240	400000	385846	1717093040
900000	7298832	4000000	180066	1702936356
900000	7481296	4100000	180064	1706883276
900000	7663760	4200000	180028	1710071746
900000	7846208	4300000	180040	1713567358
900000	8028672	4400000	180044	1716157466
900000	8211136	4500000	180022	1719471815
900000	8393600	4600000	180022	1721683919
900000	8576064	4700000	180036	1724121041
900000	8758528	4800000	180024	1726999037
900000	8940976	4900000	180020	1729669162
900000	912704	500000	301954	1520084756
900000	9123440	5000000	180024	1732430467
900000	9305904	5100000	180026	1734620820
900000	9488368	5200000	180014	1738995053
900000	9670832	5300000	180026	1738883732
900000	9853280	5400000	180006	1742963347
900000	10035744	5500000	180006	1743239496
900000	10218208	5600000	180016	1745502646
900000	10400672	5700000	180010	1747040063
900000	10583136	5800000	180008	1748358646
900000	10765584	5900000	180008	1752212487
900000	1095152	600000	256092	1488148937
900000	10948048	6000000	180012	1753860703
900000	11130512	6100000	180006	1753919037
900000	11312976	6200000	180004	1756520816
900000	11495440	6300000	180008	1756007990
900000	11677904	6400000	180006	1760623080
900000	11860352	6500000	180004	1762515428
900000	12042816	6600000	180012	1762051367
900000	12225280	6700000	180004	1764463853
900000	12407744	6800000	180004	1766371152
900000	12590208	6900000	180008	1767147709
900000	1277616	700000	228732	1476981996
900000	12772656	7000000	180004	1767645370
900000	12955120	7100000	180002	1770579454
900000	13137584	7200000	180000	1769818252
900000	13320048	7300000	180004	1775275344
900000	13502512	7400000	180000	1773543825
900000	13684976	7500000	180004	1775609141
900000	13867424	7600000	180000	1775375296
900000	14049888	7700000	180002	1776119967
900000	14232352	7800000	180002	1778118903
900000	14414816	7900000	180004	1778421796
900000	1460080	800000	212816	1478612529
900000	14597280	8000000	180006	1779985199
900000	14779728	8100000	180000	1782462935
900000	14962192	8200000	180002	1781526922
900000	15144656	8300000	180000	1782878294
900000	15327120	8400000	180000	1784128778
900000	15509584	8500000	180002	1785688740
900000	15692032	8600000	180004	1786448424
900000	15874496	8700000	180002	1788848931
900000	16056960	8800000	180002	1787627298
900000	16239424	8900000	180000	1789810537
900000	1642544	900000	202514	1485859253
900000	16421888	9000000	180000	1790674438
900000	16604352	9100000	180000	1792806784
900000	16786800	9200000	180000	1792678421
900000	16969264	9300000	180000	1794183108
900000	17151728	9400000	180002	1794093231
900000	17334192	9500000	180000	1796493485
900000	17516656	9600000	180000	1797545955
900000	17699104	9700000	180000	1797881657
900000	17881568	9800000	180004	1799681824
900000	18064032	9900000	180002	1800823533
