100000	13277648	10000	303138	467137214
100000	13441872	100000	101478	266195065
100000	15084032	1000000	100000	281424949
100000	13460128	110000	101024	266858063
100000	13478368	120000	100788	264834987
100000	13496608	130000	100538	266465871
100000	13514864	140000	100498	265550442
100000	13533104	150000	100352	264330124
100000	13551360	160000	100264	263908718
100000	13569600	170000	100198	265540657
100000	13587840	180000	100116	265427473
100000	13606096	190000	100118	263208195
100000	13295888	20000	183492	346783442
100000	13624336	200000	100132	264966288
100000	13642576	210000	100086	265255771
100000	13660832	220000	100084	264422182
100000	13679072	230000	100050	265114575
100000	13697328	240000	100050	265122030
100000	13715568	250000	100050	264617853
100000	13733808	260000	100036	264067305
100000	13752064	270000	100032	263704053
100000	13770304	280000	100028	263881147
100000	13788560	290000	100012	264481962
100000	13314144	30000	140376	305327998
100000	13806800	300000	100016	265106402
100000	13825040	310000	100016	266082443
100000	13843296	320000	100010	264318012
100000	13861536	330000	100008	264667929
100000	13879776	340000	100012	265965537
100000	13898032	350000	100008	266401064
100000	13916272	360000	100008	265375180
100000	13934528	370000	100010	265104941
100000	13952768	380000	100006	265774653
100000	13971008	390000	100004	265518593
100000	13332384	40000	121554	288198465
100000	13989264	400000	100006	266903109
100000	14007504	410000	100002	266887997
100000	14025760	420000	100002	268297689
100000	14044000	430000	100008	266352504
100000	14062240	440000	100006	268479712
100000	14080496	450000	100004	268004185
100000	14098736	460000	100004	268235845
100000	14116976	470000	100002	269263502
100000	14135232	480000	100000	268402517
100000	14153472	490000	100002	267712633
100000	13350624	50000	112624	279309790
100000	14171728	500000	100006	269291217
100000	14189968	510000	100000	269085789
100000	14208208	520000	100002	268964692
100000	14226464	530000	100000	269389161
100000	14244704	540000	100000	270379807
100000	14262944	550000	100000	270622076
100000	14281200	560000	100000	270716528
100000	14299440	570000	100000	270678269
100000	14317696	580000	100000	270669445
100000	14335936	590000	100000	272279374
100000	13368880	60000	107754	273407085
100000	14354176	600000	100000	270849067
100000	14372432	610000	100002	272391203
100000	14390672	620000	100000	272917267
100000	14408928	630000	100000	273489398
100000	14427168	640000	100002	273097415
100000	14445408	650000	100000	274222100
100000	14463664	660000	100002	274563562
100000	14481904	670000	100000	273432699
100000	14500144	680000	100002	273916665
100000	14518400	690000	100000	273766005
100000	13387120	70000	105038	272048790
100000	14536640	700000	100000	272734888
100000	14554896	710000	100000	275068154
100000	14573136	720000	100000	275598241
100000	14591376	730000	100000	275231696
100000	14609632	740000	100000	274743603
100000	14627872	750000	100000	275739102
100000	14646112	760000	100000	274781571
100000	14664368	770000	100000	276233103
100000	14682608	780000	100000	276111925
100000	14700864	790000	100000	275462381
100000	13405376	80000	103176	268310083
100000	14719104	800000	100000	275924629
100000	14737344	810000	100000	276752936
100000	14755600	820000	100000	275948022
100000	14773840	830000	100000	277739143
100000	14792096	840000	100000	276964461
100000	14810336	850000	100000	276498060
100000	14828576	860000	100000	278289384
100000	14846832	870000	100000	277856762
100000	14865072	880000	100000	278610764
100000	14883312	890000	100000	277948171
100000	13423616	90000	102184	268779178
100000	14901568	900000	100000	277812844
100000	14919808	910000	100000	280335038
100000	14938064	920000	100000	278196545
100000	14956304	930000	100000	280086565
100000	14974544	940000	100000	279232154
100000	14992800	950000	100000	280711340
100000	15011040	960000	100000	280412871
100000	15029280	970000	100000	280806069
100000	15047536	980000	100000	281144912
100000	15065776	990000	100000	280722916
10000	13277648	10000	10148	460674848
10000	13441856	100000	10000	27289618
10000	15084016	1000000	10000	27960535
10000	13460112	110000	10000	27941043
10000	13478352	120000	10000	27476545
10000	13496592	130000	10000	28510912
10000	13514848	140000	10000	28908004
10000	13533088	150000	10000	28205583
10000	13551344	160000	10000	27780346
10000	13569584	170000	10000	27547041
10000	13587824	180000	10000	28025111
10000	13606080	190000	10000	27817546
10000	13295888	20000	10006	27357762
10000	13624320	200000	10000	27917174
10000	13642560	210000	10000	27406684
10000	13660816	220000	10000	27689620
10000	13679056	230000	10000	27342963
10000	13697312	240000	10000	28506490
10000	13715552	250000	10000	28998523
10000	13733792	260000	10000	26722278
10000	13752048	270000	10000	28106896
10000	13770288	280000	10000	27538759
10000	13788544	290000	10000	27059624
10000	13314144	30000	10000	28704988
10000	13806784	300000	10000	29092001
10000	13825024	310000	10000	27887740
10000	13843280	320000	10000	28558842
10000	13861520	330000	10000	28476924
10000	13879760	340000	10000	27209672
10000	13898016	350000	10000	28324447
10000	13916256	360000	10000	28190753
10000	13934512	370000	10000	28994303
10000	13952752	380000	10000	28874405
10000	13970992	390000	10000	27155420
10000	13332384	40000	10000	28793283
10000	13989248	400000	10000	27455118
10000	14007488	410000	10000	28342607
10000	14025744	420000	10000	27306209
10000	14043984	430000	10000	27153922
10000	14062224	440000	10000	27644345
10000	14080480	450000	10000	27796332
10000	14098720	460000	10000	27581774
10000	14116960	470000	10000	29813586
10000	14135216	480000	10000	26312573
10000	14153456	490000	10000	29033532
10000	13350624	50000	10002	27826179
10000	14171712	500000	10000	27428640
10000	14189952	510000	10000	28218036
10000	14208192	520000	10000	27915968
10000	14226448	530000	10000	27234448
10000	14244688	540000	10000	29143724
10000	14262928	550000	10000	28929403
10000	14281184	560000	10000	29327572
10000	14299424	570000	10000	27503815
10000	14317680	580000	10000	28068590
10000	14335920	590000	10000	27241030
10000	13368880	60000	10000	28827705
10000	14354160	600000	10000	26594986
10000	14372416	610000	10000	28670082
10000	14390656	620000	10000	27255187
10000	14408912	630000	10000	28505007
10000	14427152	640000	10000	26921111
10000	14445392	650000	10000	29014736
10000	14463648	660000	10000	27634467
10000	14481888	670000	10000	26924509
10000	14500128	680000	10000	26943949
10000	14518384	690000	10000	27789893
10000	13387120	70000	10000	27239293
10000	14536624	700000	10000	28243632
10000	14554880	710000	10000	27658719
10000	14573120	720000	10000	27951393
10000	14591360	730000	10000	28692266
10000	14609616	740000	10000	27040229
10000	14627856	750000	10000	27502623
10000	14646096	760000	10000	28569025
10000	14664352	770000	10000	27753521
10000	14682592	780000	10000	28410898
10000	14700848	790000	10000	28045623
10000	13405376	80000	10000	28099681
10000	14719088	800000	10000	27308371
10000	14737328	810000	10000	28355369
10000	14755584	820000	10000	27873834
10000	14773824	830000	10000	27905826
10000	14792080	840000	10000	28531772
10000	14810320	850000	10000	28229350
10000	14828560	860000	10000	29101543
10000	14846816	870000	10000	28338104
10000	14865056	880000	10000	27361162
10000	14883296	890000	10000	28712195
10000	13423616	90000	10000	28784222
10000	14901552	900000	10000	28480671
10000	14919792	910000	10000	29114354
10000	14938048	920000	10000	27024587
10000	14956288	930000	10000	29332824
10000	14974528	940000	10000	27853792
10000	14992784	950000	10000	27890277
10000	15011024	960000	10000	28656549
10000	15029264	970000	10000	28912662
10000	15047520	980000	10000	28688706
10000	15065760	990000	10000	29371743
20000	13277648	10000	22516	59439947
20000	13441856	100000	20000	53035657
20000	15084016	1000000	20000	56026281
20000	13460112	110000	20000	53958953
20000	13478352	120000	20000	53487220
20000	13496592	130000	20000	52885329
20000	13514848	140000	20000	51625953
20000	13533088	150000	20000	52889797
20000	13551344	160000	20000	51531776
20000	13569584	170000	20000	52612983
20000	13587824	180000	20000	52835771
20000	13606080	190000	20000	50971024
20000	13295888	20000	20352	55205180
20000	13624320	200000	20000	52694355
20000	13642560	210000	20000	53210663
20000	13660816	220000	20000	53282349
20000	13679056	230000	20000	52870668
20000	13697312	240000	20000	52322587
20000	13715552	250000	20000	52236184
20000	13733792	260000	20000	53112507
20000	13752048	270000	20000	53751188
20000	13770288	280000	20000	53033806
20000	13788544	290000	20000	53791391
20000	13314144	30000	20062	54135508
20000	13806784	300000	20000	51835461
20000	13825024	310000	20000	53244367
20000	13843280	320000	20000	53473416
20000	13861520	330000	20000	51983857
20000	13879760	340000	20000	52628695
20000	13898016	350000	20000	53326008
20000	13916256	360000	20000	54808114
20000	13934512	370000	20000	53285477
20000	13952752	380000	20000	54174046
20000	13970992	390000	20000	53451661
20000	13332384	40000	20018	53147630
20000	13989248	400000	20000	53142117
20000	14007488	410000	20000	53683697
20000	14025744	420000	20000	53015067
20000	14043984	430000	20000	55399312
20000	14062224	440000	20000	54836737
20000	14080480	450000	20000	54458667
20000	14098720	460000	20000	53117242
20000	14116960	470000	20000	54727223
20000	14135216	480000	20000	53558713
20000	14153456	490000	20000	55135155
20000	13350624	50000	20010	54641680
20000	14171712	500000	20000	54501129
20000	14189952	510000	20000	54299178
20000	14208192	520000	20000	53703627
20000	14226448	530000	20000	55107997
20000	14244688	540000	20000	53524228
20000	14262928	550000	20000	54961368
20000	14281184	560000	20000	54950703
20000	14299424	570000	20000	54539169
20000	14317680	580000	20000	54366215
20000	14335920	590000	20000	55328521
20000	13368880	60000	20002	53798518
20000	14354160	600000	20000	52891365
20000	14372416	610000	20000	54554906
20000	14390656	620000	20000	55139772
20000	14408912	630000	20000	55328768
20000	14427152	640000	20000	55519918
20000	14445392	650000	20000	54520915
20000	14463648	660000	20000	55075962
20000	14481888	670000	20000	53676920
20000	14500128	680000	20000	55142362
20000	14518384	690000	20000	54860183
20000	13387120	70000	20006	51956200
20000	14536624	700000	20000	55566335
20000	14554880	710000	20000	54060872
20000	14573120	720000	20000	56018626
20000	14591360	730000	20000	55396083
20000	14609616	740000	20000	54762440
20000	14627856	750000	20000	54930721
20000	14646096	760000	20000	56088827
20000	14664352	770000	20000	55106194
20000	14682592	780000	20000	56045493
20000	14700848	790000	20000	55927655
20000	13405376	80000	20000	52845700
20000	14719088	800000	20000	53823924
20000	14737328	810000	20000	55970121
20000	14755584	820000	20000	55874008
20000	14773824	830000	20000	55939603
20000	14792080	840000	20000	55238282
20000	14810320	850000	20000	56331054
20000	14828560	860000	20000	54133925
20000	14846816	870000	20000	55320994
20000	14865056	880000	20000	57306208
20000	14883296	890000	20000	55923374
20000	13423616	90000	20000	52023061
20000	14901552	900000	20000	55165796
20000	14919792	910000	20000	56093452
20000	14938048	920000	20000	56877239
20000	14956288	930000	20000	56216908
20000	14974528	940000	20000	56403221
20000	14992784	950000	20000	56426778
20000	15011024	960000	20000	56131578
20000	15029264	970000	20000	58237155
20000	15047520	980000	20000	56914246
20000	15065760	990000	20000	56931871
30000	13277648	10000	39724	88262734
30000	13441856	100000	30002	79762245
30000	15084016	1000000	30000	84522238
30000	13460112	110000	30000	79478337
30000	13478352	120000	30002	78805338
30000	13496592	130000	30000	79690873
30000	13514848	140000	30000	79490868
30000	13533088	150000	30000	79709328
30000	13551344	160000	30000	79816315
30000	13569584	170000	30000	79137049
30000	13587824	180000	30000	79804249
30000	13606080	190000	30000	78507746
30000	13295888	20000	31654	81615938
30000	13624320	200000	30000	80412261
30000	13642560	210000	30000	79559173
30000	13660816	220000	30000	79117683
30000	13679056	230000	30000	80054557
30000	13697312	240000	30000	80010000
30000	13715552	250000	30000	78613226
30000	13733792	260000	30000	79416381
30000	13752048	270000	30000	79068142
30000	13770288	280000	30000	79920336
30000	13788544	290000	30000	79895948
30000	13314144	30000	30408	82154306
30000	13806784	300000	30000	80969435
30000	13825024	310000	30000	79528922
30000	13843280	320000	30000	78873723
30000	13861520	330000	30000	79814570
30000	13879760	340000	30000	81047933
30000	13898016	350000	30000	80161959
30000	13916256	360000	30000	81107353
30000	13934512	370000	30000	79461500
30000	13952752	380000	30000	79428920
30000	13970992	390000	30000	80746231
30000	13332384	40000	30136	81094274
30000	13989248	400000	30000	80147582
30000	14007488	410000	30000	80174549
30000	14025744	420000	30000	80998047
30000	14043984	430000	30000	79927786
30000	14062224	440000	30000	80339599
30000	14080480	450000	30000	80252102
30000	14098720	460000	30000	81366775
30000	14116960	470000	30000	81991324
30000	14135216	480000	30000	81646141
30000	14153456	490000	30000	82216403
30000	13350624	50000	30074	81185018
30000	14171712	500000	30000	81845403
30000	14189952	510000	30000	81106524
30000	14208192	520000	30000	84074868
30000	14226448	530000	30000	80370761
30000	14244688	540000	30000	82526752
30000	14262928	550000	30000	81215628
30000	14281184	560000	30000	83148878
30000	14299424	570000	30000	82731270
30000	14317680	580000	30000	82099772
30000	14335920	590000	30000	82645828
30000	13368880	60000	30042	80029022
30000	14354160	600000	30000	82555430
30000	14372416	610000	30000	82202154
30000	14390656	620000	30000	81833120
30000	14408912	630000	30000	82714811
30000	14427152	640000	30000	81530399
30000	14445392	650000	30000	82671198
30000	14463648	660000	30000	83922682
30000	14481888	670000	30000	83066386
30000	14500128	680000	30000	83356902
30000	14518384	690000	30000	83508166
30000	13387120	70000	30020	79350648
30000	14536624	700000	30000	82171867
30000	14554880	710000	30000	83363022
30000	14573120	720000	30000	83326062
30000	14591360	730000	30000	84103665
30000	14609616	740000	30000	82591145
30000	14627856	750000	30000	83825867
30000	14646096	760000	30000	82329578
30000	14664352	770000	30000	83707427
30000	14682592	780000	30000	82566605
30000	14700848	790000	30000	83491214
30000	13405376	80000	30006	79787724
30000	14719088	800000	30000	84649657
30000	14737328	810000	30000	82644888
30000	14755584	820000	30000	84372611
30000	14773824	830000	30000	82928195
30000	14792080	840000	30000	82818707
30000	14810320	850000	30000	85050973
30000	14828560	860000	30000	81743862
30000	14846816	870000	30000	85210702
30000	14865056	880000	30000	83190948
30000	14883296	890000	30000	84502042
30000	13423616	90000	30000	79004380
30000	14901552	900000	30000	83965867
30000	14919792	910000	30000	85396924
30000	14938048	920000	30000	83765264
30000	14956288	930000	30000	83784942
30000	14974528	940000	30000	83941644
30000	14992784	950000	30000	87002569
30000	15011024	960000	30000	85166622
30000	15029264	970000	30000	85206894
30000	15047520	980000	30000	85181354
30000	15065760	990000	30000	85404643
40000	13277648	10000	62752	126979799
40000	13441856	100000	40022	105395537
40000	15084016	1000000	40000	111699920
40000	13460112	110000	40010	105414796
40000	13478352	120000	40012	104729202
40000	13496592	130000	40008	105079857
40000	13514848	140000	40002	105534131
40000	13533088	150000	40000	104319403
40000	13551344	160000	40004	106139100
40000	13569584	170000	40002	104766276
40000	13587824	180000	40000	105015756
40000	13606080	190000	40000	105589561
40000	13295888	20000	45040	112412563
40000	13624320	200000	40000	105113325
40000	13642560	210000	40000	105522226
40000	13660816	220000	40002	105421960
40000	13679056	230000	40000	106319614
40000	13697312	240000	40004	104243638
40000	13715552	250000	40000	106017066
40000	13733792	260000	40000	104890544
40000	13752048	270000	40000	104483676
40000	13770288	280000	40000	105178149
40000	13788544	290000	40000	106697893
40000	13314144	30000	41612	108000442
40000	13806784	300000	40000	104626814
40000	13825024	310000	40000	105130049
40000	13843280	320000	40000	106814730
40000	13861520	330000	40000	107024189
40000	13879760	340000	40000	107180669
40000	13898016	350000	40000	106309144
40000	13916256	360000	40000	104914988
40000	13934512	370000	40000	106543603
40000	13952752	380000	40000	105189147
40000	13970992	390000	40000	106351435
40000	13332384	40000	40638	105807476
40000	13989248	400000	40000	107309131
40000	14007488	410000	40000	106397968
40000	14025744	420000	40000	105703245
40000	14043984	430000	40000	106260800
40000	14062224	440000	40000	108036435
40000	14080480	450000	40000	107944301
40000	14098720	460000	40000	106528771
40000	14116960	470000	40000	106128550
40000	14135216	480000	40000	107735527
40000	14153456	490000	40000	107613372
40000	13350624	50000	40308	106892889
40000	14171712	500000	40000	106510992
40000	14189952	510000	40000	107506573
40000	14208192	520000	40000	106706106
40000	14226448	530000	40000	108319215
40000	14244688	540000	40000	106777143
40000	14262928	550000	40000	109006552
40000	14281184	560000	40000	107056861
40000	14299424	570000	40000	108191500
40000	14317680	580000	40000	107543950
40000	14335920	590000	40000	108140744
40000	13368880	60000	40156	106391664
40000	14354160	600000	40000	109360554
40000	14372416	610000	40000	108483234
40000	14390656	620000	40000	109255930
40000	14408912	630000	40000	109846241
40000	14427152	640000	40000	108777723
40000	14445392	650000	40000	111582453
40000	14463648	660000	40000	109316695
40000	14481888	670000	40000	109402859
40000	14500128	680000	40000	109003879
40000	14518384	690000	40000	108519456
40000	13387120	70000	40102	106988124
40000	14536624	700000	40000	110086343
40000	14554880	710000	40000	110031983
40000	14573120	720000	40000	110524627
40000	14591360	730000	40000	110202689
40000	14609616	740000	40000	110222457
40000	14627856	750000	40000	109854913
40000	14646096	760000	40000	109200152
40000	14664352	770000	40000	109839246
40000	14682592	780000	40000	110982452
40000	14700848	790000	40000	111554522
40000	13405376	80000	40046	105384063
40000	14719088	800000	40000	111466027
40000	14737328	810000	40000	110740632
40000	14755584	820000	40000	109654806
40000	14773824	830000	40000	110510049
40000	14792080	840000	40000	110946554
40000	14810320	850000	40000	110040529
40000	14828560	860000	40000	114307902
40000	14846816	870000	40000	110427150
40000	14865056	880000	40000	110681148
40000	14883296	890000	40000	111441801
40000	13423616	90000	40024	106007932
40000	14901552	900000	40000	111287288
40000	14919792	910000	40000	111666387
40000	14938048	920000	40000	111601006
40000	14956288	930000	40000	112805397
40000	14974528	940000	40000	112167603
40000	14992784	950000	40000	109772649
40000	15011024	960000	40000	112448084
40000	15029264	970000	40000	112793970
40000	15047520	980000	40000	112176662
40000	15065760	990000	40000	111734961
50000	13277648	10000	92050	172891500
50000	13441856	100000	50054	131216068
50000	15084016	1000000	50000	140315869
50000	13460112	110000	50050	130946216
50000	13478352	120000	50022	130539816
50000	13496592	130000	50014	131198326
50000	13514848	140000	50012	131703558
50000	13533088	150000	50016	133956708
50000	13551344	160000	50006	132186346
50000	13569584	170000	50006	132265497
50000	13587824	180000	50002	132591924
50000	13606080	190000	50004	130526167
50000	13295888	20000	60740	144943294
50000	13624320	200000	50004	132178595
50000	13642560	210000	50000	130075697
50000	13660816	220000	50002	131621776
50000	13679056	230000	50008	131506359
50000	13697312	240000	50000	132410252
50000	13715552	250000	50000	131680476
50000	13733792	260000	50004	132185373
50000	13752048	270000	50004	130448618
50000	13770288	280000	50000	132064243
50000	13788544	290000	50000	130544273
50000	13314144	30000	53782	136972223
50000	13806784	300000	50000	131713023
50000	13825024	310000	50000	132032717
50000	13843280	320000	50002	132379732
50000	13861520	330000	50000	132134430
50000	13879760	340000	50000	132843818
50000	13898016	350000	50000	132548781
50000	13916256	360000	50000	131340274
50000	13934512	370000	50000	132926169
50000	13952752	380000	50000	131528713
50000	13970992	390000	50000	132693791
50000	13332384	40000	51586	135110352
50000	13989248	400000	50000	132370132
50000	14007488	410000	50000	131840256
50000	14025744	420000	50000	132366300
50000	14043984	430000	50000	132631304
50000	14062224	440000	50000	132947250
50000	14080480	450000	50000	134548808
50000	14098720	460000	50004	133278688
50000	14116960	470000	50000	134248036
50000	14135216	480000	50000	133819555
50000	14153456	490000	50000	133223125
50000	13350624	50000	50838	134373637
50000	14171712	500000	50000	134232463
50000	14189952	510000	50000	132935474
50000	14208192	520000	50000	135294227
50000	14226448	530000	50000	135321425
50000	14244688	540000	50000	136135394
50000	14262928	550000	50000	135066203
50000	14281184	560000	50000	133449285
50000	14299424	570000	50000	135910869
50000	14317680	580000	50000	135835265
50000	14335920	590000	50000	136298650
50000	13368880	60000	50398	131913070
50000	14354160	600000	50000	136177207
50000	14372416	610000	50000	135948541
50000	14390656	620000	50000	135058312
50000	14408912	630000	50000	135123463
50000	14427152	640000	50000	136081608
50000	14445392	650000	50000	136332160
50000	14463648	660000	50000	136079252
50000	14481888	670000	50000	135531337
50000	14500128	680000	50000	137162663
50000	14518384	690000	50000	137160775
50000	13387120	70000	50260	132915556
50000	14536624	700000	50000	136577246
50000	14554880	710000	50000	136077145
50000	14573120	720000	50000	135641778
50000	14591360	730000	50000	137127599
50000	14609616	740000	50000	136554897
50000	14627856	750000	50000	138048978
50000	14646096	760000	50000	137535161
50000	14664352	770000	50000	137185489
50000	14682592	780000	50000	137305045
50000	14700848	790000	50000	138803062
50000	13405376	80000	50120	132991477
50000	14719088	800000	50000	138329741
50000	14737328	810000	50000	138487413
50000	14755584	820000	50000	137422198
50000	14773824	830000	50000	138190031
50000	14792080	840000	50000	139323318
50000	14810320	850000	50000	137445517
50000	14828560	860000	50000	137880350
50000	14846816	870000	50000	138305929
50000	14865056	880000	50000	138487670
50000	14883296	890000	50000	138725569
50000	13423616	90000	50092	133216661
50000	14901552	900000	50000	138203005
50000	14919792	910000	50000	138192192
50000	14938048	920000	50000	140049226
50000	14956288	930000	50000	139006216
50000	14974528	940000	50000	140114249
50000	14992784	950000	50000	138501599
50000	15011024	960000	50000	140440334
50000	15029264	970000	50000	140321475
50000	15047520	980000	50000	139202683
50000	15065760	990000	50000	139138686
60000	13277648	10000	127176	223500628
60000	13441856	100000	60140	159876280
60000	15084016	1000000	60000	169705074
60000	13460112	110000	60094	159618715
60000	13478352	120000	60064	159171535
60000	13496592	130000	60034	158203985
60000	13514848	140000	60034	158942919
60000	13533088	150000	60022	160855370
60000	13551344	160000	60016	158465644
60000	13569584	170000	60014	157668200
60000	13587824	180000	60010	156822808
60000	13606080	190000	60006	158683958
60000	13295888	20000	79584	180079798
60000	13624320	200000	60010	158467838
60000	13642560	210000	60002	158339893
60000	13660816	220000	60006	158541387
60000	13679056	230000	60004	157151254
60000	13697312	240000	60002	157455488
60000	13715552	250000	60002	157946542
60000	13733792	260000	60000	157452517
60000	13752048	270000	60000	157176422
60000	13770288	280000	60002	159193747
60000	13788544	290000	60000	157842365
60000	13314144	30000	67698	166731046
60000	13806784	300000	60000	159399561
60000	13825024	310000	60000	159423955
60000	13843280	320000	60000	157464219
60000	13861520	330000	60002	158131523
60000	13879760	340000	60000	158371800
60000	13898016	350000	60000	160134803
60000	13916256	360000	60000	158534349
60000	13934512	370000	60000	158412448
60000	13952752	380000	60000	158229237
60000	13970992	390000	60000	158457765
60000	13332384	40000	63378	164291172
60000	13989248	400000	60000	159012547
60000	14007488	410000	60000	158605403
60000	14025744	420000	60000	160492511
60000	14043984	430000	60000	160114143
60000	14062224	440000	60000	159783369
60000	14080480	450000	60000	159627605
60000	14098720	460000	60000	160011197
60000	14116960	470000	60000	160259879
60000	14135216	480000	60000	162207145
60000	14153456	490000	60000	159887413
60000	13350624	50000	61660	160572336
60000	14171712	500000	60000	160375809
60000	14189952	510000	60000	162451986
60000	14208192	520000	60000	161087307
60000	14226448	530000	60000	162861675
60000	14244688	540000	60000	162247277
60000	14262928	550000	60000	161772226
60000	14281184	560000	60002	162120951
60000	14299424	570000	60000	162598614
60000	14317680	580000	60000	161643208
60000	14335920	590000	60000	162619846
60000	13368880	60000	60856	159274148
60000	14354160	600000	60000	162027937
60000	14372416	610000	60000	162210784
60000	14390656	620000	60000	163811445
60000	14408912	630000	60000	163855799
60000	14427152	640000	60000	163086404
60000	14445392	650000	60000	162795372
60000	14463648	660000	60000	163413746
60000	14481888	670000	60000	163367031
60000	14500128	680000	60000	163887292
60000	14518384	690000	60000	163175399
60000	13387120	70000	60504	158836482
60000	14536624	700000	60000	165368439
60000	14554880	710000	60000	165160759
60000	14573120	720000	60000	163703684
60000	14591360	730000	60000	163519493
60000	14609616	740000	60000	165012441
60000	14627856	750000	60000	166034738
60000	14646096	760000	60000	165370881
60000	14664352	770000	60000	166083987
60000	14682592	780000	60000	165309695
60000	14700848	790000	60000	166647734
60000	13405376	80000	60338	160031330
60000	14719088	800000	60000	165499022
60000	14737328	810000	60000	164798987
60000	14755584	820000	60000	165948930
60000	14773824	830000	60000	165880534
60000	14792080	840000	60000	165576022
60000	14810320	850000	60000	165224053
60000	14828560	860000	60000	165728407
60000	14846816	870000	60000	166410519
60000	14865056	880000	60000	168040662
60000	14883296	890000	60000	167085224
60000	13423616	90000	60198	159681582
60000	14901552	900000	60000	167485871
60000	14919792	910000	60000	166639412
60000	14938048	920000	60000	167327505
60000	14956288	930000	60000	169820960
60000	14974528	940000	60000	166754992
60000	14992784	950000	60000	167601125
60000	15011024	960000	60000	167058398
60000	15029264	970000	60000	168236602
60000	15047520	980000	60000	168548482
60000	15065760	990000	60000	168686586
70000	13277648	10000	165882	276110616
70000	13441856	100000	70326	185578055
70000	15084016	1000000	70000	196155569
70000	13460112	110000	70222	186424415
70000	13478352	120000	70172	185821740
70000	13496592	130000	70114	185082566
70000	13514848	140000	70068	184202867
70000	13533088	150000	70064	184257033
70000	13551344	160000	70034	183690564
70000	13569584	170000	70024	185180498
70000	13587824	180000	70036	185174323
70000	13606080	190000	70018	183860555
70000	13295888	20000	100888	216077711
70000	13624320	200000	70014	185162397
70000	13642560	210000	70022	183485570
70000	13660816	220000	70010	185047468
70000	13679056	230000	70004	183600449
70000	13697312	240000	70018	183738616
70000	13715552	250000	70004	184996715
70000	13733792	260000	70012	185458201
70000	13752048	270000	70006	184794101
70000	13770288	280000	70004	184040821
70000	13788544	290000	70008	185410206
70000	13314144	30000	83030	199201919
70000	13806784	300000	70004	185472902
70000	13825024	310000	70004	185546190
70000	13843280	320000	70008	184028154
70000	13861520	330000	70000	183891366
70000	13879760	340000	70000	186283005
70000	13898016	350000	70004	184956776
70000	13916256	360000	70002	184667096
70000	13934512	370000	70000	185828105
70000	13952752	380000	70000	186620609
70000	13970992	390000	70000	186812404
70000	13332384	40000	75892	191722814
70000	13989248	400000	70000	186188797
70000	14007488	410000	70002	187411656
70000	14025744	420000	70000	186681683
70000	14043984	430000	70000	185779640
70000	14062224	440000	70000	186608926
70000	14080480	450000	70000	186260010
70000	14098720	460000	70000	187429968
70000	14116960	470000	70000	187955020
70000	14135216	480000	70000	187762076
70000	14153456	490000	70000	187771535
70000	13350624	50000	73306	188493380
70000	14171712	500000	70000	188899765
70000	14189952	510000	70000	188346528
70000	14208192	520000	70000	187751394
70000	14226448	530000	70000	188901084
70000	14244688	540000	70000	188883615
70000	14262928	550000	70000	189919380
70000	14281184	560000	70000	188425708
70000	14299424	570000	70000	190657085
70000	14317680	580000	70000	190217706
70000	14335920	590000	70000	188779466
70000	13368880	60000	71824	188908113
70000	14354160	600000	70000	189534554
70000	14372416	610000	70000	189234589
70000	14390656	620000	70000	190887867
70000	14408912	630000	70000	190411753
70000	14427152	640000	70000	190838516
70000	14445392	650000	70000	191470432
70000	14463648	660000	70000	190894849
70000	14481888	670000	70000	191141825
70000	14500128	680000	70000	192272028
70000	14518384	690000	70000	190987097
70000	13387120	70000	70992	188250771
70000	14536624	700000	70000	190852690
70000	14554880	710000	70000	191760169
70000	14573120	720000	70000	191850755
70000	14591360	730000	70000	192883320
70000	14609616	740000	70000	190960907
70000	14627856	750000	70000	191448422
70000	14646096	760000	70000	191974913
70000	14664352	770000	70000	191531811
70000	14682592	780000	70000	194308072
70000	14700848	790000	70000	192233520
70000	13405376	80000	70692	186184841
70000	14719088	800000	70000	194415010
70000	14737328	810000	70000	194357123
70000	14755584	820000	70000	194407488
70000	14773824	830000	70000	194416017
70000	14792080	840000	70000	194153274
70000	14810320	850000	70000	193318964
70000	14828560	860000	70000	195171460
70000	14846816	870000	70000	193425062
70000	14865056	880000	70000	194255788
70000	14883296	890000	70000	194702457
70000	13423616	90000	70400	186892710
70000	14901552	900000	70000	193951902
70000	14919792	910000	70000	194868539
70000	14938048	920000	70000	195598812
70000	14956288	930000	70000	196734317
70000	14974528	940000	70000	196790207
70000	14992784	950000	70000	195535493
70000	15011024	960000	70000	197019758
70000	15029264	970000	70000	196060057
70000	15047520	980000	70000	196574416
70000	15065760	990000	70000	197294934
80000	13277648	10000	208564	333234507
80000	13441856	100000	80520	211364647
80000	15084016	1000000	80000	223472230
80000	13460112	110000	80408	211528535
80000	13478352	120000	80294	211644427
80000	13496592	130000	80164	210276988
80000	13514848	140000	80156	210402094
80000	13533088	150000	80090	210183942
80000	13551344	160000	80118	211918007
80000	13569584	170000	80048	211189555
80000	13587824	180000	80054	209900848
80000	13606080	190000	80072	210326844
80000	13295888	20000	126370	257341731
80000	13624320	200000	80048	211258657
80000	13642560	210000	80018	209969787
80000	13660816	220000	80030	211466563
80000	13679056	230000	80014	209864179
80000	13697312	240000	80006	210086686
80000	13715552	250000	80010	211310998
80000	13733792	260000	80006	211314703
80000	13752048	270000	80008	211682115
80000	13770288	280000	80018	210766234
80000	13788544	290000	80020	210785249
80000	13314144	30000	100190	231738522
80000	13806784	300000	80008	210451194
80000	13825024	310000	80010	209914121
80000	13843280	320000	80006	210548021
80000	13861520	330000	80004	212416814
80000	13879760	340000	80002	211569958
80000	13898016	350000	80000	210424465
80000	13916256	360000	80004	212412793
80000	13934512	370000	80004	210987432
80000	13952752	380000	80000	212810059
80000	13970992	390000	80000	211741817
80000	13332384	40000	90182	222779177
80000	13989248	400000	80004	212359325
80000	14007488	410000	80008	212959604
80000	14025744	420000	80002	211431672
80000	14043984	430000	80000	213918273
80000	14062224	440000	80000	212834149
80000	14080480	450000	80000	213689511
80000	14098720	460000	80002	213848372
80000	14116960	470000	80002	213499237
80000	14135216	480000	80000	214525799
80000	14153456	490000	80004	216613890
80000	13350624	50000	85248	217977000
80000	14171712	500000	80000	214214161
80000	14189952	510000	80000	215695388
80000	14208192	520000	80002	215024087
80000	14226448	530000	80000	214306041
80000	14244688	540000	80000	215232577
80000	14262928	550000	80000	216276137
80000	14281184	560000	80002	218160902
80000	14299424	570000	80002	214881388
80000	14317680	580000	80000	215193480
80000	14335920	590000	80000	217267777
80000	13368880	60000	83120	215669341
80000	14354160	600000	80000	216780602
80000	14372416	610000	80000	218531491
80000	14390656	620000	80002	216979684
80000	14408912	630000	80000	219074107
80000	14427152	640000	80002	218064672
80000	14445392	650000	80000	219331855
80000	14463648	660000	80000	218513129
80000	14481888	670000	80000	219254442
80000	14500128	680000	80000	217274198
80000	14518384	690000	80000	217795370
80000	13387120	70000	81948	215036601
80000	14536624	700000	80000	219021716
80000	14554880	710000	80000	219182411
80000	14573120	720000	80000	218102312
80000	14591360	730000	80000	218148905
80000	14609616	740000	80000	219219157
80000	14627856	750000	80000	218581339
80000	14646096	760000	80000	219764279
80000	14664352	770000	80000	218945208
80000	14682592	780000	80000	219450855
80000	14700848	790000	80000	220183582
80000	13405376	80000	81348	212731053
80000	14719088	800000	80000	219248271
80000	14737328	810000	80000	219803285
80000	14755584	820000	80000	220838226
80000	14773824	830000	80000	220988495
80000	14792080	840000	80000	220696421
80000	14810320	850000	80000	220110834
80000	14828560	860000	80002	220670562
80000	14846816	870000	80000	222804116
80000	14865056	880000	80000	221578780
80000	14883296	890000	80000	221454352
80000	13423616	90000	80790	212837067
80000	14901552	900000	80000	222881271
80000	14919792	910000	80000	222145037
80000	14938048	920000	80000	222057108
80000	14956288	930000	80000	221459506
80000	14974528	940000	80000	222948153
80000	14992784	950000	80000	222321268
80000	15011024	960000	80000	222150188
80000	15029264	970000	80000	222814180
80000	15047520	980000	80000	223949889
80000	15065760	990000	80000	224773614
90000	13277648	10000	254794	401937397
90000	13441856	100000	90934	239087484
90000	15084016	1000000	90000	252002771
90000	13460112	110000	90672	238661020
90000	13478352	120000	90472	238108574
90000	13496592	130000	90304	241029821
90000	13514848	140000	90260	237177184
90000	13533088	150000	90168	237718999
90000	13551344	160000	90158	238692410
90000	13569584	170000	90152	238321970
90000	13587824	180000	90068	237643050
90000	13606080	190000	90082	237959103
90000	13295888	20000	153668	301580078
90000	13624320	200000	90064	238080565
90000	13642560	210000	90062	238111952
90000	13660816	220000	90030	238264144
90000	13679056	230000	90038	237141582
90000	13697312	240000	90018	238050428
90000	13715552	250000	90026	238851269
90000	13733792	260000	90020	236883336
90000	13752048	270000	90024	238342925
90000	13770288	280000	90014	238458981
90000	13788544	290000	90008	237777085
90000	13314144	30000	118878	268232810
90000	13806784	300000	90010	236704957
90000	13825024	310000	90016	238859350
90000	13843280	320000	90008	239008425
90000	13861520	330000	90006	238913356
90000	13879760	340000	90012	239673300
90000	13898016	350000	90006	238822822
90000	13916256	360000	90004	237831845
90000	13934512	370000	90004	238520579
90000	13952752	380000	90004	239419658
90000	13970992	390000	90006	240890389
90000	13332384	40000	105042	255238609
90000	13989248	400000	90006	239174864
90000	14007488	410000	90004	240064002
90000	14025744	420000	90006	240510379
90000	14043984	430000	90004	240667707
90000	14062224	440000	90000	240534767
90000	14080480	450000	90004	240597802
90000	14098720	460000	90004	242407513
90000	14116960	470000	90000	241421564
90000	14135216	480000	90000	242013458
90000	14153456	490000	90004	241863300
90000	13350624	50000	98592	247680302
90000	14171712	500000	90000	242025301
90000	14189952	510000	90002	243174290
90000	14208192	520000	90000	241820484
90000	14226448	530000	90002	245397832
90000	14244688	540000	90000	242838894
90000	14262928	550000	90000	243126550
90000	14281184	560000	90002	243579045
90000	14299424	570000	90000	244493118
90000	14317680	580000	90002	244153264
90000	14335920	590000	90000	244140131
90000	13368880	60000	95216	244131286
90000	14354160	600000	90000	244818018
90000	14372416	610000	90000	245645668
90000	14390656	620000	90000	244626249
90000	14408912	630000	90000	245804304
90000	14427152	640000	90000	245956937
90000	14445392	650000	90000	246565569
90000	14463648	660000	90000	245212162
90000	14481888	670000	90002	245004790
90000	14500128	680000	90002	246814023
90000	14518384	690000	90000	245656292
90000	13387120	70000	93186	241976672
90000	14536624	700000	90000	246011815
90000	14554880	710000	90000	247505199
90000	14573120	720000	90000	246273878
90000	14591360	730000	90000	247690267
90000	14609616	740000	90000	247922260
90000	14627856	750000	90000	248466965
90000	14646096	760000	90000	247240568
90000	14664352	770000	90000	247650616
90000	14682592	780000	90000	249096384
90000	14700848	790000	90000	248658600
90000	13405376	80000	92084	240042584
90000	14719088	800000	90000	248920770
90000	14737328	810000	90000	249504523
90000	14755584	820000	90000	249930001
90000	14773824	830000	90000	247939340
90000	14792080	840000	90000	249864644
90000	14810320	850000	90000	250084116
90000	14828560	860000	90000	249018237
90000	14846816	870000	90000	250114859
90000	14865056	880000	90000	249380031
90000	14883296	890000	90000	251260522
90000	13423616	90000	91442	240784761
90000	14901552	900000	90000	250940079
90000	14919792	910000	90000	251749242
90000	14938048	920000	90000	251425499
90000	14956288	930000	90002	251041094
90000	14974528	940000	90000	251012354
90000	14992784	950000	90000	251308811
90000	15011024	960000	90000	252199983
90000	15029264	970000	90000	252670331
90000	15047520	980000	90000	252681938
90000	15065760	990000	90000	252456025
