1000000	115270024	2392833518	1000000
100000	11581480	393330091	100000
100000	11581480	165750689	100000
10000	1193648	151411144	10000
200000	23157952	353782664	200000
20000	2386488	87696827	20000
300000	36042792	553912188	300000
30000	3475256	50967703	30000
400000	46318792	709308272	400000
40000	4766960	63802875	40000
500000	57638888	928212878	500000
50000	5792376	78427172	50000
600000	72103424	1133329375	600000
60000	6814320	95309629	60000
700000	82371472	1314888043	700000
70000	7973832	112783048	70000
800000	94738240	1565381535	800000
80000	9525496	136968007	80000
900000	105008080	1695082367	900000
90000	10553264	152940914	90000
