1000000	304	205855470	0
100000	11581480	159886776	100000
10000	1193648	13843184	10000
200000	304	37840551	0
20000	2386488	29021854	20000
300000	304	53812942	0
30000	3475256	44118909	30000
400000	304	74839065	0
40000	4766960	61996821	40000
500000	304	95429741	0
50000	5792376	75793420	50000
600000	304	116552780	0
60000	6814320	92572449	60000
700000	304	138323315	0
70000	7973832	110165110	70000
800000	304	160529049	0
80000	9525496	132928737	80000
900000	304	182842409	0
90000	10553264	148095311	90000
