1000000	132242256	100000	0	191395615
1000000	133884416	1000000	0	191469515
1000000	150305920	10000000	0	191243479
1000000	134066864	1100000	0	191478612
1000000	134249328	1200000	0	192094918
1000000	134431792	1300000	0	191712801
1000000	134614256	1400000	0	191233823
1000000	134796720	1500000	0	191073486
1000000	134979184	1600000	0	191273945
1000000	135161632	1700000	0	191529867
1000000	135344096	1800000	0	191598870
1000000	135526560	1900000	0	192246025
1000000	132424720	200000	0	191158169
1000000	135709024	2000000	0	191273828
1000000	135891488	2100000	0	190920269
1000000	136073936	2200000	0	191051416
1000000	136256400	2300000	0	191004867
1000000	136438864	2400000	0	191173004
1000000	136621328	2500000	0	191050662
1000000	136803792	2600000	0	191504594
1000000	136986240	2700000	0	191573563
1000000	137168704	2800000	0	192158548
1000000	137351168	2900000	0	191263406
1000000	132607184	300000	0	191611710
1000000	137533632	3000000	0	191191498
1000000	137716096	3100000	0	191143913
1000000	137898560	3200000	0	191230612
1000000	138081008	3300000	0	191359340
1000000	138263472	3400000	0	191146747
1000000	138445936	3500000	0	192603499
1000000	138628400	3600000	0	190988762
1000000	138810864	3700000	0	192862876
1000000	138993312	3800000	0	191259027
1000000	139175776	3900000	0	192061036
1000000	132789648	400000	0	191302241
1000000	139358240	4000000	0	191049610
1000000	139540704	4100000	0	191194674
1000000	139723168	4200000	0	191173400
1000000	139905616	4300000	0	193213587
1000000	140088080	4400000	0	191246907
1000000	140270544	4500000	0	191017328
1000000	140453008	4600000	0	191461924
1000000	140635472	4700000	0	192542485
1000000	140817936	4800000	0	191037113
1000000	141000384	4900000	0	191478677
1000000	132972112	500000	0	191363942
1000000	141182848	5000000	0	191526430
1000000	141365312	5100000	0	191285025
1000000	141547776	5200000	0	191079880
1000000	141730240	5300000	0	191674791
1000000	141912688	5400000	0	191438176
1000000	142095152	5500000	0	191110636
1000000	142277616	5600000	0	192389986
1000000	142460080	5700000	0	191200089
1000000	142642544	5800000	0	191866029
1000000	142824992	5900000	0	191691660
1000000	133154560	600000	0	191195394
1000000	143007456	6000000	0	191166597
1000000	143189920	6100000	0	192434096
1000000	143372384	6200000	0	191152063
1000000	143554848	6300000	0	191452750
1000000	143737312	6400000	0	191486070
1000000	143919760	6500000	0	191057017
1000000	144102224	6600000	0	191389636
1000000	144284688	6700000	0	190982155
1000000	144467152	6800000	0	191130031
1000000	144649616	6900000	0	191255285
1000000	133337024	700000	0	191596831
1000000	144832064	7000000	0	191278838
1000000	145014528	7100000	0	192038409
1000000	145196992	7200000	0	191584379
1000000	145379456	7300000	0	191215003
1000000	145561920	7400000	0	191391621
1000000	145744384	7500000	0	197319313
1000000	145926832	7600000	0	191265132
1000000	146109296	7700000	0	191473729
1000000	146291760	7800000	0	191788068
1000000	146474224	7900000	0	193672388
1000000	133519488	800000	0	191664983
1000000	146656688	8000000	0	190962519
1000000	146839136	8100000	0	191131403
1000000	147021600	8200000	0	191179082
1000000	147204064	8300000	0	192376860
1000000	147386528	8400000	0	191904063
1000000	147568992	8500000	0	191419312
1000000	147751440	8600000	0	191200459
1000000	147933904	8700000	0	191414831
1000000	148116368	8800000	0	191020272
1000000	148298832	8900000	0	191151973
1000000	133701952	900000	0	191391634
1000000	148481296	9000000	0	191448787
1000000	148663760	9100000	0	190895809
1000000	148846208	9200000	0	193156964
1000000	149028672	9300000	0	191248993
1000000	149211136	9400000	0	190950731
1000000	149393600	9500000	0	191398811
1000000	149576064	9600000	0	191120211
1000000	149758512	9700000	0	191236625
1000000	149940976	9800000	0	191217481
1000000	150123440	9900000	0	191025848
100000	132242256	100000	0	16259930
100000	133884416	1000000	0	15366240
100000	150305904	10000000	0	15019041
100000	134066864	1100000	0	16136913
100000	134249328	1200000	0	15234747
100000	134431792	1300000	0	16085886
100000	134614256	1400000	0	15160009
100000	134796720	1500000	0	16115784
100000	134979184	1600000	0	17188027
100000	135161632	1700000	0	17126370
100000	135344096	1800000	0	15215784
100000	135526560	1900000	0	15169776
100000	132424720	200000	0	15120860
100000	135709024	2000000	0	16874289
100000	135891488	2100000	0	16131299
100000	136073936	2200000	0	15114793
100000	136256400	2300000	0	15145542
100000	136438864	2400000	0	17152672
100000	136621328	2500000	0	15084523
100000	136803792	2600000	0	17170430
100000	136986240	2700000	0	17122132
100000	137168704	2800000	0	15124130
100000	137351168	2900000	0	15870101
100000	132607184	300000	0	15099192
100000	137533632	3000000	0	15898336
100000	137716096	3100000	0	15120217
100000	137898560	3200000	0	15689373
100000	138081008	3300000	0	16028020
100000	138263472	3400000	0	17180026
100000	138445936	3500000	0	16090249
100000	138628400	3600000	0	15183427
100000	138810864	3700000	0	15734856
100000	138993312	3800000	0	15689577
100000	139175776	3900000	0	15405228
100000	132789648	400000	0	15138766
100000	139358240	4000000	0	16396572
100000	139540704	4100000	0	15271164
100000	139723168	4200000	0	15123782
100000	139905616	4300000	0	15216660
100000	140088080	4400000	0	16146134
100000	140270544	4500000	0	15676680
100000	140453008	4600000	0	15288112
100000	140635472	4700000	0	15392088
100000	140817936	4800000	0	15216588
100000	141000384	4900000	0	15129818
100000	132972112	500000	0	15112555
100000	141182848	5000000	0	15458029
100000	141365312	5100000	0	15441884
100000	141547776	5200000	0	15381958
100000	141730240	5300000	0	15711451
100000	141912688	5400000	0	15563256
100000	142095152	5500000	0	15361460
100000	142277616	5600000	0	15129087
100000	142460080	5700000	0	15619930
100000	142642544	5800000	0	15163635
100000	142824992	5900000	0	15611333
100000	133154560	600000	0	15119103
100000	143007456	6000000	0	15092556
100000	143189920	6100000	0	15118118
100000	143372384	6200000	0	15133769
100000	143554848	6300000	0	15194302
100000	143737312	6400000	0	15134870
100000	143919760	6500000	0	15111971
100000	144102224	6600000	0	15116264
100000	144284688	6700000	0	15119033
100000	144467152	6800000	0	15168101
100000	144649616	6900000	0	15103145
100000	133337024	700000	0	15115719
100000	144832064	7000000	0	15162414
100000	145014528	7100000	0	15162219
100000	145196992	7200000	0	15037423
100000	145379456	7300000	0	15233877
100000	145561920	7400000	0	15055382
100000	145744384	7500000	0	15051237
100000	145926832	7600000	0	15050484
100000	146109296	7700000	0	15049971
100000	146291760	7800000	0	15057007
100000	146474224	7900000	0	15074298
100000	133519488	800000	0	16122575
100000	146656688	8000000	0	15047945
100000	146839136	8100000	0	15031351
100000	147021600	8200000	0	14991088
100000	147204064	8300000	0	15012252
100000	147386528	8400000	0	14990176
100000	147568992	8500000	0	15130501
100000	147751440	8600000	0	15011786
100000	147933904	8700000	0	15003634
100000	148116368	8800000	0	15003295
100000	148298832	8900000	0	14976338
100000	133701952	900000	0	15092581
100000	148481296	9000000	0	15012949
100000	148663760	9100000	0	15017041
100000	148846208	9200000	0	15005151
100000	149028672	9300000	0	14989151
100000	149211136	9400000	0	14972886
100000	149393600	9500000	0	15115041
100000	149576064	9600000	0	15192192
100000	149758512	9700000	0	15006642
100000	149940976	9800000	0	15119965
100000	150123440	9900000	0	15037797
10000	13442224	100000	0	1645099
10000	15084384	1000000	0	1543239
10000	15266832	1100000	0	1661132
10000	15449296	1200000	0	1634986
10000	15631760	1300000	0	1678441
10000	15814224	1400000	0	1579367
10000	15996688	1500000	0	1714392
10000	16179152	1600000	0	1620159
10000	16361600	1700000	0	1631297
10000	16544064	1800000	0	1525255
10000	16726528	1900000	0	1692432
10000	13624688	200000	0	1543097
10000	16908992	2000000	0	1682893
10000	13807152	300000	0	1638587
10000	13989616	400000	0	1589014
10000	14172080	500000	0	1728934
10000	14354528	600000	0	1565186
10000	14536992	700000	0	1659074
10000	14719456	800000	0	1594618
10000	14901920	900000	0	1729745
200000	132242256	100000	0	31318856
200000	133884416	1000000	0	30688042
200000	150305904	10000000	0	30490920
200000	134066864	1100000	0	30727863
200000	134249328	1200000	0	30645590
200000	134431792	1300000	0	30447274
200000	134614256	1400000	0	30505508
200000	134796720	1500000	0	31823112
200000	134979184	1600000	0	30479035
200000	135161632	1700000	0	30697036
200000	135344096	1800000	0	32646641
200000	135526560	1900000	0	30714150
200000	132424720	200000	0	30490818
200000	135709024	2000000	0	30478876
200000	135891488	2100000	0	30433903
200000	136073936	2200000	0	30537886
200000	136256400	2300000	0	30509560
200000	136438864	2400000	0	30465753
200000	136621328	2500000	0	30486596
200000	136803792	2600000	0	30490765
200000	136986240	2700000	0	30698638
200000	137168704	2800000	0	30449212
200000	137351168	2900000	0	30518493
200000	132607184	300000	0	30450101
200000	137533632	3000000	0	30496624
200000	137716096	3100000	0	30440699
200000	137898560	3200000	0	30485192
200000	138081008	3300000	0	30562464
200000	138263472	3400000	0	30510076
200000	138445936	3500000	0	30687972
200000	138628400	3600000	0	30526504
200000	138810864	3700000	0	30539938
200000	138993312	3800000	0	30497203
200000	139175776	3900000	0	30508815
200000	132789648	400000	0	30834074
200000	139358240	4000000	0	30461359
200000	139540704	4100000	0	32596365
200000	139723168	4200000	0	30585685
200000	139905616	4300000	0	30521331
200000	140088080	4400000	0	31083651
200000	140270544	4500000	0	30492792
200000	140453008	4600000	0	30497738
200000	140635472	4700000	0	30476362
200000	140817936	4800000	0	30503189
200000	141000384	4900000	0	31497141
200000	132972112	500000	0	30475176
200000	141182848	5000000	0	30477419
200000	141365312	5100000	0	30724343
200000	141547776	5200000	0	30492459
200000	141730240	5300000	0	30553983
200000	141912688	5400000	0	32641112
200000	142095152	5500000	0	30503305
200000	142277616	5600000	0	30440802
200000	142460080	5700000	0	30432738
200000	142642544	5800000	0	30469666
200000	142824992	5900000	0	30918906
200000	133154560	600000	0	30467696
200000	143007456	6000000	0	30484722
200000	143189920	6100000	0	30521775
200000	143372384	6200000	0	30490281
200000	143554848	6300000	0	30525533
200000	143737312	6400000	0	30478372
200000	143919760	6500000	0	32624536
200000	144102224	6600000	0	30418228
200000	144284688	6700000	0	30456239
200000	144467152	6800000	0	31539939
200000	144649616	6900000	0	30442520
200000	133337024	700000	0	30479317
200000	144832064	7000000	0	30543034
200000	145014528	7100000	0	30708965
200000	145196992	7200000	0	30501195
200000	145379456	7300000	0	30492255
200000	145561920	7400000	0	30471626
200000	145744384	7500000	0	30491252
200000	145926832	7600000	0	30478836
200000	146109296	7700000	0	30994103
200000	146291760	7800000	0	30437009
200000	146474224	7900000	0	30486758
200000	133519488	800000	0	30772234
200000	146656688	8000000	0	30754504
200000	146839136	8100000	0	30662169
200000	147021600	8200000	0	30666426
200000	147204064	8300000	0	30492072
200000	147386528	8400000	0	30427115
200000	147568992	8500000	0	30431897
200000	147751440	8600000	0	30492127
200000	147933904	8700000	0	30434833
200000	148116368	8800000	0	30476816
200000	148298832	8900000	0	30487029
200000	133701952	900000	0	30760056
200000	148481296	9000000	0	30439855
200000	148663760	9100000	0	30449317
200000	148846208	9200000	0	30558823
200000	149028672	9300000	0	30454403
200000	149211136	9400000	0	30589770
200000	149393600	9500000	0	30478589
200000	149576064	9600000	0	30649732
200000	149758512	9700000	0	30470466
200000	149940976	9800000	0	30479772
200000	150123440	9900000	0	30483069
20000	13442224	100000	0	2995580
20000	15084384	1000000	0	3118045
20000	15266832	1100000	0	3881424
20000	15449296	1200000	0	3069613
20000	15631760	1300000	0	3091192
20000	15814224	1400000	0	3080765
20000	15996688	1500000	0	3087769
20000	16179152	1600000	0	3070448
20000	16361600	1700000	0	3172630
20000	16544064	1800000	0	3083222
20000	16726528	1900000	0	3074124
20000	13624688	200000	0	3060909
20000	16908992	2000000	0	3093483
20000	13807152	300000	0	3040478
20000	13989616	400000	0	3104158
20000	14172080	500000	0	3052361
20000	14354528	600000	0	3026308
20000	14536992	700000	0	2994177
20000	14719456	800000	0	3037278
20000	14901920	900000	0	3027044
300000	132242256	100000	0	47905444
300000	133884416	1000000	0	47913832
300000	150305904	10000000	0	47793051
300000	134066864	1100000	0	47820905
300000	134249328	1200000	0	47814127
300000	134431792	1300000	0	47802979
300000	134614256	1400000	0	47832545
300000	134796720	1500000	0	48540152
300000	134979184	1600000	0	47771457
300000	135161632	1700000	0	47830661
300000	135344096	1800000	0	47763556
300000	135526560	1900000	0	47775738
300000	132424720	200000	0	48799887
300000	135709024	2000000	0	47748815
300000	135891488	2100000	0	47923124
300000	136073936	2200000	0	48040036
300000	136256400	2300000	0	47959861
300000	136438864	2400000	0	48089682
300000	136621328	2500000	0	47824205
300000	136803792	2600000	0	47876014
300000	136986240	2700000	0	47896670
300000	137168704	2800000	0	47828809
300000	137351168	2900000	0	47940419
300000	132607184	300000	0	48854040
300000	137533632	3000000	0	48003236
300000	137716096	3100000	0	48656251
300000	137898560	3200000	0	47827561
300000	138081008	3300000	0	47776884
300000	138263472	3400000	0	47818430
300000	138445936	3500000	0	47864090
300000	138628400	3600000	0	48040044
300000	138810864	3700000	0	47897085
300000	138993312	3800000	0	48299621
300000	139175776	3900000	0	47885317
300000	132789648	400000	0	47881590
300000	139358240	4000000	0	47860016
300000	139540704	4100000	0	50108020
300000	139723168	4200000	0	47743557
300000	139905616	4300000	0	47800688
300000	140088080	4400000	0	48507065
300000	140270544	4500000	0	47842335
300000	140453008	4600000	0	47794156
300000	140635472	4700000	0	47754286
300000	140817936	4800000	0	47846593
300000	141000384	4900000	0	47815302
300000	132972112	500000	0	48889156
300000	141182848	5000000	0	47814475
300000	141365312	5100000	0	47849964
300000	141547776	5200000	0	47945094
300000	141730240	5300000	0	48586462
300000	141912688	5400000	0	47785523
300000	142095152	5500000	0	47992325
300000	142277616	5600000	0	47772581
300000	142460080	5700000	0	47898169
300000	142642544	5800000	0	47831224
300000	142824992	5900000	0	47811781
300000	133154560	600000	0	47777753
300000	143007456	6000000	0	47825931
300000	143189920	6100000	0	47854812
300000	143372384	6200000	0	47829231
300000	143554848	6300000	0	47960170
300000	143737312	6400000	0	48793107
300000	143919760	6500000	0	48077152
300000	144102224	6600000	0	47798790
300000	144284688	6700000	0	47864964
300000	144467152	6800000	0	47816382
300000	144649616	6900000	0	47870872
300000	133337024	700000	0	47779873
300000	144832064	7000000	0	47746670
300000	145014528	7100000	0	47826782
300000	145196992	7200000	0	47815250
300000	145379456	7300000	0	47796567
300000	145561920	7400000	0	47794895
300000	145744384	7500000	0	47819491
300000	145926832	7600000	0	47912589
300000	146109296	7700000	0	47961674
300000	146291760	7800000	0	47810391
300000	146474224	7900000	0	48326317
300000	133519488	800000	0	47850832
300000	146656688	8000000	0	48011874
300000	146839136	8100000	0	48028997
300000	147021600	8200000	0	47821199
300000	147204064	8300000	0	48089129
300000	147386528	8400000	0	47815825
300000	147568992	8500000	0	47926337
300000	147751440	8600000	0	47798588
300000	147933904	8700000	0	50044474
300000	148116368	8800000	0	48104022
300000	148298832	8900000	0	47736607
300000	133701952	900000	0	47760524
300000	148481296	9000000	0	47998530
300000	148663760	9100000	0	48012184
300000	148846208	9200000	0	47754156
300000	149028672	9300000	0	47808631
300000	149211136	9400000	0	47809220
300000	149393600	9500000	0	48849782
300000	149576064	9600000	0	49808985
300000	149758512	9700000	0	47878573
300000	149940976	9800000	0	47972989
300000	150123440	9900000	0	49867323
30000	13442224	100000	0	4564562
30000	15084384	1000000	0	4641903
30000	15266832	1100000	0	4634153
30000	15449296	1200000	0	4760778
30000	15631760	1300000	0	4705385
30000	15814224	1400000	0	4647971
30000	15996688	1500000	0	4738819
30000	16179152	1600000	0	4634216
30000	16361600	1700000	0	4599078
30000	16544064	1800000	0	4626599
30000	16726528	1900000	0	4674059
30000	13624688	200000	0	4531662
30000	16908992	2000000	0	4629529
30000	13807152	300000	0	4536410
30000	13989616	400000	0	4622509
30000	14172080	500000	0	4702219
30000	14354528	600000	0	4561138
30000	14536992	700000	0	4556122
30000	14719456	800000	0	4571833
30000	14901920	900000	0	4556948
400000	132242256	100000	0	65423415
400000	133884416	1000000	0	65776788
400000	150305904	10000000	0	65410158
400000	134066864	1100000	0	65629669
400000	134249328	1200000	0	65629960
400000	134431792	1300000	0	65576363
400000	134614256	1400000	0	65472839
400000	134796720	1500000	0	65340116
400000	134979184	1600000	0	66177750
400000	135161632	1700000	0	65529565
400000	135344096	1800000	0	65639932
400000	135526560	1900000	0	65567636
400000	132424720	200000	0	65940878
400000	135709024	2000000	0	65378151
400000	135891488	2100000	0	65433703
400000	136073936	2200000	0	65378434
400000	136256400	2300000	0	65382116
400000	136438864	2400000	0	65431708
400000	136621328	2500000	0	65531758
400000	136803792	2600000	0	65397428
400000	136986240	2700000	0	66262059
400000	137168704	2800000	0	65604972
400000	137351168	2900000	0	65383069
400000	132607184	300000	0	65391498
400000	137533632	3000000	0	65432299
400000	137716096	3100000	0	65670184
400000	137898560	3200000	0	65799061
400000	138081008	3300000	0	65513847
400000	138263472	3400000	0	65363958
400000	138445936	3500000	0	65478983
400000	138628400	3600000	0	65310077
400000	138810864	3700000	0	65351709
400000	138993312	3800000	0	65407400
400000	139175776	3900000	0	65475536
400000	132789648	400000	0	65647036
400000	139358240	4000000	0	65420954
400000	139540704	4100000	0	65333876
400000	139723168	4200000	0	65438326
400000	139905616	4300000	0	65419813
400000	140088080	4400000	0	65540758
400000	140270544	4500000	0	65439377
400000	140453008	4600000	0	65412940
400000	140635472	4700000	0	65470251
400000	140817936	4800000	0	66365015
400000	141000384	4900000	0	65368756
400000	132972112	500000	0	65619723
400000	141182848	5000000	0	65405510
400000	141365312	5100000	0	65684593
400000	141547776	5200000	0	65392353
400000	141730240	5300000	0	65352552
400000	141912688	5400000	0	65745604
400000	142095152	5500000	0	65323898
400000	142277616	5600000	0	65386421
400000	142460080	5700000	0	65372893
400000	142642544	5800000	0	65435354
400000	142824992	5900000	0	65736825
400000	133154560	600000	0	65690601
400000	143007456	6000000	0	65389094
400000	143189920	6100000	0	65372680
400000	143372384	6200000	0	65602452
400000	143554848	6300000	0	65307938
400000	143737312	6400000	0	65648979
400000	143919760	6500000	0	65431331
400000	144102224	6600000	0	65558335
400000	144284688	6700000	0	65324087
400000	144467152	6800000	0	65309661
400000	144649616	6900000	0	65626753
400000	133337024	700000	0	65677237
400000	144832064	7000000	0	65371003
400000	145014528	7100000	0	65418073
400000	145196992	7200000	0	65308259
400000	145379456	7300000	0	66304146
400000	145561920	7400000	0	65287650
400000	145744384	7500000	0	65329803
400000	145926832	7600000	0	65424936
400000	146109296	7700000	0	65308281
400000	146291760	7800000	0	65361262
400000	146474224	7900000	0	65482702
400000	133519488	800000	0	65605135
400000	146656688	8000000	0	65326060
400000	146839136	8100000	0	65361536
400000	147021600	8200000	0	65391828
400000	147204064	8300000	0	65486659
400000	147386528	8400000	0	65366332
400000	147568992	8500000	0	65364707
400000	147751440	8600000	0	65372932
400000	147933904	8700000	0	65558291
400000	148116368	8800000	0	65342324
400000	148298832	8900000	0	65525352
400000	133701952	900000	0	65639317
400000	148481296	9000000	0	65413297
400000	148663760	9100000	0	65514504
400000	148846208	9200000	0	65425625
400000	149028672	9300000	0	65341923
400000	149211136	9400000	0	65566715
400000	149393600	9500000	0	65448199
400000	149576064	9600000	0	65348426
400000	149758512	9700000	0	65314070
400000	149940976	9800000	0	65331309
400000	150123440	9900000	0	65429741
40000	13442224	100000	0	6126757
40000	15084384	1000000	0	6309842
40000	15266832	1100000	0	6282711
40000	15449296	1200000	0	6229587
40000	15631760	1300000	0	6535709
40000	15814224	1400000	0	6376082
40000	15996688	1500000	0	6272048
40000	16179152	1600000	0	6245584
40000	16361600	1700000	0	6374763
40000	16544064	1800000	0	7867416
40000	16726528	1900000	0	6270986
40000	13624688	200000	0	7595246
40000	16908992	2000000	0	6269538
40000	13807152	300000	0	6131343
40000	13989616	400000	0	6133669
40000	14172080	500000	0	6110055
40000	14354528	600000	0	6114894
40000	14536992	700000	0	6133827
40000	14719456	800000	0	6160123
40000	14901920	900000	0	6113187
500000	132242256	100000	0	84812444
500000	133884416	1000000	0	85778357
500000	150305904	10000000	0	84789547
500000	134066864	1100000	0	84785018
500000	134249328	1200000	0	84808807
500000	134431792	1300000	0	84773366
500000	134614256	1400000	0	85076411
500000	134796720	1500000	0	84745919
500000	134979184	1600000	0	84831071
500000	135161632	1700000	0	85462859
500000	135344096	1800000	0	84686727
500000	135526560	1900000	0	85623572
500000	132424720	200000	0	84816137
500000	135709024	2000000	0	85074512
500000	135891488	2100000	0	84710543
500000	136073936	2200000	0	85314986
500000	136256400	2300000	0	86068193
500000	136438864	2400000	0	84842225
500000	136621328	2500000	0	84804659
500000	136803792	2600000	0	84832785
500000	136986240	2700000	0	84788180
500000	137168704	2800000	0	84724648
500000	137351168	2900000	0	84880483
500000	132607184	300000	0	85809985
500000	137533632	3000000	0	85417760
500000	137716096	3100000	0	84882868
500000	137898560	3200000	0	84859021
500000	138081008	3300000	0	85086164
500000	138263472	3400000	0	85727005
500000	138445936	3500000	0	85749238
500000	138628400	3600000	0	85035674
500000	138810864	3700000	0	84997454
500000	138993312	3800000	0	84809660
500000	139175776	3900000	0	84888443
500000	132789648	400000	0	84716541
500000	139358240	4000000	0	84857676
500000	139540704	4100000	0	85001122
500000	139723168	4200000	0	84834596
500000	139905616	4300000	0	84860377
500000	140088080	4400000	0	84908612
500000	140270544	4500000	0	85005303
500000	140453008	4600000	0	84672236
500000	140635472	4700000	0	84700954
500000	140817936	4800000	0	84782855
500000	141000384	4900000	0	85104829
500000	132972112	500000	0	84696938
500000	141182848	5000000	0	84819158
500000	141365312	5100000	0	84874175
500000	141547776	5200000	0	84982814
500000	141730240	5300000	0	84804889
500000	141912688	5400000	0	84889891
500000	142095152	5500000	0	84978123
500000	142277616	5600000	0	84755684
500000	142460080	5700000	0	84689195
500000	142642544	5800000	0	85126908
500000	142824992	5900000	0	84845327
500000	133154560	600000	0	84872323
500000	143007456	6000000	0	84751151
500000	143189920	6100000	0	84866916
500000	143372384	6200000	0	84768004
500000	143554848	6300000	0	85032002
500000	143737312	6400000	0	84640152
500000	143919760	6500000	0	85067876
500000	144102224	6600000	0	84831440
500000	144284688	6700000	0	85108620
500000	144467152	6800000	0	84759702
500000	144649616	6900000	0	84868576
500000	133337024	700000	0	84862439
500000	144832064	7000000	0	84970257
500000	145014528	7100000	0	84686711
500000	145196992	7200000	0	85025890
500000	145379456	7300000	0	86630287
500000	145561920	7400000	0	84943120
500000	145744384	7500000	0	84693829
500000	145926832	7600000	0	85060435
500000	146109296	7700000	0	84726421
500000	146291760	7800000	0	84690190
500000	146474224	7900000	0	84749131
500000	133519488	800000	0	84837150
500000	146656688	8000000	0	84766993
500000	146839136	8100000	0	84786588
500000	147021600	8200000	0	84837200
500000	147204064	8300000	0	84801571
500000	147386528	8400000	0	84695775
500000	147568992	8500000	0	84954392
500000	147751440	8600000	0	84852274
500000	147933904	8700000	0	84678408
500000	148116368	8800000	0	87059820
500000	148298832	8900000	0	84730612
500000	133701952	900000	0	84722013
500000	148481296	9000000	0	84732391
500000	148663760	9100000	0	85005291
500000	148846208	9200000	0	84822856
500000	149028672	9300000	0	85107096
500000	149211136	9400000	0	84742981
500000	149393600	9500000	0	85592734
500000	149576064	9600000	0	84755210
500000	149758512	9700000	0	84787890
500000	149940976	9800000	0	84968579
500000	150123440	9900000	0	84974766
50000	13442224	100000	0	7789030
50000	15084384	1000000	0	7903562
50000	15266832	1100000	0	7908768
50000	15449296	1200000	0	7897029
50000	15631760	1300000	0	7914974
50000	15814224	1400000	0	7897760
50000	15996688	1500000	0	7927105
50000	16179152	1600000	0	7912533
50000	16361600	1700000	0	7896963
50000	16544064	1800000	0	7914720
50000	16726528	1900000	0	7876647
50000	13624688	200000	0	7706321
50000	16908992	2000000	0	7899959
50000	13807152	300000	0	7701225
50000	13989616	400000	0	7700591
50000	14172080	500000	0	8762736
50000	14354528	600000	0	7671896
50000	14536992	700000	0	7749373
50000	14719456	800000	0	7705814
50000	14901920	900000	0	8088968
600000	132242256	100000	0	104881313
600000	133884416	1000000	0	104827024
600000	150305904	10000000	0	105978453
600000	134066864	1100000	0	104801617
600000	134249328	1200000	0	105640210
600000	134431792	1300000	0	104888001
600000	134614256	1400000	0	104813610
600000	134796720	1500000	0	104875803
600000	134979184	1600000	0	105401135
600000	135161632	1700000	0	105083551
600000	135344096	1800000	0	104758364
600000	135526560	1900000	0	104762374
600000	132424720	200000	0	104716556
600000	135709024	2000000	0	104935796
600000	135891488	2100000	0	104978891
600000	136073936	2200000	0	104815720
600000	136256400	2300000	0	106719655
600000	136438864	2400000	0	104842115
600000	136621328	2500000	0	105174320
600000	136803792	2600000	0	105024762
600000	136986240	2700000	0	105129087
600000	137168704	2800000	0	104753856
600000	137351168	2900000	0	104835890
600000	132607184	300000	0	104881227
600000	137533632	3000000	0	106981257
600000	137716096	3100000	0	105576129
600000	137898560	3200000	0	104906395
600000	138081008	3300000	0	104821777
600000	138263472	3400000	0	105163634
600000	138445936	3500000	0	105338783
600000	138628400	3600000	0	104888820
600000	138810864	3700000	0	104978045
600000	138993312	3800000	0	104965473
600000	139175776	3900000	0	105228059
600000	132789648	400000	0	104917050
600000	139358240	4000000	0	104844219
600000	139540704	4100000	0	105551890
600000	139723168	4200000	0	105104593
600000	139905616	4300000	0	105137495
600000	140088080	4400000	0	104770225
600000	140270544	4500000	0	104859395
600000	140453008	4600000	0	105094022
600000	140635472	4700000	0	105081306
600000	140817936	4800000	0	105037326
600000	141000384	4900000	0	104936238
600000	132972112	500000	0	105979567
600000	141182848	5000000	0	105314197
600000	141365312	5100000	0	105823110
600000	141547776	5200000	0	105181091
600000	141730240	5300000	0	104916768
600000	141912688	5400000	0	104964877
600000	142095152	5500000	0	104803139
600000	142277616	5600000	0	105308270
600000	142460080	5700000	0	104792211
600000	142642544	5800000	0	104910084
600000	142824992	5900000	0	106092860
600000	133154560	600000	0	104849823
600000	143007456	6000000	0	106891462
600000	143189920	6100000	0	105057001
600000	143372384	6200000	0	104938361
600000	143554848	6300000	0	104921083
600000	143737312	6400000	0	106852502
600000	143919760	6500000	0	104911194
600000	144102224	6600000	0	106526218
600000	144284688	6700000	0	104896204
600000	144467152	6800000	0	105201500
600000	144649616	6900000	0	104879813
600000	133337024	700000	0	104988544
600000	144832064	7000000	0	105005567
600000	145014528	7100000	0	104940024
600000	145196992	7200000	0	104929947
600000	145379456	7300000	0	105168087
600000	145561920	7400000	0	104805326
600000	145744384	7500000	0	105127958
600000	145926832	7600000	0	104906688
600000	146109296	7700000	0	107232843
600000	146291760	7800000	0	105004603
600000	146474224	7900000	0	105000234
600000	133519488	800000	0	104845942
600000	146656688	8000000	0	104873052
600000	146839136	8100000	0	105046412
600000	147021600	8200000	0	105790182
600000	147204064	8300000	0	105110457
600000	147386528	8400000	0	104872384
600000	147568992	8500000	0	104953154
600000	147751440	8600000	0	104812623
600000	147933904	8700000	0	105264092
600000	148116368	8800000	0	104919887
600000	148298832	8900000	0	104903631
600000	133701952	900000	0	104887083
600000	148481296	9000000	0	105079508
600000	148663760	9100000	0	104895357
600000	148846208	9200000	0	105095845
600000	149028672	9300000	0	105093693
600000	149211136	9400000	0	104849545
600000	149393600	9500000	0	104898485
600000	149576064	9600000	0	104767078
600000	149758512	9700000	0	105126951
600000	149940976	9800000	0	104976811
600000	150123440	9900000	0	104918885
60000	13442224	100000	0	9261591
60000	15084384	1000000	0	9555244
60000	15266832	1100000	0	9569196
60000	15449296	1200000	0	9532791
60000	15631760	1300000	0	9536211
60000	15814224	1400000	0	9528909
60000	15996688	1500000	0	9548913
60000	16179152	1600000	0	9513179
60000	16361600	1700000	0	9526226
60000	16544064	1800000	0	9551823
60000	16726528	1900000	0	9558700
60000	13624688	200000	0	9268354
60000	16908992	2000000	0	9561631
60000	13807152	300000	0	10427101
60000	13989616	400000	0	11392962
60000	14172080	500000	0	9260974
60000	14354528	600000	0	9274340
60000	14536992	700000	0	9277675
60000	14719456	800000	0	9287578
60000	14901920	900000	0	9344611
700000	132242256	100000	0	126063404
700000	133884416	1000000	0	125992833
700000	150305904	10000000	0	125846374
700000	134066864	1100000	0	125680899
700000	134249328	1200000	0	125735046
700000	134431792	1300000	0	125725058
700000	134614256	1400000	0	125727975
700000	134796720	1500000	0	126432475
700000	134979184	1600000	0	125780314
700000	135161632	1700000	0	125724260
700000	135344096	1800000	0	126081155
700000	135526560	1900000	0	126017797
700000	132424720	200000	0	126845640
700000	135709024	2000000	0	125936122
700000	135891488	2100000	0	126074059
700000	136073936	2200000	0	125695167
700000	136256400	2300000	0	125749143
700000	136438864	2400000	0	125754986
700000	136621328	2500000	0	125812539
700000	136803792	2600000	0	126496954
700000	136986240	2700000	0	125869279
700000	137168704	2800000	0	125726479
700000	137351168	2900000	0	126188590
700000	132607184	300000	0	126677181
700000	137533632	3000000	0	125791799
700000	137716096	3100000	0	125861435
700000	137898560	3200000	0	126049823
700000	138081008	3300000	0	125850047
700000	138263472	3400000	0	125738280
700000	138445936	3500000	0	125738085
700000	138628400	3600000	0	126018841
700000	138810864	3700000	0	125753743
700000	138993312	3800000	0	126733379
700000	139175776	3900000	0	125752500
700000	132789648	400000	0	126014052
700000	139358240	4000000	0	126009555
700000	139540704	4100000	0	125898146
700000	139723168	4200000	0	125812557
700000	139905616	4300000	0	126019398
700000	140088080	4400000	0	127881157
700000	140270544	4500000	0	125681479
700000	140453008	4600000	0	125895246
700000	140635472	4700000	0	125963770
700000	140817936	4800000	0	127818604
700000	141000384	4900000	0	126389219
700000	132972112	500000	0	125740165
700000	141182848	5000000	0	125829216
700000	141365312	5100000	0	126219180
700000	141547776	5200000	0	126575008
700000	141730240	5300000	0	125788822
700000	141912688	5400000	0	126186085
700000	142095152	5500000	0	125801974
700000	142277616	5600000	0	125791005
700000	142460080	5700000	0	126068159
700000	142642544	5800000	0	125752242
700000	142824992	5900000	0	125841500
700000	133154560	600000	0	126241585
700000	143007456	6000000	0	125976552
700000	143189920	6100000	0	125855465
700000	143372384	6200000	0	126450869
700000	143554848	6300000	0	125807550
700000	143737312	6400000	0	126096398
700000	143919760	6500000	0	125824464
700000	144102224	6600000	0	125782829
700000	144284688	6700000	0	125948553
700000	144467152	6800000	0	125749360
700000	144649616	6900000	0	126038980
700000	133337024	700000	0	125937755
700000	144832064	7000000	0	125744622
700000	145014528	7100000	0	127815841
700000	145196992	7200000	0	125677500
700000	145379456	7300000	0	126118834
700000	145561920	7400000	0	125759276
700000	145744384	7500000	0	127723332
700000	145926832	7600000	0	125751603
700000	146109296	7700000	0	125746410
700000	146291760	7800000	0	126232797
700000	146474224	7900000	0	125865206
700000	133519488	800000	0	125760048
700000	146656688	8000000	0	126286052
700000	146839136	8100000	0	125825579
700000	147021600	8200000	0	125948288
700000	147204064	8300000	0	125788984
700000	147386528	8400000	0	126001869
700000	147568992	8500000	0	125772330
700000	147751440	8600000	0	126179475
700000	147933904	8700000	0	125747788
700000	148116368	8800000	0	126015451
700000	148298832	8900000	0	126130524
700000	133701952	900000	0	125706474
700000	148481296	9000000	0	125881722
700000	148663760	9100000	0	125852137
700000	148846208	9200000	0	125908615
700000	149028672	9300000	0	125750365
700000	149211136	9400000	0	126136529
700000	149393600	9500000	0	125660581
700000	149576064	9600000	0	125619623
700000	149758512	9700000	0	125892940
700000	149940976	9800000	0	125765900
700000	150123440	9900000	0	126035112
70000	13442224	100000	0	12611823
70000	15084384	1000000	0	11150847
70000	15266832	1100000	0	11176546
70000	15449296	1200000	0	11155745
70000	15631760	1300000	0	11154454
70000	15814224	1400000	0	11184821
70000	15996688	1500000	0	11165742
70000	16179152	1600000	0	11112926
70000	16361600	1700000	0	11111590
70000	16544064	1800000	0	11222740
70000	16726528	1900000	0	11097447
70000	13624688	200000	0	10886554
70000	16908992	2000000	0	11099945
70000	13807152	300000	0	10892303
70000	13989616	400000	0	10967599
70000	14172080	500000	0	10902235
70000	14354528	600000	0	10871555
70000	14536992	700000	0	11134581
70000	14719456	800000	0	10868409
70000	14901920	900000	0	10852042
800000	132242256	100000	0	147244307
800000	133884416	1000000	0	147110512
800000	150305904	10000000	0	147006825
800000	134066864	1100000	0	147105604
800000	134249328	1200000	0	147155055
800000	134431792	1300000	0	147258201
800000	134614256	1400000	0	147666603
800000	134796720	1500000	0	147448498
800000	134979184	1600000	0	147095344
800000	135161632	1700000	0	147298580
800000	135344096	1800000	0	147036570
800000	135526560	1900000	0	147255066
800000	132424720	200000	0	147091483
800000	135709024	2000000	0	147363045
800000	135891488	2100000	0	147482125
800000	136073936	2200000	0	147343086
800000	136256400	2300000	0	148381227
800000	136438864	2400000	0	147369504
800000	136621328	2500000	0	147239203
800000	136803792	2600000	0	146976316
800000	136986240	2700000	0	147051496
800000	137168704	2800000	0	147125508
800000	137351168	2900000	0	147092733
800000	132607184	300000	0	147252522
800000	137533632	3000000	0	147259191
800000	137716096	3100000	0	147378735
800000	137898560	3200000	0	147474121
800000	138081008	3300000	0	147325618
800000	138263472	3400000	0	147092120
800000	138445936	3500000	0	147310193
800000	138628400	3600000	0	147245692
800000	138810864	3700000	0	147540437
800000	138993312	3800000	0	147457281
800000	139175776	3900000	0	147034914
800000	132789648	400000	0	147307598
800000	139358240	4000000	0	147823172
800000	139540704	4100000	0	147420496
800000	139723168	4200000	0	147289342
800000	139905616	4300000	0	147070080
800000	140088080	4400000	0	147069589
800000	140270544	4500000	0	147562910
800000	140453008	4600000	0	147182436
800000	140635472	4700000	0	147323831
800000	140817936	4800000	0	147348667
800000	141000384	4900000	0	147406907
800000	132972112	500000	0	147144706
800000	141182848	5000000	0	147167214
800000	141365312	5100000	0	147153740
800000	141547776	5200000	0	148220297
800000	141730240	5300000	0	146993902
800000	141912688	5400000	0	147949872
800000	142095152	5500000	0	147772365
800000	142277616	5600000	0	146963101
800000	142460080	5700000	0	147319995
800000	142642544	5800000	0	147475674
800000	142824992	5900000	0	146938246
800000	133154560	600000	0	147092335
800000	143007456	6000000	0	147554744
800000	143189920	6100000	0	147082391
800000	143372384	6200000	0	147060860
800000	143554848	6300000	0	147336325
800000	143737312	6400000	0	147148519
800000	143919760	6500000	0	147637830
800000	144102224	6600000	0	147109537
800000	144284688	6700000	0	147273930
800000	144467152	6800000	0	147111889
800000	144649616	6900000	0	147095022
800000	133337024	700000	0	147139533
800000	144832064	7000000	0	149066555
800000	145014528	7100000	0	147083257
800000	145196992	7200000	0	147495438
800000	145379456	7300000	0	147131637
800000	145561920	7400000	0	147410669
800000	145744384	7500000	0	148996891
800000	145926832	7600000	0	147681750
800000	146109296	7700000	0	147049811
800000	146291760	7800000	0	147440168
800000	146474224	7900000	0	147046171
800000	133519488	800000	0	147146237
800000	146656688	8000000	0	147436646
800000	146839136	8100000	0	147049194
800000	147021600	8200000	0	149250009
800000	147204064	8300000	0	147112549
800000	147386528	8400000	0	147413957
800000	147568992	8500000	0	147082599
800000	147751440	8600000	0	147387108
800000	147933904	8700000	0	147134140
800000	148116368	8800000	0	147352736
800000	148298832	8900000	0	147255664
800000	133701952	900000	0	147176857
800000	148481296	9000000	0	147229827
800000	148663760	9100000	0	147434014
800000	148846208	9200000	0	148940221
800000	149028672	9300000	0	147332656
800000	149211136	9400000	0	147276937
800000	149393600	9500000	0	148977926
800000	149576064	9600000	0	147312308
800000	149758512	9700000	0	147679594
800000	149940976	9800000	0	147111985
800000	150123440	9900000	0	147116025
80000	13442224	100000	0	12422176
80000	15084384	1000000	0	12779153
80000	15266832	1100000	0	12758518
80000	15449296	1200000	0	12761483
80000	15631760	1300000	0	12830777
80000	15814224	1400000	0	13859537
80000	15996688	1500000	0	12813787
80000	16179152	1600000	0	12771679
80000	16361600	1700000	0	13736011
80000	16544064	1800000	0	12770061
80000	16726528	1900000	0	12746162
80000	13624688	200000	0	12517507
80000	16908992	2000000	0	12803728
80000	13807152	300000	0	12431531
80000	13989616	400000	0	12506676
80000	14172080	500000	0	12481740
80000	14354528	600000	0	12526382
80000	14536992	700000	0	12460314
80000	14719456	800000	0	13473729
80000	14901920	900000	0	12412152
900000	132242256	100000	0	168889417
900000	133884416	1000000	0	168747238
900000	150305904	10000000	0	169034049
900000	134066864	1100000	0	168794262
900000	134249328	1200000	0	168909387
900000	134431792	1300000	0	168886804
900000	134614256	1400000	0	168872268
900000	134796720	1500000	0	169342427
900000	134979184	1600000	0	169052732
900000	135161632	1700000	0	168972473
900000	135344096	1800000	0	169027762
900000	135526560	1900000	0	170328803
900000	132424720	200000	0	168703015
900000	135709024	2000000	0	168862106
900000	135891488	2100000	0	169874290
900000	136073936	2200000	0	168823859
900000	136256400	2300000	0	168766335
900000	136438864	2400000	0	169040565
900000	136621328	2500000	0	169220515
900000	136803792	2600000	0	169279689
900000	136986240	2700000	0	169120503
900000	137168704	2800000	0	168805798
900000	137351168	2900000	0	168780672
900000	132607184	300000	0	168977866
900000	137533632	3000000	0	169145077
900000	137716096	3100000	0	168747544
900000	137898560	3200000	0	169913877
900000	138081008	3300000	0	169026932
900000	138263472	3400000	0	169373774
900000	138445936	3500000	0	168764306
900000	138628400	3600000	0	168796682
900000	138810864	3700000	0	168981863
900000	138993312	3800000	0	168960073
900000	139175776	3900000	0	170963363
900000	132789648	400000	0	169179283
900000	139358240	4000000	0	168843467
900000	139540704	4100000	0	168945327
900000	139723168	4200000	0	169295342
900000	139905616	4300000	0	169130196
900000	140088080	4400000	0	169058860
900000	140270544	4500000	0	168831473
900000	140453008	4600000	0	169073554
900000	140635472	4700000	0	168802735
900000	140817936	4800000	0	168975920
900000	141000384	4900000	0	169117447
900000	132972112	500000	0	168995990
900000	141182848	5000000	0	169356378
900000	141365312	5100000	0	169438371
900000	141547776	5200000	0	168935005
900000	141730240	5300000	0	169926087
900000	141912688	5400000	0	168779901
900000	142095152	5500000	0	169720727
900000	142277616	5600000	0	169106659
900000	142460080	5700000	0	170773789
900000	142642544	5800000	0	169057073
900000	142824992	5900000	0	168781849
900000	133154560	600000	0	169290253
900000	143007456	6000000	0	168873682
900000	143189920	6100000	0	170147093
900000	143372384	6200000	0	168746111
900000	143554848	6300000	0	169378453
900000	143737312	6400000	0	168822936
900000	143919760	6500000	0	169248619
900000	144102224	6600000	0	168641342
900000	144284688	6700000	0	168926743
900000	144467152	6800000	0	169200681
900000	144649616	6900000	0	168756733
900000	133337024	700000	0	169089747
900000	144832064	7000000	0	169319629
900000	145014528	7100000	0	168667815
900000	145196992	7200000	0	168894327
900000	145379456	7300000	0	168957730
900000	145561920	7400000	0	169233752
900000	145744384	7500000	0	168720873
900000	145926832	7600000	0	169063930
900000	146109296	7700000	0	169036497
900000	146291760	7800000	0	168848358
900000	146474224	7900000	0	169263008
900000	133519488	800000	0	168901836
900000	146656688	8000000	0	168961264
900000	146839136	8100000	0	169984068
900000	147021600	8200000	0	168787618
900000	147204064	8300000	0	169197727
900000	147386528	8400000	0	168945985
900000	147568992	8500000	0	169021055
900000	147751440	8600000	0	168728190
900000	147933904	8700000	0	170856762
900000	148116368	8800000	0	169029101
900000	148298832	8900000	0	170574140
900000	133701952	900000	0	168940487
900000	148481296	9000000	0	169025735
900000	148663760	9100000	0	168975225
900000	148846208	9200000	0	168777392
900000	149028672	9300000	0	169220739
900000	149211136	9400000	0	168730726
900000	149393600	9500000	0	169204926
900000	149576064	9600000	0	168902039
900000	149758512	9700000	0	168702994
900000	149940976	9800000	0	169306110
900000	150123440	9900000	0	168783224
90000	13442224	100000	0	14065002
90000	15084384	1000000	0	14376415
90000	15266832	1100000	0	14361570
90000	15449296	1200000	0	14366994
90000	15631760	1300000	0	14439195
90000	15814224	1400000	0	14444570
90000	15996688	1500000	0	14387912
90000	16179152	1600000	0	14451156
90000	16361600	1700000	0	14461835
90000	16544064	1800000	0	14376471
90000	16726528	1900000	0	14561931
90000	13624688	200000	0	14101743
90000	16908992	2000000	0	14461342
90000	13807152	300000	0	14061975
90000	13989616	400000	0	14008157
90000	14172080	500000	0	14002924
90000	14354528	600000	0	14088479
90000	14536992	700000	0	14096650
90000	14719456	800000	0	13998712
90000	14901920	900000	0	16043987
