100000	13277664	10000	0	15913681
100000	13441872	100000	0	17610332
100000	15084032	1000000	0	15162340
100000	13460128	110000	0	14889200
100000	13478368	120000	0	17471235
100000	13496608	130000	0	17645964
100000	13514864	140000	0	16424220
100000	13533104	150000	0	16927188
100000	13551360	160000	0	15776813
100000	13569600	170000	0	16386223
100000	13587840	180000	0	14811521
100000	13606096	190000	0	15155305
100000	13295904	20000	0	16461016
100000	13624336	200000	0	16154083
100000	13642576	210000	0	17938515
100000	13660832	220000	0	15823470
100000	13679072	230000	0	17899387
100000	13697328	240000	0	16027860
100000	13715568	250000	0	15429612
100000	13733808	260000	0	16938335
100000	13752064	270000	0	16702371
100000	13770304	280000	0	17808961
100000	13788560	290000	0	16200892
100000	13314160	30000	0	15694641
100000	13806800	300000	0	17093018
100000	13825040	310000	0	14610818
100000	13843296	320000	0	16084763
100000	13861536	330000	0	15356046
100000	13879776	340000	0	17298169
100000	13898032	350000	0	15985472
100000	13916272	360000	0	16867283
100000	13934528	370000	0	14690706
100000	13952768	380000	0	15293859
100000	13971008	390000	0	16236297
100000	13332400	40000	0	15804630
100000	13989264	400000	0	16289100
100000	14007504	410000	0	15259813
100000	14025760	420000	0	16287498
100000	14044000	430000	0	15281691
100000	14062240	440000	0	16425717
100000	14080496	450000	0	16886890
100000	14098736	460000	0	17854439
100000	14116976	470000	0	15778899
100000	14135232	480000	0	16007643
100000	14153472	490000	0	16806400
100000	13350640	50000	0	15929954
100000	14171728	500000	0	17843081
100000	14189968	510000	0	16436009
100000	14208208	520000	0	14737327
100000	14226464	530000	0	16220318
100000	14244704	540000	0	16889312
100000	14262944	550000	0	14541298
100000	14281200	560000	0	17018381
100000	14299440	570000	0	16813349
100000	14317696	580000	0	16122014
100000	14335936	590000	0	14542093
100000	13368896	60000	0	15998153
100000	14354176	600000	0	16263812
100000	14372432	610000	0	15511707
100000	14390672	620000	0	15939028
100000	14408928	630000	0	17310702
100000	14427168	640000	0	14939807
100000	14445408	650000	0	16080442
100000	14463664	660000	0	14558666
100000	14481904	670000	0	16608373
100000	14500144	680000	0	14669130
100000	14518400	690000	0	17047630
100000	13387136	70000	0	16828541
100000	14536640	700000	0	15515962
100000	14554896	710000	0	16059453
100000	14573136	720000	0	15900718
100000	14591376	730000	0	15262673
100000	14609632	740000	0	15868259
100000	14627872	750000	0	16656525
100000	14646112	760000	0	16430895
100000	14664368	770000	0	14530027
100000	14682608	780000	0	14537449
100000	14700864	790000	0	14550639
100000	13405392	80000	0	15708468
100000	14719104	800000	0	16811809
100000	14737344	810000	0	16074111
100000	14755600	820000	0	15617876
100000	14773840	830000	0	16733202
100000	14792096	840000	0	16542674
100000	14810336	850000	0	16911157
100000	14828576	860000	0	16308428
100000	14846832	870000	0	15172803
100000	14865072	880000	0	15991375
100000	14883312	890000	0	14520548
100000	13423632	90000	0	15945257
100000	14901568	900000	0	14962285
100000	14919808	910000	0	16708103
100000	14938064	920000	0	15742135
100000	14956304	930000	0	16315451
100000	14974544	940000	0	15869808
100000	14992800	950000	0	16483895
100000	15011040	960000	0	17832410
100000	15029280	970000	0	14535243
100000	15047536	980000	0	17619671
100000	15065776	990000	0	16862936
10000	13277648	10000	0	1466217
10000	13441856	100000	0	1867135
10000	15084032	1000000	0	1692469
10000	13460112	110000	0	1881469
10000	13478352	120000	0	1878914
10000	13496592	130000	0	1884012
10000	13514848	140000	0	1866467
10000	13533088	150000	0	1868118
10000	13551344	160000	0	1878436
10000	13569584	170000	0	1878954
10000	13587824	180000	0	1672603
10000	13606080	190000	0	1465872
10000	13295888	20000	0	1882168
10000	13624320	200000	0	1779737
10000	13642560	210000	0	1875388
10000	13660816	220000	0	1867890
10000	13679056	230000	0	1878114
10000	13697312	240000	0	1874668
10000	13715552	250000	0	1459495
10000	13733792	260000	0	1875228
10000	13752048	270000	0	1829893
10000	13770288	280000	0	1587164
10000	13788544	290000	0	1871337
10000	13314144	30000	0	1875657
10000	13806784	300000	0	1868632
10000	13825024	310000	0	1864193
10000	13843280	320000	0	1878332
10000	13861520	330000	0	1898146
10000	13879760	340000	0	1877299
10000	13898016	350000	0	1880019
10000	13916256	360000	0	1872111
10000	13934512	370000	0	1875962
10000	13952752	380000	0	1880596
10000	13970992	390000	0	1868038
10000	13332384	40000	0	1885266
10000	13989248	400000	0	1877334
10000	14007488	410000	0	1865434
10000	14025744	420000	0	1653294
10000	14043984	430000	0	1879099
10000	14062224	440000	0	1878442
10000	14080480	450000	0	1884234
10000	14098720	460000	0	1875300
10000	14116960	470000	0	1796266
10000	14135216	480000	0	1878346
10000	14153456	490000	0	1886381
10000	13350624	50000	0	1879845
10000	14171712	500000	0	1864263
10000	14189952	510000	0	1870404
10000	14208192	520000	0	1885427
10000	14226448	530000	0	1737783
10000	14244688	540000	0	1886382
10000	14262928	550000	0	1873657
10000	14281184	560000	0	1879737
10000	14299424	570000	0	1869087
10000	14317680	580000	0	1882646
10000	14335920	590000	0	1475804
10000	13368880	60000	0	1881472
10000	14354160	600000	0	1878479
10000	14372416	610000	0	1885220
10000	14390656	620000	0	1881974
10000	14408912	630000	0	1884058
10000	14427152	640000	0	1471401
10000	14445392	650000	0	1875789
10000	14463648	660000	0	1879842
10000	14481888	670000	0	1878246
10000	14500128	680000	0	1880865
10000	14518384	690000	0	1879999
10000	13387120	70000	0	1876905
10000	14536624	700000	0	1885272
10000	14554880	710000	0	1882856
10000	14573120	720000	0	1481551
10000	14591360	730000	0	1863663
10000	14609616	740000	0	1472888
10000	14627856	750000	0	1876856
10000	14646096	760000	0	1885102
10000	14664352	770000	0	1472715
10000	14682592	780000	0	1885075
10000	14700848	790000	0	1857589
10000	13405376	80000	0	1776725
10000	14719088	800000	0	1879535
10000	14737328	810000	0	1872931
10000	14755584	820000	0	1884523
10000	14773824	830000	0	1884596
10000	14792080	840000	0	1876640
10000	14810320	850000	0	1797059
10000	14828560	860000	0	1889596
10000	14846816	870000	0	1890424
10000	14865056	880000	0	1822627
10000	14883296	890000	0	1887499
10000	13423616	90000	0	1469551
10000	14901552	900000	0	1881522
10000	14919792	910000	0	1479102
10000	14938048	920000	0	1888033
10000	14956288	930000	0	1883301
10000	14974528	940000	0	1900013
10000	14992784	950000	0	1882101
10000	15011024	960000	0	1472996
10000	15029264	970000	0	1882655
10000	15047520	980000	0	1864040
10000	15065760	990000	0	1476825
20000	13277648	10000	0	3649101
20000	13441856	100000	0	3635995
20000	15084032	1000000	0	3636149
20000	13460112	110000	0	3644832
20000	13478352	120000	0	2856215
20000	13496592	130000	0	3637675
20000	13514848	140000	0	2864703
20000	13533088	150000	0	3648752
20000	13551344	160000	0	2856711
20000	13569584	170000	0	3557772
20000	13587824	180000	0	3648604
20000	13606080	190000	0	3649994
20000	13295888	20000	0	3637380
20000	13624320	200000	0	3651816
20000	13642560	210000	0	3648490
20000	13660816	220000	0	3636691
20000	13679056	230000	0	3205239
20000	13697312	240000	0	2862331
20000	13715552	250000	0	3649631
20000	13733792	260000	0	2898230
20000	13752048	270000	0	3652708
20000	13770288	280000	0	2873659
20000	13788544	290000	0	2860415
20000	13314144	30000	0	2849212
20000	13806784	300000	0	3621765
20000	13825024	310000	0	2855252
20000	13843280	320000	0	3657555
20000	13861520	330000	0	3650419
20000	13879760	340000	0	3530038
20000	13898016	350000	0	3060161
20000	13916256	360000	0	3648235
20000	13934512	370000	0	2860690
20000	13952752	380000	0	2861416
20000	13970992	390000	0	2861056
20000	13332384	40000	0	3643417
20000	13989248	400000	0	3644660
20000	14007488	410000	0	3524913
20000	14025744	420000	0	3646871
20000	14043984	430000	0	3644805
20000	14062224	440000	0	3643912
20000	14080480	450000	0	2860870
20000	14098720	460000	0	3470916
20000	14116960	470000	0	3645198
20000	14135216	480000	0	3640472
20000	14153456	490000	0	3648572
20000	13350624	50000	0	3143761
20000	14171712	500000	0	2863876
20000	14189952	510000	0	3125216
20000	14208192	520000	0	3638303
20000	14226448	530000	0	3638425
20000	14244688	540000	0	3655900
20000	14262928	550000	0	3595304
20000	14281184	560000	0	3651842
20000	14299424	570000	0	3590053
20000	14317680	580000	0	3342770
20000	14335920	590000	0	3649109
20000	13368880	60000	0	2852530
20000	14354160	600000	0	3636107
20000	14372416	610000	0	3091719
20000	14390656	620000	0	3568121
20000	14408912	630000	0	3637588
20000	14427152	640000	0	3643776
20000	14445392	650000	0	2860657
20000	14463648	660000	0	3651926
20000	14481888	670000	0	2857256
20000	14500128	680000	0	3659660
20000	14518384	690000	0	3646222
20000	13387120	70000	0	2846902
20000	14536624	700000	0	2856532
20000	14554880	710000	0	3635259
20000	14573120	720000	0	3643886
20000	14591360	730000	0	3646706
20000	14609616	740000	0	3645501
20000	14627856	750000	0	3652748
20000	14646096	760000	0	3582412
20000	14664352	770000	0	3640953
20000	14682592	780000	0	3664349
20000	14700848	790000	0	3655931
20000	13405376	80000	0	3635300
20000	14719088	800000	0	2853768
20000	14737328	810000	0	2859975
20000	14755584	820000	0	3636417
20000	14773824	830000	0	2853214
20000	14792080	840000	0	3641452
20000	14810320	850000	0	3646540
20000	14828560	860000	0	2860192
20000	14846816	870000	0	3657626
20000	14865056	880000	0	3630799
20000	14883296	890000	0	3644244
20000	13423616	90000	0	3641261
20000	14901552	900000	0	3620125
20000	14919792	910000	0	3643421
20000	14938048	920000	0	2861592
20000	14956288	930000	0	2861705
20000	14974528	940000	0	3645842
20000	14992784	950000	0	2860881
20000	15011024	960000	0	3640903
20000	15029264	970000	0	3657434
20000	15047520	980000	0	2854105
20000	15065760	990000	0	3644813
30000	13277648	10000	0	5265158
30000	13441856	100000	0	5480565
30000	15084032	1000000	0	5478947
30000	13460112	110000	0	5476587
30000	13478352	120000	0	5478465
30000	13496592	130000	0	4280723
30000	13514848	140000	0	5461093
30000	13533088	150000	0	5487142
30000	13551344	160000	0	5460003
30000	13569584	170000	0	5455139
30000	13587824	180000	0	5475435
30000	13606080	190000	0	5476977
30000	13295888	20000	0	5207357
30000	13624320	200000	0	5368855
30000	13642560	210000	0	4283625
30000	13660816	220000	0	4274985
30000	13679056	230000	0	5455771
30000	13697312	240000	0	5458360
30000	13715552	250000	0	4540634
30000	13733792	260000	0	5469561
30000	13752048	270000	0	4274837
30000	13770288	280000	0	5469667
30000	13788544	290000	0	4667064
30000	13314144	30000	0	5471141
30000	13806784	300000	0	5473242
30000	13825024	310000	0	5466710
30000	13843280	320000	0	5464937
30000	13861520	330000	0	4277480
30000	13879760	340000	0	5376493
30000	13898016	350000	0	5469361
30000	13916256	360000	0	4746125
30000	13934512	370000	0	5074769
30000	13952752	380000	0	5478850
30000	13970992	390000	0	5471463
30000	13332384	40000	0	5488960
30000	13989248	400000	0	5429112
30000	14007488	410000	0	5465267
30000	14025744	420000	0	4271846
30000	14043984	430000	0	5465831
30000	14062224	440000	0	5472821
30000	14080480	450000	0	5468391
30000	14098720	460000	0	5477556
30000	14116960	470000	0	5479599
30000	14135216	480000	0	5485455
30000	14153456	490000	0	5462046
30000	13350624	50000	0	5465927
30000	14171712	500000	0	5474187
30000	14189952	510000	0	4282943
30000	14208192	520000	0	5480145
30000	14226448	530000	0	5483738
30000	14244688	540000	0	5462150
30000	14262928	550000	0	5463416
30000	14281184	560000	0	5471907
30000	14299424	570000	0	5507432
30000	14317680	580000	0	4647531
30000	14335920	590000	0	4284964
30000	13368880	60000	0	4844953
30000	14354160	600000	0	4529241
30000	14372416	610000	0	5465212
30000	14390656	620000	0	5468888
30000	14408912	630000	0	5332835
30000	14427152	640000	0	5466563
30000	14445392	650000	0	5475484
30000	14463648	660000	0	5489387
30000	14481888	670000	0	5476017
30000	14500128	680000	0	5470928
30000	14518384	690000	0	5471056
30000	13387120	70000	0	5429461
30000	14536624	700000	0	5465440
30000	14554880	710000	0	5468474
30000	14573120	720000	0	5470001
30000	14591360	730000	0	5485508
30000	14609616	740000	0	4534523
30000	14627856	750000	0	5461300
30000	14646096	760000	0	5451444
30000	14664352	770000	0	5466169
30000	14682592	780000	0	4746192
30000	14700848	790000	0	4279013
30000	13405376	80000	0	5204078
30000	14719088	800000	0	5474477
30000	14737328	810000	0	5457031
30000	14755584	820000	0	4533875
30000	14773824	830000	0	5463537
30000	14792080	840000	0	5461805
30000	14810320	850000	0	5446977
30000	14828560	860000	0	5477255
30000	14846816	870000	0	5429223
30000	14865056	880000	0	5477693
30000	14883296	890000	0	5364770
30000	13423616	90000	0	5486689
30000	14901552	900000	0	5360591
30000	14919792	910000	0	4285071
30000	14938048	920000	0	5469247
30000	14956288	930000	0	5466085
30000	14974528	940000	0	5468610
30000	14992784	950000	0	5471559
30000	15011024	960000	0	4330591
30000	15029264	970000	0	5444782
30000	15047520	980000	0	5463209
30000	15065760	990000	0	5493579
40000	13277648	10000	0	7299056
40000	13441856	100000	0	7350905
40000	15084032	1000000	0	7312889
40000	13460112	110000	0	6120453
40000	13478352	120000	0	7308801
40000	13496592	130000	0	7306664
40000	13514848	140000	0	7315942
40000	13533088	150000	0	7297987
40000	13551344	160000	0	5753781
40000	13569584	170000	0	6108702
40000	13587824	180000	0	7039677
40000	13606080	190000	0	7315582
40000	13295888	20000	0	6803232
40000	13624320	200000	0	7213517
40000	13642560	210000	0	7299502
40000	13660816	220000	0	7345072
40000	13679056	230000	0	6009105
40000	13697312	240000	0	5725547
40000	13715552	250000	0	6744234
40000	13733792	260000	0	6164011
40000	13752048	270000	0	6599982
40000	13770288	280000	0	7310268
40000	13788544	290000	0	6371351
40000	13314144	30000	0	7317421
40000	13806784	300000	0	5745143
40000	13825024	310000	0	5803229
40000	13843280	320000	0	7334837
40000	13861520	330000	0	7143572
40000	13879760	340000	0	7148384
40000	13898016	350000	0	7301812
40000	13916256	360000	0	7314128
40000	13934512	370000	0	5761263
40000	13952752	380000	0	7410228
40000	13970992	390000	0	7101029
40000	13332384	40000	0	6079905
40000	13989248	400000	0	6930396
40000	14007488	410000	0	7312277
40000	14025744	420000	0	7314267
40000	14043984	430000	0	5751572
40000	14062224	440000	0	7309279
40000	14080480	450000	0	6078816
40000	14098720	460000	0	7335130
40000	14116960	470000	0	7265272
40000	14135216	480000	0	7302548
40000	14153456	490000	0	7310204
40000	13350624	50000	0	5756872
40000	14171712	500000	0	7175730
40000	14189952	510000	0	6145306
40000	14208192	520000	0	7319050
40000	14226448	530000	0	7307416
40000	14244688	540000	0	6592191
40000	14262928	550000	0	7332840
40000	14281184	560000	0	5983957
40000	14299424	570000	0	5766261
40000	14317680	580000	0	5756334
40000	14335920	590000	0	7041166
40000	13368880	60000	0	7399120
40000	14354160	600000	0	6624704
40000	14372416	610000	0	7321384
40000	14390656	620000	0	5943612
40000	14408912	630000	0	7059752
40000	14427152	640000	0	7293300
40000	14445392	650000	0	7039248
40000	14463648	660000	0	7297035
40000	14481888	670000	0	5933987
40000	14500128	680000	0	7089457
40000	14518384	690000	0	7304341
40000	13387120	70000	0	6731810
40000	14536624	700000	0	7327564
40000	14554880	710000	0	6752316
40000	14573120	720000	0	7317549
40000	14591360	730000	0	7321138
40000	14609616	740000	0	6580738
40000	14627856	750000	0	7299071
40000	14646096	760000	0	7310192
40000	14664352	770000	0	6803802
40000	14682592	780000	0	5733607
40000	14700848	790000	0	7318352
40000	13405376	80000	0	7301252
40000	14719088	800000	0	7208803
40000	14737328	810000	0	7323416
40000	14755584	820000	0	7326161
40000	14773824	830000	0	5745874
40000	14792080	840000	0	7379545
40000	14810320	850000	0	6991251
40000	14828560	860000	0	5961430
40000	14846816	870000	0	7334311
40000	14865056	880000	0	7205790
40000	14883296	890000	0	5866979
40000	13423616	90000	0	6720580
40000	14901552	900000	0	7311948
40000	14919792	910000	0	7319849
40000	14938048	920000	0	7158561
40000	14956288	930000	0	7319894
40000	14974528	940000	0	6920353
40000	14992784	950000	0	7302306
40000	15011024	960000	0	5752689
40000	15029264	970000	0	7297329
40000	15047520	980000	0	6220760
40000	15065760	990000	0	7114640
50000	13277648	10000	0	7576004
50000	13441856	100000	0	7834455
50000	15084032	1000000	0	8567157
50000	13460112	110000	0	7687713
50000	13478352	120000	0	8717181
50000	13496592	130000	0	7434085
50000	13514848	140000	0	7193101
50000	13533088	150000	0	7346237
50000	13551344	160000	0	8172686
50000	13569584	170000	0	7653876
50000	13587824	180000	0	9221513
50000	13606080	190000	0	8979617
50000	13295888	20000	0	8495518
50000	13624320	200000	0	9144807
50000	13642560	210000	0	9142226
50000	13660816	220000	0	7813272
50000	13679056	230000	0	8988859
50000	13697312	240000	0	9149535
50000	13715552	250000	0	7769382
50000	13733792	260000	0	7813393
50000	13752048	270000	0	9210326
50000	13770288	280000	0	7351922
50000	13788544	290000	0	9188200
50000	13314144	30000	0	7850992
50000	13806784	300000	0	9152352
50000	13825024	310000	0	9153820
50000	13843280	320000	0	9142562
50000	13861520	330000	0	7805824
50000	13879760	340000	0	8902025
50000	13898016	350000	0	7372456
50000	13916256	360000	0	7429774
50000	13934512	370000	0	9146413
50000	13952752	380000	0	9133492
50000	13970992	390000	0	9153396
50000	13332384	40000	0	9031833
50000	13989248	400000	0	8108120
50000	14007488	410000	0	7459446
50000	14025744	420000	0	7200423
50000	14043984	430000	0	9149283
50000	14062224	440000	0	7439247
50000	14080480	450000	0	8197613
50000	14098720	460000	0	7681160
50000	14116960	470000	0	9184952
50000	14135216	480000	0	9165128
50000	14153456	490000	0	8103814
50000	13350624	50000	0	9160985
50000	14171712	500000	0	7400369
50000	14189952	510000	0	9140352
50000	14208192	520000	0	9141763
50000	14226448	530000	0	7490107
50000	14244688	540000	0	7907829
50000	14262928	550000	0	9150896
50000	14281184	560000	0	8955084
50000	14299424	570000	0	8795698
50000	14317680	580000	0	8819829
50000	14335920	590000	0	8244115
50000	13368880	60000	0	7886389
50000	14354160	600000	0	7506457
50000	14372416	610000	0	9141388
50000	14390656	620000	0	9142565
50000	14408912	630000	0	7203292
50000	14427152	640000	0	7207655
50000	14445392	650000	0	9175009
50000	14463648	660000	0	9116159
50000	14481888	670000	0	7536993
50000	14500128	680000	0	9192773
50000	14518384	690000	0	8510515
50000	13387120	70000	0	9135776
50000	14536624	700000	0	9136982
50000	14554880	710000	0	7940218
50000	14573120	720000	0	7903984
50000	14591360	730000	0	9145190
50000	14609616	740000	0	7769409
50000	14627856	750000	0	9155568
50000	14646096	760000	0	8774176
50000	14664352	770000	0	8266498
50000	14682592	780000	0	8703178
50000	14700848	790000	0	9146720
50000	13405376	80000	0	9180808
50000	14719088	800000	0	9137492
50000	14737328	810000	0	9128486
50000	14755584	820000	0	9123791
50000	14773824	830000	0	8678796
50000	14792080	840000	0	7874057
50000	14810320	850000	0	9152288
50000	14828560	860000	0	8649642
50000	14846816	870000	0	9148565
50000	14865056	880000	0	7179385
50000	14883296	890000	0	8752534
50000	13423616	90000	0	8877565
50000	14901552	900000	0	9117482
50000	14919792	910000	0	8487689
50000	14938048	920000	0	9127890
50000	14956288	930000	0	7438372
50000	14974528	940000	0	8530317
50000	14992784	950000	0	9159730
50000	15011024	960000	0	8980369
50000	15029264	970000	0	8919061
50000	15047520	980000	0	9160353
50000	15065760	990000	0	7196189
60000	13277648	10000	0	8810670
60000	13441856	100000	0	8634899
60000	15084032	1000000	0	10438555
60000	13460112	110000	0	10055383
60000	13478352	120000	0	11164392
60000	13496592	130000	0	10611935
60000	13514848	140000	0	9625322
60000	13533088	150000	0	9017375
60000	13551344	160000	0	11004727
60000	13569584	170000	0	9160801
60000	13587824	180000	0	10999021
60000	13606080	190000	0	10315591
60000	13295888	20000	0	9189442
60000	13624320	200000	0	9326599
60000	13642560	210000	0	10995118
60000	13660816	220000	0	8668957
60000	13679056	230000	0	10030122
60000	13697312	240000	0	9770735
60000	13715552	250000	0	10146676
60000	13733792	260000	0	10467140
60000	13752048	270000	0	9805498
60000	13770288	280000	0	10883832
60000	13788544	290000	0	9366145
60000	13314144	30000	0	10156066
60000	13806784	300000	0	10326771
60000	13825024	310000	0	10298626
60000	13843280	320000	0	10751937
60000	13861520	330000	0	8889393
60000	13879760	340000	0	9866287
60000	13898016	350000	0	10353726
60000	13916256	360000	0	10840179
60000	13934512	370000	0	10995158
60000	13952752	380000	0	8669420
60000	13970992	390000	0	9932977
60000	13332384	40000	0	10992321
60000	13989248	400000	0	8958635
60000	14007488	410000	0	11004445
60000	14025744	420000	0	11012455
60000	14043984	430000	0	11027466
60000	14062224	440000	0	10789782
60000	14080480	450000	0	10598784
60000	14098720	460000	0	8836422
60000	14116960	470000	0	8670024
60000	14135216	480000	0	10414135
60000	14153456	490000	0	9579876
60000	13350624	50000	0	10891174
60000	14171712	500000	0	8653317
60000	14189952	510000	0	9894449
60000	14208192	520000	0	8658945
60000	14226448	530000	0	10823501
60000	14244688	540000	0	11008012
60000	14262928	550000	0	10790663
60000	14281184	560000	0	8647698
60000	14299424	570000	0	10751302
60000	14317680	580000	0	10552177
60000	14335920	590000	0	10203659
60000	13368880	60000	0	10977833
60000	14354160	600000	0	9957214
60000	14372416	610000	0	9351262
60000	14390656	620000	0	10792579
60000	14408912	630000	0	10057134
60000	14427152	640000	0	10991298
60000	14445392	650000	0	11010424
60000	14463648	660000	0	10976928
60000	14481888	670000	0	10261399
60000	14500128	680000	0	10362936
60000	14518384	690000	0	10721951
60000	13387120	70000	0	8645127
60000	14536624	700000	0	9966397
60000	14554880	710000	0	10035132
60000	14573120	720000	0	10999517
60000	14591360	730000	0	10988750
60000	14609616	740000	0	10157833
60000	14627856	750000	0	10244188
60000	14646096	760000	0	10065373
60000	14664352	770000	0	9687057
60000	14682592	780000	0	9112275
60000	14700848	790000	0	10936991
60000	13405376	80000	0	11002331
60000	14719088	800000	0	10513367
60000	14737328	810000	0	8664481
60000	14755584	820000	0	8903337
60000	14773824	830000	0	10360245
60000	14792080	840000	0	10267044
60000	14810320	850000	0	8628366
60000	14828560	860000	0	8899817
60000	14846816	870000	0	9730525
60000	14865056	880000	0	10506692
60000	14883296	890000	0	10323907
60000	13423616	90000	0	9938973
60000	14901552	900000	0	9225421
60000	14919792	910000	0	10335930
60000	14938048	920000	0	11011812
60000	14956288	930000	0	9455209
60000	14974528	940000	0	10990423
60000	14992784	950000	0	8676126
60000	15011024	960000	0	8711005
60000	15029264	970000	0	11025130
60000	15047520	980000	0	9391908
60000	15065760	990000	0	10417322
70000	13277648	10000	0	12227825
70000	13441856	100000	0	12695797
70000	15084032	1000000	0	12837203
70000	13460112	110000	0	12321180
70000	13478352	120000	0	10136236
70000	13496592	130000	0	11717537
70000	13514848	140000	0	12857007
70000	13533088	150000	0	12113425
70000	13551344	160000	0	10583386
70000	13569584	170000	0	11142681
70000	13587824	180000	0	10802517
70000	13606080	190000	0	10990393
70000	13295888	20000	0	10071132
70000	13624320	200000	0	11475001
70000	13642560	210000	0	12874369
70000	13660816	220000	0	11626858
70000	13679056	230000	0	12026349
70000	13697312	240000	0	12006877
70000	13715552	250000	0	10119633
70000	13733792	260000	0	12826233
70000	13752048	270000	0	12360619
70000	13770288	280000	0	10374919
70000	13788544	290000	0	12083150
70000	13314144	30000	0	10853616
70000	13806784	300000	0	11937672
70000	13825024	310000	0	10916525
70000	13843280	320000	0	11292282
70000	13861520	330000	0	10526192
70000	13879760	340000	0	11591131
70000	13898016	350000	0	10804608
70000	13916256	360000	0	10349008
70000	13934512	370000	0	11584889
70000	13952752	380000	0	12824514
70000	13970992	390000	0	10890476
70000	13332384	40000	0	11872348
70000	13989248	400000	0	12633643
70000	14007488	410000	0	11348330
70000	14025744	420000	0	11596184
70000	14043984	430000	0	12296957
70000	14062224	440000	0	12299909
70000	14080480	450000	0	11010662
70000	14098720	460000	0	12825218
70000	14116960	470000	0	12437658
70000	14135216	480000	0	11772073
70000	14153456	490000	0	11937089
70000	13350624	50000	0	10975286
70000	14171712	500000	0	10748193
70000	14189952	510000	0	11930920
70000	14208192	520000	0	12277004
70000	14226448	530000	0	10772792
70000	14244688	540000	0	10801042
70000	14262928	550000	0	10101057
70000	14281184	560000	0	11347576
70000	14299424	570000	0	11150260
70000	14317680	580000	0	12829578
70000	14335920	590000	0	10694718
70000	13368880	60000	0	10534840
70000	14354160	600000	0	12463750
70000	14372416	610000	0	12004052
70000	14390656	620000	0	12830453
70000	14408912	630000	0	10462668
70000	14427152	640000	0	12828637
70000	14445392	650000	0	10866814
70000	14463648	660000	0	11830357
70000	14481888	670000	0	12822560
70000	14500128	680000	0	10119189
70000	14518384	690000	0	11135920
70000	13387120	70000	0	12795649
70000	14536624	700000	0	11467275
70000	14554880	710000	0	10386126
70000	14573120	720000	0	12866123
70000	14591360	730000	0	11023917
70000	14609616	740000	0	11944477
70000	14627856	750000	0	12204429
70000	14646096	760000	0	11027102
70000	14664352	770000	0	12847325
70000	14682592	780000	0	10806860
70000	14700848	790000	0	11991798
70000	13405376	80000	0	12299861
70000	14719088	800000	0	12869640
70000	14737328	810000	0	12049195
70000	14755584	820000	0	10413338
70000	14773824	830000	0	11670117
70000	14792080	840000	0	12132142
70000	14810320	850000	0	10607229
70000	14828560	860000	0	11556174
70000	14846816	870000	0	11230847
70000	14865056	880000	0	10574743
70000	14883296	890000	0	12820643
70000	13423616	90000	0	12023356
70000	14901552	900000	0	10687204
70000	14919792	910000	0	10326499
70000	14938048	920000	0	12464460
70000	14956288	930000	0	12741828
70000	14974528	940000	0	11667600
70000	14992784	950000	0	12821788
70000	15011024	960000	0	11429414
70000	15029264	970000	0	11520169
70000	15047520	980000	0	11628353
70000	15065760	990000	0	10556951
80000	13277648	10000	0	13705775
80000	13441856	100000	0	13734385
80000	15084032	1000000	0	14047536
80000	13460112	110000	0	13300886
80000	13478352	120000	0	13386903
80000	13496592	130000	0	13356711
80000	13514848	140000	0	11946167
80000	13533088	150000	0	14685841
80000	13551344	160000	0	13578145
80000	13569584	170000	0	12263660
80000	13587824	180000	0	12358991
80000	13606080	190000	0	11920208
80000	13295888	20000	0	11814419
80000	13624320	200000	0	13316571
80000	13642560	210000	0	11828269
80000	13660816	220000	0	13243582
80000	13679056	230000	0	12437354
80000	13697312	240000	0	13411789
80000	13715552	250000	0	13317326
80000	13733792	260000	0	14511235
80000	13752048	270000	0	13633749
80000	13770288	280000	0	13135862
80000	13788544	290000	0	12818778
80000	13314144	30000	0	13310884
80000	13806784	300000	0	12031616
80000	13825024	310000	0	14065186
80000	13843280	320000	0	13522978
80000	13861520	330000	0	13454529
80000	13879760	340000	0	11832090
80000	13898016	350000	0	11878844
80000	13916256	360000	0	12881973
80000	13934512	370000	0	13296758
80000	13952752	380000	0	13133930
80000	13970992	390000	0	14672608
80000	13332384	40000	0	13428822
80000	13989248	400000	0	11567154
80000	14007488	410000	0	14351894
80000	14025744	420000	0	11580820
80000	14043984	430000	0	11577501
80000	14062224	440000	0	13069022
80000	14080480	450000	0	13036919
80000	14098720	460000	0	12970986
80000	14116960	470000	0	14168177
80000	14135216	480000	0	13705452
80000	14153456	490000	0	12812904
80000	13350624	50000	0	13791935
80000	14171712	500000	0	13671783
80000	14189952	510000	0	14645031
80000	14208192	520000	0	13340561
80000	14226448	530000	0	12131588
80000	14244688	540000	0	12399629
80000	14262928	550000	0	13824162
80000	14281184	560000	0	12036887
80000	14299424	570000	0	14712199
80000	14317680	580000	0	12269916
80000	14335920	590000	0	13383535
80000	13368880	60000	0	14571194
80000	14354160	600000	0	13381864
80000	14372416	610000	0	11536736
80000	14390656	620000	0	13157963
80000	14408912	630000	0	13776832
80000	14427152	640000	0	11592328
80000	14445392	650000	0	12762144
80000	14463648	660000	0	13147974
80000	14481888	670000	0	11578675
80000	14500128	680000	0	14161679
80000	14518384	690000	0	12469551
80000	13387120	70000	0	13552983
80000	14536624	700000	0	13445024
80000	14554880	710000	0	13936665
80000	14573120	720000	0	13207715
80000	14591360	730000	0	13553602
80000	14609616	740000	0	12046248
80000	14627856	750000	0	11576018
80000	14646096	760000	0	11918208
80000	14664352	770000	0	13179715
80000	14682592	780000	0	12477984
80000	14700848	790000	0	11998814
80000	13405376	80000	0	12812377
80000	14719088	800000	0	13453899
80000	14737328	810000	0	14047730
80000	14755584	820000	0	14361377
80000	14773824	830000	0	14695471
80000	14792080	840000	0	13257410
80000	14810320	850000	0	13200923
80000	14828560	860000	0	13347642
80000	14846816	870000	0	11975565
80000	14865056	880000	0	14303326
80000	14883296	890000	0	14149452
80000	13423616	90000	0	13046428
80000	14901552	900000	0	11600882
80000	14919792	910000	0	13582546
80000	14938048	920000	0	13635575
80000	14956288	930000	0	13492813
80000	14974528	940000	0	13006368
80000	14992784	950000	0	11552179
80000	15011024	960000	0	11953403
80000	15029264	970000	0	13754416
80000	15047520	980000	0	13758298
80000	15065760	990000	0	13284243
90000	13277648	10000	0	13025067
90000	13441856	100000	0	16034493
90000	15084032	1000000	0	14980605
90000	13460112	110000	0	15588344
90000	13478352	120000	0	13069589
90000	13496592	130000	0	15955173
90000	13514848	140000	0	13352903
90000	13533088	150000	0	14873364
90000	13551344	160000	0	14556324
90000	13569584	170000	0	15105577
90000	13587824	180000	0	13378704
90000	13606080	190000	0	13545688
90000	13295888	20000	0	13855839
90000	13624320	200000	0	13993936
90000	13642560	210000	0	15130055
90000	13660816	220000	0	16349462
90000	13679056	230000	0	16200544
90000	13697312	240000	0	15264419
90000	13715552	250000	0	14609476
90000	13733792	260000	0	15047396
90000	13752048	270000	0	14970671
90000	13770288	280000	0	15335341
90000	13788544	290000	0	13046244
90000	13314144	30000	0	15054952
90000	13806784	300000	0	14935088
90000	13825024	310000	0	13702378
90000	13843280	320000	0	15306231
90000	13861520	330000	0	14635217
90000	13879760	340000	0	14657470
90000	13898016	350000	0	13299140
90000	13916256	360000	0	14799269
90000	13934512	370000	0	15058386
90000	13952752	380000	0	16464080
90000	13970992	390000	0	14723966
90000	13332384	40000	0	16132948
90000	13989248	400000	0	14617559
90000	14007488	410000	0	13308713
90000	14025744	420000	0	14506740
90000	14043984	430000	0	14664150
90000	14062224	440000	0	14502205
90000	14080480	450000	0	15144279
90000	14098720	460000	0	14499261
90000	14116960	470000	0	14925375
90000	14135216	480000	0	15198635
90000	14153456	490000	0	13705321
90000	13350624	50000	0	13585996
90000	14171712	500000	0	14802591
90000	14189952	510000	0	14135116
90000	14208192	520000	0	15254210
90000	14226448	530000	0	13039168
90000	14244688	540000	0	13452229
90000	14262928	550000	0	15482376
90000	14281184	560000	0	13048024
90000	14299424	570000	0	14178228
90000	14317680	580000	0	13850433
90000	14335920	590000	0	13429373
90000	13368880	60000	0	13891061
90000	14354160	600000	0	14444349
90000	14372416	610000	0	16375524
90000	14390656	620000	0	15757364
90000	14408912	630000	0	13491531
90000	14427152	640000	0	15224074
90000	14445392	650000	0	13197372
90000	14463648	660000	0	13601188
90000	14481888	670000	0	14778018
90000	14500128	680000	0	15352386
90000	14518384	690000	0	15051096
90000	13387120	70000	0	15238733
90000	14536624	700000	0	14439493
90000	14554880	710000	0	14603752
90000	14573120	720000	0	13935655
90000	14591360	730000	0	15508596
90000	14609616	740000	0	16398234
90000	14627856	750000	0	15109817
90000	14646096	760000	0	15743871
90000	14664352	770000	0	15953930
90000	14682592	780000	0	13234229
90000	14700848	790000	0	13585558
90000	13405376	80000	0	13252041
90000	14719088	800000	0	15288521
90000	14737328	810000	0	15723029
90000	14755584	820000	0	14571255
90000	14773824	830000	0	14852908
90000	14792080	840000	0	15122859
90000	14810320	850000	0	13817145
90000	14828560	860000	0	15547281
90000	14846816	870000	0	15165164
90000	14865056	880000	0	14760691
90000	14883296	890000	0	14606679
90000	13423616	90000	0	15121627
90000	14901552	900000	0	16142685
90000	14919792	910000	0	13960498
90000	14938048	920000	0	13878203
90000	14956288	930000	0	13552563
90000	14974528	940000	0	14814430
90000	14992784	950000	0	15677006
90000	15011024	960000	0	14043188
90000	15029264	970000	0	15125149
90000	15047520	980000	0	14822197
90000	15065760	990000	0	15078725
