100000	13261600	1000	509176	612822129
100000	13278016	10000	302912	417285976
100000	13263424	2000	486090	583040459
100000	13265248	3000	461484	559578885
100000	13267072	4000	438174	538434364
100000	13268896	5000	413552	517265121
100000	13270720	6000	389600	495528285
100000	13272544	7000	366054	475439212
100000	13274368	8000	343744	454418824
100000	13276192	9000	322984	435006328
10000	13261584	1000	29982	335208796
10000	13278016	10000	10172	23995609
10000	13263408	2000	18308	30384451
10000	13265232	3000	13828	25374060
10000	13267056	4000	12178	25888094
10000	13268880	5000	11264	26893240
10000	13270704	6000	10740	22574524
10000	13272528	7000	10488	25133885
10000	13274352	8000	10334	25505327
10000	13276176	9000	10224	25280978
20000	13261584	1000	82410	103928180
20000	13278016	10000	22462	47993077
20000	13263408	2000	60406	80857549
20000	13265232	3000	45584	67385761
20000	13267056	4000	36406	58969327
20000	13268880	5000	31310	56053171
20000	13270704	6000	27878	52116407
20000	13272528	7000	25934	49886789
20000	13274352	8000	24340	49578828
20000	13276176	9000	23448	48463802
30000	13261584	1000	135558	161185715
30000	13278016	10000	39762	78894068
30000	13263408	2000	112060	143215402
30000	13265232	3000	90558	122409869
30000	13267056	4000	75072	108742444
30000	13268880	5000	63154	99709594
30000	13270704	6000	55184	93207920
30000	13272528	7000	49598	87637507
30000	13274352	8000	45396	84143546
30000	13276176	9000	42250	80194068
40000	13261584	1000	189200	223076060
40000	13278016	10000	62766	111416956
40000	13263408	2000	164626	206034893
40000	13265232	3000	142036	183973239
40000	13267056	4000	121756	164328194
40000	13268880	5000	104506	151939243
40000	13270704	6000	91156	137644099
40000	13272528	7000	80994	128320345
40000	13274352	8000	73912	123460307
40000	13276176	9000	67534	115618847
50000	13261584	1000	242668	285121888
50000	13278016	10000	91816	152491814
50000	13263408	2000	218112	264753756
50000	13265232	3000	194454	244500220
50000	13267056	4000	172070	223104184
50000	13268880	5000	151536	206158235
50000	13270704	6000	133650	189816556
50000	13272528	7000	119982	178346580
50000	13274352	8000	108580	168804579
50000	13276176	9000	99222	159212585
60000	13261584	1000	296208	347004050
60000	13278016	10000	126432	197029739
60000	13263408	2000	272394	329956555
60000	13265232	3000	248492	307916696
60000	13267056	4000	224338	285775056
60000	13268880	5000	202528	269477414
60000	13270704	6000	182662	251430678
60000	13272528	7000	164608	232604242
60000	13274352	8000	149448	220304564
60000	13276176	9000	136906	209553938
70000	13261584	1000	349484	423431102
70000	13278016	10000	165744	248025667
70000	13263408	2000	325750	392484942
70000	13265232	3000	301352	370107896
70000	13267056	4000	277154	348077762
70000	13268880	5000	254342	330188845
70000	13270704	6000	232308	309473438
70000	13272528	7000	212904	290316707
70000	13274352	8000	194152	274864114
70000	13276176	9000	178942	261465441
80000	13261584	1000	402484	488703774
80000	13278016	10000	208774	301392031
80000	13263408	2000	379104	454812309
80000	13265232	3000	354810	432622210
80000	13267056	4000	330506	411355569
80000	13268880	5000	307594	391010907
80000	13270704	6000	283890	369865341
80000	13272528	7000	262510	350225050
80000	13274352	8000	242156	333079558
80000	13276176	9000	224496	315493324
90000	13261584	1000	455604	549678248
90000	13278016	10000	255212	359162794
90000	13263408	2000	432594	518143497
90000	13265232	3000	408870	496167561
90000	13267056	4000	384648	477760005
90000	13268880	5000	361082	455079645
90000	13270704	6000	337728	435074492
90000	13272528	7000	314134	412113870
90000	13274352	8000	292816	393222672
90000	13276176	9000	273458	374940166
