1000000	132242400	100000	3033910	5399311663
1000000	133884560	1000000	1015138	2636486303
1000000	132424864	200000	1838192	3645025599
1000000	132607328	300000	1402782	2824613199
1000000	132789792	400000	1217416	2674568525
1000000	132972256	500000	1125608	2616152443
1000000	133154704	600000	1076974	2598007040
1000000	133337168	700000	1049354	2600210601
1000000	133519632	800000	1032120	2608001666
1000000	133702096	900000	1022084	2622329900
100000	132242400	100000	101560	511119528
100000	133884560	1000000	100000	234314864
100000	132424864	200000	100096	218226683
100000	132607328	300000	100012	216607363
100000	132789792	400000	100000	218856382
100000	132972256	500000	100000	220958574
100000	133154704	600000	100000	223224267
100000	133337168	700000	100000	226381943
100000	133519632	800000	100000	230164275
100000	133702096	900000	100000	232590158
100000	13277296	10000	302944	424996872
100000	13441504	100000	101470	225543967
100000	13295536	20000	184254	304178690
100000	13313792	30000	140108	262129198
100000	13332032	40000	122024	245091262
100000	13350272	50000	112342	236547108
100000	13368528	60000	107756	232060803
100000	13386768	70000	104832	229192377
100000	13405024	80000	103260	227635463
100000	13423264	90000	102240	226393772
10000	13277296	10000	10182	354344265
10000	13441504	100000	10000	21516308
10000	13295536	20000	10002	21807327
10000	13313792	30000	10000	24558007
10000	13332032	40000	10000	23922687
10000	13350272	50000	10000	21807264
10000	13368528	60000	10000	21675537
10000	13386768	70000	10000	21550101
10000	13405024	80000	10000	21493170
10000	13423264	90000	10000	22345229
200000	132242400	100000	225094	468233390
200000	133884560	1000000	200008	474581107
200000	132424864	200000	203080	444073732
200000	132607328	300000	200666	442792318
200000	132789792	400000	200228	445713499
200000	132972256	500000	200092	450918261
200000	133154704	600000	200048	454751134
200000	133337168	700000	200018	459701048
200000	133519632	800000	200016	464720395
200000	133702096	900000	200000	469221368
20000	13277296	10000	22576	48789489
20000	13441504	100000	20000	43715616
20000	13295536	20000	20278	45897260
20000	13313792	30000	20068	46509007
20000	13332032	40000	20028	44400162
20000	13350272	50000	20012	44972393
20000	13368528	60000	20002	43751504
20000	13386768	70000	20000	43742872
20000	13405024	80000	20000	43434745
20000	13423264	90000	20000	43468719
300000	132242400	100000	397828	902959313
300000	133884560	1000000	300046	720533885
300000	132424864	200000	317098	686851457
300000	132607328	300000	304682	677366550
300000	132789792	400000	301690	681049651
300000	132972256	500000	300696	688556430
300000	133154704	600000	300332	693636398
300000	133337168	700000	300190	700705787
300000	133519632	800000	300092	707597968
300000	133702096	900000	300046	714557761
30000	13277296	10000	39836	77744452
30000	13441504	100000	30000	65908585
30000	13295536	20000	31652	68250898
30000	13313792	30000	30424	68224687
30000	13332032	40000	30128	66438135
30000	13350272	50000	30068	66224772
30000	13368528	60000	30042	66149742
30000	13386768	70000	30022	66810606
30000	13405024	80000	30000	66969626
30000	13423264	90000	30004	65790367
400000	132242400	100000	628552	1258446489
400000	133884560	1000000	400160	962671163
400000	132424864	200000	450518	1108179847
400000	132607328	300000	415914	912633381
400000	132789792	400000	405912	912084325
400000	132972256	500000	402726	917688121
400000	133154704	600000	401340	926681297
400000	133337168	700000	400838	935759194
400000	133519632	800000	400490	945150753
400000	133702096	900000	400292	954279717
40000	13277296	10000	62422	112021410
40000	13441504	100000	40014	88189528
40000	13295536	20000	44958	93887619
40000	13313792	30000	41624	91468390
40000	13332032	40000	40652	89636631
40000	13350272	50000	40286	89137186
40000	13368528	60000	40132	88709978
40000	13386768	70000	40086	88690762
40000	13405024	80000	40056	88275016
40000	13423264	90000	40024	88080080
500000	132242400	100000	919208	1687870099
500000	133884560	1000000	500518	1213585778
500000	132424864	200000	608456	1398357366
500000	132607328	300000	538182	1367365763
500000	132789792	400000	516182	1336584058
500000	132972256	500000	507448	1161501270
500000	133154704	600000	503838	1170863820
500000	133337168	700000	502202	1182139218
500000	133519632	800000	501398	1193311992
500000	133702096	900000	500828	1203664154
50000	13277296	10000	92030	151692141
50000	13441504	100000	50054	110971051
50000	13295536	20000	60926	122007184
50000	13313792	30000	53702	115107474
50000	13332032	40000	51632	113356778
50000	13350272	50000	50814	112296385
50000	13368528	60000	50414	114270182
50000	13386768	70000	50248	111174720
50000	13405024	80000	50118	110954459
50000	13423264	90000	50072	110601091
600000	132242400	100000	1265804	2169888186
600000	133884560	1000000	601224	1459339255
600000	132424864	200000	795352	1702758030
600000	132607328	300000	675628	1631676616
600000	132789792	400000	633880	1587594497
600000	132972256	500000	617078	1624588223
600000	133154704	600000	609218	1639245477
600000	133337168	700000	605342	1422869148
600000	133519632	800000	603290	1435655979
600000	133702096	900000	602222	1447624597
60000	13277296	10000	126932	199072665
60000	13441504	100000	60122	133570831
60000	13295536	20000	79604	152323740
60000	13313792	30000	67838	142250487
60000	13332032	40000	63512	138554881
60000	13350272	50000	61730	138325000
60000	13368528	60000	61008	137457417
60000	13386768	70000	60510	134216932
60000	13405024	80000	60342	133841928
60000	13423264	90000	60198	133466345
700000	132242400	100000	1658848	3197942819
700000	133884560	1000000	702980	1924005291
700000	132424864	200000	1011766	2049777654
700000	132607328	300000	829556	1897281838
700000	132789792	400000	761540	1838994929
700000	132972256	500000	732254	1852181893
700000	133154704	600000	717482	1865067546
700000	133337168	700000	710776	1882978047
700000	133519632	800000	706574	1897389021
700000	133702096	900000	704236	1912090732
70000	13277296	10000	165930	247325238
70000	13441504	100000	70322	156378392
70000	13295536	20000	101220	185860697
70000	13313792	30000	83232	170712517
70000	13332032	40000	76174	162458617
70000	13350272	50000	73368	159982737
70000	13368528	60000	71788	159093996
70000	13386768	70000	71026	157420088
70000	13405024	80000	70682	156724997
70000	13423264	90000	70436	156224558
800000	132242400	100000	2086790	3683830900
800000	133884560	1000000	805506	2152602835
800000	132424864	200000	1256756	2417961720
800000	132607328	300000	1001582	2181656171
800000	132789792	400000	900564	2104556852
800000	132972256	500000	854500	2093297563
800000	133154704	600000	831176	2093783549
800000	133337168	700000	819130	2111356488
800000	133519632	800000	812244	2121790049
800000	133702096	900000	807984	2136579520
80000	13277296	10000	209328	301537954
80000	13441504	100000	80488	179473680
80000	13295536	20000	126080	222726555
80000	13313792	30000	100004	199033316
80000	13332032	40000	90156	190930629
80000	13350272	50000	85418	187630517
80000	13368528	60000	83386	186024949
80000	13386768	70000	81884	181303467
80000	13405024	80000	81264	180715994
80000	13423264	90000	80782	179951085
900000	132242400	100000	2547710	4822910398
900000	133884560	1000000	909788	2381019334
900000	132424864	200000	1533758	3303882203
900000	132607328	300000	1193136	2486062826
900000	132789792	400000	1052480	2370755047
900000	132972256	500000	985626	2340092430
900000	133154704	600000	951680	2329226147
900000	133337168	700000	932318	2336704783
900000	133519632	800000	920498	2348651802
900000	133702096	900000	913796	2363259038
90000	13277296	10000	255710	362667621
90000	13441504	100000	90960	202041202
90000	13295536	20000	153640	262832966
90000	13313792	30000	119472	231761129
90000	13332032	40000	105366	216657605
90000	13350272	50000	98350	212068622
90000	13368528	60000	95278	206671072
90000	13386768	70000	93192	204382387
90000	13405024	80000	92100	204005124
90000	13423264	90000	91376	202716153
