1000000	115270024	2417347360	1000000
100000	11581480	373330483	100000
10000	1193648		143061543	10000
200000	23682240	360292732	200000
20000	2386488		115397711	20000
300000	36042792	567385493	300000
30000	3409720		43095455	30000
400000	47367368	770233676	400000
40000	4766960		59657595	40000
500000	57638888	930721257	500000
50000	5923448		77679181	50000
600000	72103424	1155682410	600000
60000	6945392		91123525	60000
700000	82371472	1328043535	700000
70000	7973832		106755655	70000
800000	92641088	1522963533	800000
80000	9525496		129322111	80000
900000	102910928	1703466406	900000
90000	10553264	143586358	90000
