1000000	132241536	100000	0	194845711
1000000	133883696	1000000	0	197041608
1000000	132424000	200000	0	195398419
1000000	132606464	300000	0	194890687
1000000	132788928	400000	0	195962492
1000000	132971392	500000	0	195540632
1000000	133153840	600000	0	194726504
1000000	133336304	700000	0	197120252
1000000	133518768	800000	0	197013245
1000000	133701232	900000	0	197073077
100000	13277296	10000	302944	416590995
100000	13441520	100000	101470	225441860
100000	133883696	1000000	0	14955753
100000	13295536	20000	184254	304289878
100000	132424000	200000	0	14964034
100000	13313792	30000	140108	262022116
100000	132606464	300000	0	15105160
100000	13332032	40000	122024	246243286
100000	132788928	400000	0	14980067
100000	13350272	50000	112342	236579818
100000	132971392	500000	0	15055021
100000	13368528	60000	107756	232092604
100000	133153840	600000	0	14951559
100000	13386768	70000	104832	231353321
100000	133336304	700000	0	14959435
100000	13405024	80000	103260	227859422
100000	133518768	800000	0	15016068
100000	13423264	90000	102240	226344267
100000	133701232	900000	0	15874887
10000	13277296	10000	10182	22154473
10000	13441504	100000	10000	21527320
10000	13295536	20000	10002	21838377
10000	13313792	30000	10000	21719101
10000	13332032	40000	10000	22848429
10000	13350272	50000	10000	21600573
10000	13368528	60000	10000	21578876
10000	13386768	70000	10000	21569765
10000	13405024	80000	10000	21488947
10000	13423264	90000	10000	21498172
200000	132241536	100000	0	32239126
200000	133883696	1000000	0	31887594
200000	132424000	200000	0	32881897
200000	132606464	300000	0	32334837
200000	132788928	400000	0	31960957
200000	132971392	500000	0	31921748
200000	133153840	600000	0	31888001
200000	133336304	700000	0	31985200
200000	133518768	800000	0	31919972
200000	133701232	900000	0	32774426
20000	13277296	10000	22576	46718894
20000	13441504	100000	20000	43544711
20000	13295536	20000	20278	44366941
20000	13313792	30000	20068	45295253
20000	13332032	40000	20028	43891775
20000	13350272	50000	20012	43834508
20000	13368528	60000	20002	44981498
20000	13386768	70000	20000	43727126
20000	13405024	80000	20000	43471926
20000	13423264	90000	20000	43405563
300000	132241536	100000	0	49858576
300000	133883696	1000000	0	49990339
300000	132424000	200000	0	49871912
300000	132606464	300000	0	49863067
300000	132788928	400000	0	49877799
300000	132971392	500000	0	50013841
300000	133153840	600000	0	50084446
300000	133336304	700000	0	50849945
300000	133518768	800000	0	50011069
300000	133701232	900000	0	50797472
30000	13277296	10000	39836	76081337
30000	13441504	100000	30000	65847987
30000	13295536	20000	31652	68286853
30000	13313792	30000	30424	67034301
30000	13332032	40000	30128	66466080
30000	13350272	50000	30068	66270140
30000	13368528	60000	30042	66248950
30000	13386768	70000	30022	66033231
30000	13405024	80000	30000	65694284
30000	13423264	90000	30004	65654733
400000	132241536	100000	0	69067516
400000	133883696	1000000	0	70068588
400000	132424000	200000	0	69504528
400000	132606464	300000	0	69066791
400000	132788928	400000	0	70178532
400000	132971392	500000	0	69048227
400000	133153840	600000	0	69047196
400000	133336304	700000	0	70059406
400000	133518768	800000	0	70147643
400000	133701232	900000	0	70073209
40000	13277296	10000	62422	110363568
40000	13441504	100000	40014	88334154
40000	13295536	20000	44958	93841081
40000	13313792	30000	41624	90588001
40000	13332032	40000	40652	89696924
40000	13350272	50000	40286	89162629
40000	13368528	60000	40132	88624990
40000	13386768	70000	40086	88666735
40000	13405024	80000	40056	88288217
40000	13423264	90000	40024	88050434
500000	132241536	100000	0	88901370
500000	133883696	1000000	0	90434421
500000	132424000	200000	0	88868573
500000	132606464	300000	0	89283078
500000	132788928	400000	0	89855132
500000	132971392	500000	0	88920570
500000	133153840	600000	0	89248884
500000	133336304	700000	0	90217906
500000	133518768	800000	0	90315976
500000	133701232	900000	0	90242833
50000	13277296	10000	92030	150900627
50000	13441504	100000	50054	110838903
50000	13295536	20000	60926	122864009
50000	13313792	30000	53702	115192577
50000	13332032	40000	51632	113139000
50000	13350272	50000	50814	112395593
50000	13368528	60000	50414	111849310
50000	13386768	70000	50248	111185102
50000	13405024	80000	50118	110913363
50000	13423264	90000	50072	110634465
600000	132241536	100000	0	109635481
600000	133883696	1000000	0	111720423
600000	132424000	200000	0	110701736
600000	132606464	300000	0	109449699
600000	132788928	400000	0	109487609
600000	132971392	500000	0	109487057
600000	133153840	600000	0	110450410
600000	133336304	700000	0	111091408
600000	133518768	800000	0	111654625
600000	133701232	900000	0	111065038
60000	13277296	10000	126932	196910016
60000	13441504	100000	60122	133526120
60000	13295536	20000	79604	155362084
60000	13313792	30000	67838	141452436
60000	13332032	40000	63512	137448622
60000	13350272	50000	61730	135674559
60000	13368528	60000	61008	134782405
60000	13386768	70000	60510	134003394
60000	13405024	80000	60342	133852695
60000	13423264	90000	60198	133460199
700000	132241536	100000	0	130461853
700000	133883696	1000000	0	132292695
700000	132424000	200000	0	130701875
700000	132606464	300000	0	130778822
700000	132788928	400000	0	131454398
700000	132971392	500000	0	130584719
700000	133153840	600000	0	130675609
700000	133336304	700000	0	132492628
700000	133518768	800000	0	132485824
700000	133701232	900000	0	132220114
70000	13277296	10000	165930	246813564
70000	13441504	100000	70322	156630592
70000	13295536	20000	101220	185689343
70000	13313792	30000	83232	169078549
70000	13332032	40000	76174	163805394
70000	13350272	50000	73368	159994980
70000	13368528	60000	71788	159497100
70000	13386768	70000	71026	157504867
70000	13405024	80000	70682	156704741
70000	13423264	90000	70436	156214464
800000	132241536	100000	0	151876269
800000	133883696	1000000	0	153855729
800000	132424000	200000	0	151562428
800000	132606464	300000	0	151505180
800000	132788928	400000	0	151611768
800000	132971392	500000	0	151936174
800000	133153840	600000	0	151571569
800000	133336304	700000	0	153761007
800000	133518768	800000	0	153709876
800000	133701232	900000	0	153893057
80000	13277296	10000	209328	302717921
80000	13441504	100000	80488	179280420
80000	13295536	20000	126080	224339196
80000	13313792	30000	100004	198870237
80000	13332032	40000	90156	189160149
80000	13350272	50000	85418	186390418
80000	13368528	60000	83386	183354240
80000	13386768	70000	81884	181435360
80000	13405024	80000	81264	180841417
80000	13423264	90000	80782	179971922
900000	132241536	100000	0	172832838
900000	133883696	1000000	0	175185573
900000	132424000	200000	0	173324131
900000	132606464	300000	0	173563383
900000	132788928	400000	0	173433107
900000	132971392	500000	0	173438322
900000	133153840	600000	0	174131656
900000	133336304	700000	0	175459345
900000	133518768	800000	0	175319636
900000	133701232	900000	0	175347356
90000	13277296	10000	255710	359868194
90000	13441504	100000	90960	202678260
90000	13295536	20000	153640	262627579
90000	13313792	30000	119472	229174710
90000	13332032	40000	105366	215992528
90000	13350272	50000	98350	209478595
90000	13368528	60000	95278	206758193
90000	13386768	70000	93192	204417180
90000	13405024	80000	92100	204505121
90000	13423264	90000	91376	202622557
