100000	13261600	1000	0	17500544
100000	13278016	10000	0	17381835
100000	13263424	2000	0	17282007
100000	13265248	3000	0	18707231
100000	13267072	4000	0	17033732
100000	13268896	5000	0	16830264
100000	13270720	6000	0	17340253
100000	13272544	7000	0	17902059
100000	13274368	8000	0	17060967
100000	13276192	9000	0	17778235
10000	13261600	1000	0	2030641
10000	13278016	10000	0	2034425
10000	13263424	2000	0	2075765
10000	13265248	3000	0	2028443
10000	13267072	4000	0	1488884
10000	13268896	5000	0	1934339
10000	13270720	6000	0	1555433
10000	13272544	7000	0	2036124
10000	13274368	8000	0	1954287
10000	13276192	9000	0	2014982
20000	13261600	1000	0	4031732
20000	13278016	10000	0	3943545
20000	13263424	2000	0	4072540
20000	13265248	3000	0	4085556
20000	13267072	4000	0	4030944
20000	13268896	5000	0	3695811
20000	13270720	6000	0	3795031
20000	13272544	7000	0	4039359
20000	13274368	8000	0	4054625
20000	13276192	9000	0	3211937
30000	13261600	1000	0	6058794
30000	13278016	10000	0	5737205
30000	13263424	2000	0	5146095
30000	13265248	3000	0	6060337
30000	13267072	4000	0	4830136
30000	13268896	5000	0	6078219
30000	13270720	6000	0	5888908
30000	13272544	7000	0	6085565
30000	13274368	8000	0	6051604
30000	13276192	9000	0	6071068
40000	13261600	1000	0	8135709
40000	13278016	10000	0	7809207
40000	13263424	2000	0	7555643
40000	13265248	3000	0	6708848
40000	13267072	4000	0	6741192
40000	13268896	5000	0	8169119
40000	13270720	6000	0	7864376
40000	13272544	7000	0	7395494
40000	13274368	8000	0	8162663
40000	13276192	9000	0	7967086
50000	13261600	1000	0	10231648
50000	13278016	10000	0	10186084
50000	13263424	2000	0	10220157
50000	13265248	3000	0	10220299
50000	13267072	4000	0	10228154
50000	13268896	5000	0	8377233
50000	13270720	6000	0	8829043
50000	13272544	7000	0	10250870
50000	13274368	8000	0	10236059
50000	13276192	9000	0	9143410
60000	13261600	1000	0	11203382
60000	13278016	10000	0	11858551
60000	13263424	2000	0	10566934
60000	13265248	3000	0	12307004
60000	13267072	4000	0	11153397
60000	13268896	5000	0	11796567
60000	13270720	6000	0	11280149
60000	13272544	7000	0	11327160
60000	13274368	8000	0	10360032
60000	13276192	9000	0	11022300
70000	13261600	1000	0	12288952
70000	13278016	10000	0	13292171
70000	13263424	2000	0	11832595
70000	13265248	3000	0	11695866
70000	13267072	4000	0	13030479
70000	13268896	5000	0	12789972
70000	13270720	6000	0	13817500
70000	13272544	7000	0	12988212
70000	13274368	8000	0	13164326
70000	13276192	9000	0	12878247
80000	13261600	1000	0	14867223
80000	13278016	10000	0	13083378
80000	13263424	2000	0	15027360
80000	13265248	3000	0	14072646
80000	13267072	4000	0	14129414
80000	13268896	5000	0	14299804
80000	13270720	6000	0	15339259
80000	13272544	7000	0	16169518
80000	13274368	8000	0	14035395
80000	13276192	9000	0	15240552
90000	13261600	1000	0	16677807
90000	13278016	10000	0	16565683
90000	13263424	2000	0	16431799
90000	13265248	3000	0	16687120
90000	13267072	4000	0	16211337
90000	13268896	5000	0	14937763
90000	13270720	6000	0	17166274
90000	13272544	7000	0	15168025
90000	13274368	8000	0	14827953
90000	13276192	9000	0	16301297
