1000000	132242256
1000000	133884416	1000000	1015456	2743455290
1000000	150305904	10000000	1000000	3081419930
1000000	134066864	1100000	1010578	2762276462
1000000	134249328	1200000	1007882	2779641570
1000000	134431792	1300000	1005936	2804288806
1000000	134614256	1400000	1004382	2773562704
1000000	134796720	1500000	1003312	2791797140
1000000	134979184	1600000	1002624	2801697974
1000000	135161632	1700000	1002074	2814378769
1000000	135344096	1800000	1001714	2825393490
1000000	135526560	1900000	1001218	2837126351
1000000	132424720	200000	1837820	3768131725
1000000	135709024	2000000	1001022	2847110766
1000000	135891488	2100000	1000924	2856337249
1000000	136073936	2200000	1000676	2864927869
1000000	136256400	2300000	1000610	2874252290
1000000	136438864	2400000	1000456	2883449657
1000000	136621328	2500000	1000406	2891375692
1000000	136803792	2600000	1000360	2899296578
1000000	136986240	2700000	1000316	2906649983
1000000	137168704	2800000	1000242	2913371229
1000000	137351168	2900000	1000206	2917394131
1000000	132607184	300000	1405574	2954874840
1000000	137533632	3000000	1000180	2926505028
1000000	137716096	3100000	1000170	2931003138
1000000	137898560	3200000	1000116	2937952895
1000000	138081008	3300000	1000162	2942928744
1000000	138263472	3400000	1000090	2945165385
1000000	138445936	3500000	1000098	2963701446
1000000	138628400	3600000	1000074	2967207118
1000000	138810864	3700000	1000078	2961352153
1000000	138993312	3800000	1000076	2965494744
1000000	139175776	3900000	1000064	2967884360
1000000	132789648	400000	1217836	2798897383
1000000	139358240	4000000	1000068	2977116009
1000000	139540704	4100000	1000060	2989217895
1000000	139723168	4200000	1000042	2979726325
1000000	139905616	4300000	1000040	2983700977
1000000	140088080	4400000	1000018	2998892162
1000000	140270544	4500000	1000044	2991965704
1000000	140453008	4600000	1000032	2998762674
1000000	140635472	4700000	1000004	2997445178
1000000	140817936	4800000	1000024	2999588319
1000000	141000384	4900000	1000004	3002387185
1000000	132972112	500000	1126394	2747614595
1000000	141182848	5000000	1000028	3008005835
1000000	141365312	5100000	1000024	3008184424
1000000	141547776	5200000	1000016	3008976304
1000000	141730240	5300000	1000010	3013973856
1000000	141912688	5400000	1000020	3017342847
1000000	142095152	5500000	1000014	3017653025
1000000	142277616	5600000	1000016	3019123554
1000000	142460080	5700000	1000008	3021678583
1000000	142642544	5800000	1000012	3023424047
1000000	142824992	5900000	1000010	3024816324
1000000	133154560	600000	1076508	2729646695
1000000	143007456	6000000	1000012	3029964146
1000000	143189920	6100000	1000008	3029478037
1000000	143372384	6200000	1000006	3030856122
1000000	143554848	6300000	1000012	3032357909
1000000	143737312	6400000	1000004	3034306109
1000000	143919760	6500000	1000006	3042882129
1000000	144102224	6600000	1000008	3038434332
1000000	144284688	6700000	1000008	3037953436
1000000	144467152	6800000	1000000	3038444020
1000000	144649616	6900000	1000002	3042200976
1000000	133337024	700000	1049152	2721956364
1000000	144832064	7000000	1000004	3051158979
1000000	145014528	7100000	1000000	3044473517
1000000	145196992	7200000	1000004	3046510017
1000000	145379456	7300000	1000012	3047419834
1000000	145561920	7400000	1000002	3049647031
1000000	145744384	7500000	1000002	3050419367
1000000	145926832	7600000	1000004	3052914493
1000000	146109296	7700000	1000004	3053709132
1000000	146291760	7800000	1000000	3053722623
1000000	146474224	7900000	1000000	3057847554
1000000	133519488	800000	1032234	2736390178
1000000	146656688	8000000	1000006	3055165259
1000000	146839136	8100000	1000002	3060910877
1000000	147021600	8200000	1000004	3060741392
1000000	147204064	8300000	1000002	3058217459
1000000	147386528	8400000	1000000	3063220360
1000000	147568992	8500000	1000000	3063262722
1000000	147751440	8600000	1000000	3064058234
1000000	147933904	8700000	1000004	3066609735
1000000	148116368	8800000	1000002	3073148019
1000000	148298832	8900000	1000000	3067548864
1000000	133701952	900000	1022020	2742156819
1000000	148481296	9000000	1000004	3071701016
1000000	148663760	9100000	1000000	3070504922
1000000	148846208	9200000	1000002	3075283649
1000000	149028672	9300000	1000000	3073998293
1000000	149211136	9400000	1000000	3076339349
1000000	149393600	9500000	1000000	3071681047
1000000	149576064	9600000	1000000	3078082827
1000000	149758512	9700000	1000000	3075259897
1000000	149940976	9800000	1000000	3078178040
1000000	150123440	9900000	1000000	3079908303
100000	132242240	100000	101486	545523360
100000	133884416	1000000	100000	246014190
100000	150305904	10000000	100000	283739012
100000	134066864	1100000	100000	248103578
100000	134249328	1200000	100000	247746684
100000	134431792	1300000	100000	253455359
100000	134614256	1400000	100000	253041155
100000	134796720	1500000	100000	253933658
100000	134979184	1600000	100000	254726965
100000	135161632	1700000	100000	253875780
100000	135344096	1800000	100000	257758730
100000	135526560	1900000	100000	258663902
100000	132424704	200000	100098	227417493
100000	135709024	2000000	100000	257925625
100000	135891488	2100000	100000	260885914
100000	136073936	2200000	100000	259979659
100000	136256400	2300000	100000	261351310
100000	136438864	2400000	100000	263419741
100000	136621328	2500000	100000	264514252
100000	136803792	2600000	100000	267368096
100000	136986240	2700000	100000	264606775
100000	137168704	2800000	100000	267052439
100000	137351168	2900000	100000	267116750
100000	132607168	300000	100026	228438731
100000	137533632	3000000	100000	267145433
100000	137716096	3100000	100000	267127015
100000	137898560	3200000	100000	269381756
100000	138081008	3300000	100000	269874058
100000	138263472	3400000	100000	270469679
100000	138445936	3500000	100000	270099083
100000	138628400	3600000	100000	270116480
100000	138810864	3700000	100000	272869521
100000	138993312	3800000	100000	271384836
100000	139175776	3900000	100000	272173851
100000	132789632	400000	100010	232436569
100000	139358240	4000000	100000	272670487
100000	139540704	4100000	100000	273026626
100000	139723168	4200000	100000	273314442
100000	139905616	4300000	100000	275223128
100000	140088080	4400000	100000	275943429
100000	140270544	4500000	100000	274329058
100000	140453008	4600000	100000	277428304
100000	140635472	4700000	100000	276850976
100000	140817936	4800000	100000	277393416
100000	141000384	4900000	100000	275895195
100000	132972096	500000	100000	235309382
100000	141182848	5000000	100000	276138965
100000	141365312	5100000	100000	276931158
100000	141547776	5200000	100000	277476018
100000	141730240	5300000	100000	276952253
100000	141912688	5400000	100000	277931918
100000	142095152	5500000	100000	277488799
100000	142277616	5600000	100000	277793358
100000	142460080	5700000	100000	278228039
100000	142642544	5800000	100000	278325401
100000	142824992	5900000	100000	279357815
100000	133154544	600000	100002	237075083
100000	143007456	6000000	100000	278643965
100000	143189920	6100000	100000	278429459
100000	143372384	6200000	100000	279635606
100000	143554848	6300000	100000	279972539
100000	143737312	6400000	100000	279511980
100000	143919760	6500000	100000	279468428
100000	144102224	6600000	100000	280242726
100000	144284688	6700000	100000	280030177
100000	144467152	6800000	100000	280415876
100000	144649616	6900000	100000	280233185
100000	133337008	700000	100000	241118364
100000	144832064	7000000	100000	281319030
100000	145014528	7100000	100000	280388292
100000	145196992	7200000	100000	280400642
100000	145379456	7300000	100000	283773038
100000	145561920	7400000	100000	281780795
100000	145744384	7500000	100000	281711119
100000	145926832	7600000	100000	283657221
100000	146109296	7700000	100000	283191090
100000	146291760	7800000	100000	281417273
100000	146474224	7900000	100000	281600631
100000	133519472	800000	100000	245243133
100000	146656688	8000000	100000	281719342
100000	146839136	8100000	100000	282515976
100000	147021600	8200000	100000	282568144
100000	147204064	8300000	100000	282015541
100000	147386528	8400000	100000	282456503
100000	147568992	8500000	100000	282941450
100000	147751440	8600000	100000	282505786
100000	147933904	8700000	100000	282610777
100000	148116368	8800000	100000	283167738
100000	148298832	8900000	100000	283086277
100000	133701936	900000	100000	244258814
100000	148481296	9000000	100000	283075405
100000	148663760	9100000	100000	284854349
100000	148846208	9200000	100000	284483081
100000	149028672	9300000	100000	283529359
100000	149211136	9400000	100000	283046939
100000	149393600	9500000	100000	283650014
100000	149576064	9600000	100000	283739073
100000	149758512	9700000	100000	283742773
100000	149940976	9800000	100000	283759960
100000	150123440	9900000	100000	284229091
10000	13442224	100000	10000	328270579
10000	15084384	1000000	10000	23962502
10000	15266832	1100000	10000	25335937
10000	15449296	1200000	10000	24615068
10000	15631760	1300000	10000	26325131
10000	15814224	1400000	10000	27163577
10000	15996688	1500000	10000	25873033
10000	16179152	1600000	10000	24820780
10000	16361600	1700000	10000	27189900
10000	16544064	1800000	10000	26201357
10000	16726528	1900000	10000	25202156
10000	13624688	200000	10000	23907643
10000	16908992	2000000	10000	25442114
10000	13807152	300000	10000	22523898
10000	13989616	400000	10000	22746512
10000	14172080	500000	10000	22958999
10000	14354528	600000	10000	23125418
10000	14536992	700000	10000	24567440
10000	14719456	800000	10000	23600897
10000	14901920	900000	10000	23730431
200000	132242240	100000	225378	484959251
200000	133884416	1000000	200000	501042767
200000	150305904	10000000	200000	573060266
200000	134066864	1100000	200000	502401750
200000	134249328	1200000	200000	506410127
200000	134431792	1300000	200000	516217222
200000	134614256	1400000	200000	512629017
200000	134796720	1500000	200000	510409139
200000	134979184	1600000	200002	512520348
200000	135161632	1700000	200000	515301790
200000	135344096	1800000	200000	518317751
200000	135526560	1900000	200000	520967463
200000	132424704	200000	203080	465625664
200000	135709024	2000000	200000	524222516
200000	135891488	2100000	200000	524955814
200000	136073936	2200000	200000	527117337
200000	136256400	2300000	200000	528978505
200000	136438864	2400000	200000	531009119
200000	136621328	2500000	200000	532355148
200000	136803792	2600000	200000	535271300
200000	136986240	2700000	200000	535255625
200000	137168704	2800000	200000	537449168
200000	137351168	2900000	200000	538970457
200000	132607168	300000	200718	463046923
200000	137533632	3000000	200000	539590094
200000	137716096	3100000	200000	543182059
200000	137898560	3200000	200000	542637212
200000	138081008	3300000	200000	543943316
200000	138263472	3400000	200000	544249880
200000	138445936	3500000	200000	546097832
200000	138628400	3600000	200000	546538625
200000	138810864	3700000	200000	547645367
200000	138993312	3800000	200000	548490575
200000	139175776	3900000	200000	549741435
200000	132789632	400000	200216	469372554
200000	139358240	4000000	200000	552518034
200000	139540704	4100000	200000	551323693
200000	139723168	4200000	200000	552620378
200000	139905616	4300000	200000	554269318
200000	140088080	4400000	200000	556206297
200000	140270544	4500000	200000	554227301
200000	140453008	4600000	200000	557858073
200000	140635472	4700000	200000	555914635
200000	140817936	4800000	200000	558959251
200000	141000384	4900000	200000	557603868
200000	132972096	500000	200074	475842418
200000	141182848	5000000	200000	559841988
200000	141365312	5100000	200000	558001867
200000	141547776	5200000	200000	558984524
200000	141730240	5300000	200000	558899381
200000	141912688	5400000	200000	560143333
200000	142095152	5500000	200000	560436378
200000	142277616	5600000	200000	560282063
200000	142460080	5700000	200000	561180951
200000	142642544	5800000	200000	563312062
200000	142824992	5900000	200000	563151827
200000	133154544	600000	200038	483651338
200000	143007456	6000000	200000	563654041
200000	143189920	6100000	200000	563099674
200000	143372384	6200000	200000	564352710
200000	143554848	6300000	200000	564692232
200000	143737312	6400000	200000	563812648
200000	143919760	6500000	200000	565053692
200000	144102224	6600000	200000	564941000
200000	144284688	6700000	200000	564723289
200000	144467152	6800000	200000	565871443
200000	144649616	6900000	200000	565947641
200000	133337008	700000	200030	488034599
200000	144832064	7000000	200000	566218065
200000	145014528	7100000	200000	568104990
200000	145196992	7200000	200000	566968586
200000	145379456	7300000	200000	568979151
200000	145561920	7400000	200000	567563437
200000	145744384	7500000	200000	567393786
200000	145926832	7600000	200000	567640921
200000	146109296	7700000	200000	568984412
200000	146291760	7800000	200000	568653817
200000	146474224	7900000	200000	569348640
200000	133519472	800000	200012	493096398
200000	146656688	8000000	200000	570761232
200000	146839136	8100000	200000	570460664
200000	147021600	8200000	200000	569483465
200000	147204064	8300000	200000	569269581
200000	147386528	8400000	200000	570769725
200000	147568992	8500000	200000	570197773
200000	147751440	8600000	200000	570213411
200000	147933904	8700000	200000	570621732
200000	148116368	8800000	200000	571291532
200000	148298832	8900000	200000	570779756
200000	133701936	900000	200004	498051259
200000	148481296	9000000	200000	571076759
200000	148663760	9100000	200000	571138091
200000	148846208	9200000	200000	572439327
200000	149028672	9300000	200000	571502195
200000	149211136	9400000	200000	572016427
200000	149393600	9500000	200000	572324645
200000	149576064	9600000	200000	574461817
200000	149758512	9700000	200000	574393759
200000	149940976	9800000	200000	573004873
200000	150123440	9900000	200000	575690390
20000	13442224	100000	20000	46207828
20000	15084384	1000000	20000	49828502
20000	15266832	1100000	20000	49231224
20000	15449296	1200000	20000	49526787
20000	15631760	1300000	20000	49883468
20000	15814224	1400000	20000	50267883
20000	15996688	1500000	20000	50451644
20000	16179152	1600000	20000	50766266
20000	16361600	1700000	20000	51063985
20000	16544064	1800000	20000	51400232
20000	16726528	1900000	20000	52096014
20000	13624688	200000	20000	44918599
20000	16908992	2000000	20000	51893197
20000	13807152	300000	20000	46120234
20000	13989616	400000	20000	45814672
20000	14172080	500000	20000	46212617
20000	14354528	600000	20000	46788018
20000	14536992	700000	20000	48602438
20000	14719456	800000	20000	47922983
20000	14901920	900000	20000	48168791
300000	132242240	100000	398266	939038598
300000	133884416	1000000	300028	758455281
300000	150305904	10000000	300000	868701017
300000	134066864	1100000	300012	764149521
300000	134249328	1200000	300028	768884231
300000	134431792	1300000	300018	795207649
300000	134614256	1400000	300012	778929000
300000	134796720	1500000	300004	775435412
300000	134979184	1600000	300002	779841719
300000	135161632	1700000	300002	783173888
300000	135344096	1800000	300004	788736141
300000	135526560	1900000	300002	790767585
300000	132424704	200000	316854	721917554
300000	135709024	2000000	300004	795029582
300000	135891488	2100000	300000	797595632
300000	136073936	2200000	300000	801008856
300000	136256400	2300000	300000	805716339
300000	136438864	2400000	300004	806100679
300000	136621328	2500000	300000	808776837
300000	136803792	2600000	300000	812008956
300000	136986240	2700000	300000	812879107
300000	137168704	2800000	300000	815319590
300000	137351168	2900000	300004	817713065
300000	132607168	300000	304698	712501099
300000	137533632	3000000	300000	820332057
300000	137716096	3100000	300000	822044914
300000	137898560	3200000	300000	823238558
300000	138081008	3300000	300000	825204526
300000	138263472	3400000	300000	826188761
300000	138445936	3500000	300000	828400724
300000	138628400	3600000	300000	830110585
300000	138810864	3700000	300000	831216101
300000	138993312	3800000	300000	833207736
300000	139175776	3900000	300000	834845060
300000	132789632	400000	301592	722434646
300000	139358240	4000000	300000	835689888
300000	139540704	4100000	300000	836370465
300000	139723168	4200000	300000	837318003
300000	139905616	4300000	300000	838625120
300000	140088080	4400000	300000	839575040
300000	140270544	4500000	300000	840939167
300000	140453008	4600000	300000	842176496
300000	140635472	4700000	300000	842522015
300000	140817936	4800000	300000	843974437
300000	141000384	4900000	300000	844792173
300000	132972096	500000	300698	726509883
300000	141182848	5000000	300000	845387053
300000	141365312	5100000	300000	846090659
300000	141547776	5200000	300000	847928592
300000	141730240	5300000	300000	847692694
300000	141912688	5400000	300000	849074207
300000	142095152	5500000	300000	849660639
300000	142277616	5600000	300000	850156550
300000	142460080	5700000	300000	850430873
300000	142642544	5800000	300000	851671934
300000	142824992	5900000	300000	852887152
300000	133154544	600000	300350	733882587
300000	143007456	6000000	300000	852379026
300000	143189920	6100000	300000	852824976
300000	143372384	6200000	300000	854065821
300000	143554848	6300000	300000	854400971
300000	143737312	6400000	300000	855157581
300000	143919760	6500000	300000	855664329
300000	144102224	6600000	300000	855975257
300000	144284688	6700000	300000	857168148
300000	144467152	6800000	300000	857250163
300000	144649616	6900000	300000	857390866
300000	133337008	700000	300192	744602547
300000	144832064	7000000	300000	858223140
300000	145014528	7100000	300000	859074104
300000	145196992	7200000	300000	859890819
300000	145379456	7300000	300000	860549589
300000	145561920	7400000	300000	860278556
300000	145744384	7500000	300000	859839480
300000	145926832	7600000	300000	860625746
300000	146109296	7700000	300000	861634989
300000	146291760	7800000	300000	861342424
300000	146474224	7900000	300000	861513139
300000	133519472	800000	300076	749501390
300000	146656688	8000000	300000	862487295
300000	146839136	8100000	300000	862143696
300000	147021600	8200000	300000	862879916
300000	147204064	8300000	300000	862849117
300000	147386528	8400000	300000	864115988
300000	147568992	8500000	300000	864082999
300000	147751440	8600000	300000	863906470
300000	147933904	8700000	300000	865108019
300000	148116368	8800000	300000	864635462
300000	148298832	8900000	300000	864898781
300000	133701936	900000	300060	758158300
300000	148481296	9000000	300000	867740837
300000	148663760	9100000	300000	866783918
300000	148846208	9200000	300000	866039715
300000	149028672	9300000	300000	867098898
300000	149211136	9400000	300000	868038654
300000	149393600	9500000	300000	866328406
300000	149576064	9600000	300000	867469964
300000	149758512	9700000	300000	869013324
300000	149940976	9800000	300000	867862182
300000	150123440	9900000	300000	869369957
30000	13442224	100000	30010	68865855
30000	15084384	1000000	30000	73852785
30000	15266832	1100000	30000	74347530
30000	15449296	1200000	30000	74873267
30000	15631760	1300000	30000	75412147
30000	15814224	1400000	30000	75972163
30000	15996688	1500000	30000	76366796
30000	16179152	1600000	30000	76787875
30000	16361600	1700000	30000	77253075
30000	16544064	1800000	30000	77560261
30000	16726528	1900000	30000	78012664
30000	13624688	200000	30004	68241544
30000	16908992	2000000	30000	78314405
30000	13807152	300000	30000	68596376
30000	13989616	400000	30000	70345662
30000	14172080	500000	30000	70054742
30000	14354528	600000	30000	70864920
30000	14536992	700000	30000	71550783
30000	14719456	800000	30000	72517380
30000	14901920	900000	30000	73087030
400000	132242240	100000	629704	1311703079
400000	133884416	1000000	400182	1014160240
400000	150305904	10000000	400000	1158400930
400000	134066864	1100000	400120	1020861266
400000	134249328	1200000	400070	1026765274
400000	134431792	1300000	400044	1045065056
400000	134614256	1400000	400036	1046035981
400000	134796720	1500000	400032	1035170173
400000	134979184	1600000	400018	1041689857
400000	135161632	1700000	400018	1048419404
400000	135344096	1800000	400004	1051463320
400000	135526560	1900000	400006	1057618403
400000	132424704	200000	450632	1153769604
400000	135709024	2000000	400004	1060864399
400000	135891488	2100000	400008	1065235531
400000	136073936	2200000	400008	1072108693
400000	136256400	2300000	400006	1071881660
400000	136438864	2400000	400004	1076062590
400000	136621328	2500000	400006	1081309309
400000	136803792	2600000	400002	1084188858
400000	136986240	2700000	400002	1086997235
400000	137168704	2800000	400000	1089044958
400000	137351168	2900000	400000	1092241520
400000	132607168	300000	416038	959731038
400000	137533632	3000000	400002	1095909012
400000	137716096	3100000	400004	1096391624
400000	137898560	3200000	400000	1098426717
400000	138081008	3300000	400002	1103415018
400000	138263472	3400000	400000	1103177876
400000	138445936	3500000	400000	1105674310
400000	138628400	3600000	400000	1107231360
400000	138810864	3700000	400004	1109058360
400000	138993312	3800000	400000	1113088875
400000	139175776	3900000	400000	1113252198
400000	132789632	400000	405894	964853128
400000	139358240	4000000	400000	1116626410
400000	139540704	4100000	400002	1116035367
400000	139723168	4200000	400000	1117604940
400000	139905616	4300000	400004	1120998143
400000	140088080	4400000	400000	1123010698
400000	140270544	4500000	400000	1122856572
400000	140453008	4600000	400000	1124702620
400000	140635472	4700000	400002	1124672368
400000	140817936	4800000	400000	1125113763
400000	141000384	4900000	400000	1128814692
400000	132972096	500000	402666	968921514
400000	141182848	5000000	400000	1129708197
400000	141365312	5100000	400000	1130404332
400000	141547776	5200000	400000	1129352009
400000	141730240	5300000	400004	1130915733
400000	141912688	5400000	400000	1132206041
400000	142095152	5500000	400000	1133297390
400000	142277616	5600000	400000	1135426033
400000	142460080	5700000	400000	1135249719
400000	142642544	5800000	400000	1135540557
400000	142824992	5900000	400000	1137313003
400000	133154544	600000	401312	982251959
400000	143007456	6000000	400000	1137372624
400000	143189920	6100000	400000	1137375346
400000	143372384	6200000	400000	1138040217
400000	143554848	6300000	400000	1139492197
400000	143737312	6400000	400000	1140228865
400000	143919760	6500000	400000	1140762871
400000	144102224	6600000	400000	1142147712
400000	144284688	6700000	400000	1142738120
400000	144467152	6800000	400000	1142872820
400000	144649616	6900000	400000	1145321902
400000	133337008	700000	400824	993009187
400000	144832064	7000000	400000	1144507493
400000	145014528	7100000	400000	1146497392
400000	145196992	7200000	400000	1146067498
400000	145379456	7300000	400000	1148190026
400000	145561920	7400000	400000	1146765611
400000	145744384	7500000	400000	1147493927
400000	145926832	7600000	400000	1148696648
400000	146109296	7700000	400000	1149404830
400000	146291760	7800000	400000	1148250680
400000	146474224	7900000	400000	1148998994
400000	133519472	800000	400468	1002954175
400000	146656688	8000000	400000	1149494796
400000	146839136	8100000	400000	1149042211
400000	147021600	8200000	400000	1150691615
400000	147204064	8300000	400000	1155921458
400000	147386528	8400000	400000	1152431526
400000	147568992	8500000	400000	1152351633
400000	147751440	8600000	400000	1151971255
400000	147933904	8700000	400000	1153703494
400000	148116368	8800000	400000	1153950630
400000	148298832	8900000	400000	1153928509
400000	133701936	900000	400250	1016114574
400000	148481296	9000000	400000	1153992963
400000	148663760	9100000	400000	1154992569
400000	148846208	9200000	400000	1155118993
400000	149028672	9300000	400000	1155393395
400000	149211136	9400000	400000	1156094378
400000	149393600	9500000	400000	1157237704
400000	149576064	9600000	400000	1158459713
400000	149758512	9700000	400000	1156961217
400000	149940976	9800000	400000	1157402150
400000	150123440	9900000	400000	1159028227
40000	13442224	100000	40008	92143174
40000	15084384	1000000	40000	98547127
40000	15266832	1100000	40000	99214775
40000	15449296	1200000	40000	100037023
40000	15631760	1300000	40000	100597259
40000	15814224	1400000	40000	101424046
40000	15996688	1500000	40000	102072498
40000	16179152	1600000	40000	102536252
40000	16361600	1700000	40000	103152747
40000	16544064	1800000	40000	104448884
40000	16726528	1900000	40000	104133817
40000	13624688	200000	40000	91045868
40000	16908992	2000000	40000	104616627
40000	13807152	300000	40000	92421682
40000	13989616	400000	40000	92373691
40000	14172080	500000	40000	93404844
40000	14354528	600000	40000	94593852
40000	14536992	700000	40000	95511012
40000	14719456	800000	40000	96612869
40000	14901920	900000	40000	97615186
500000	132242240	100000	918924	1751507110
500000	133884416	1000000	500502	1278927564
500000	150305904	10000000	500000	1452410057
500000	134066864	1100000	500356	1285851897
500000	134249328	1200000	500242	1283366984
500000	134431792	1300000	500148	1291661694
500000	134614256	1400000	500124	1306801856
500000	134796720	1500000	500094	1301751359
500000	134979184	1600000	500066	1309854768
500000	135161632	1700000	500052	1313939209
500000	135344096	1800000	500044	1319931382
500000	135526560	1900000	500032	1326508623
500000	132424704	200000	608274	1456210465
500000	135709024	2000000	500018	1332087300
500000	135891488	2100000	500028	1335640065
500000	136073936	2200000	500020	1340777915
500000	136256400	2300000	500006	1346392589
500000	136438864	2400000	500006	1349902540
500000	136621328	2500000	500014	1354889119
500000	136803792	2600000	500016	1359556980
500000	136986240	2700000	500002	1363340327
500000	137168704	2800000	500014	1366404375
500000	137351168	2900000	500020	1370973525
500000	132607168	300000	537628	1422729546
500000	137533632	3000000	500000	1372856133
500000	137716096	3100000	500000	1375243513
500000	137898560	3200000	500000	1377997585
500000	138081008	3300000	500000	1380542883
500000	138263472	3400000	500000	1384137599
500000	138445936	3500000	500006	1387449202
500000	138628400	3600000	500002	1389164145
500000	138810864	3700000	500000	1391951487
500000	138993312	3800000	500000	1392723933
500000	139175776	3900000	500002	1395293890
500000	132789632	400000	516412	1401042067
500000	139358240	4000000	500002	1400426909
500000	139540704	4100000	500000	1400622739
500000	139723168	4200000	500002	1403669563
500000	139905616	4300000	500000	1402937154
500000	140088080	4400000	500000	1406470178
500000	140270544	4500000	500000	1408646188
500000	140453008	4600000	500000	1407814567
500000	140635472	4700000	500000	1410060123
500000	140817936	4800000	500000	1412145005
500000	141000384	4900000	500000	1413876259
500000	132972096	500000	507616	1225222036
500000	141182848	5000000	500000	1412774135
500000	141365312	5100000	500000	1416269639
500000	141547776	5200000	500000	1418530219
500000	141730240	5300000	500000	1418277102
500000	141912688	5400000	500000	1419694476
500000	142095152	5500000	500000	1421350140
500000	142277616	5600000	500000	1421557214
500000	142460080	5700000	500000	1422141610
500000	142642544	5800000	500000	1423567051
500000	142824992	5900000	500000	1425286681
500000	133154544	600000	503882	1238018090
500000	143007456	6000000	500000	1425357325
500000	143189920	6100000	500000	1427862594
500000	143372384	6200000	500000	1429199852
500000	143554848	6300000	500000	1428857769
500000	143737312	6400000	500000	1429548757
500000	143919760	6500000	500000	1430778730
500000	144102224	6600000	500000	1430760228
500000	144284688	6700000	500000	1433008168
500000	144467152	6800000	500000	1433566593
500000	144649616	6900000	500000	1434765259
500000	133337008	700000	502404	1251562288
500000	144832064	7000000	500000	1436043457
500000	145014528	7100000	500000	1435512166
500000	145196992	7200000	500000	1437627206
500000	145379456	7300000	500000	1438013109
500000	145561920	7400000	500000	1436640980
500000	145744384	7500000	500000	1437899703
500000	145926832	7600000	500000	1438755557
500000	146109296	7700000	500000	1438633525
500000	146291760	7800000	500000	1439590723
500000	146474224	7900000	500000	1441704357
500000	133519472	800000	501350	1260719210
500000	146656688	8000000	500000	1441264144
500000	146839136	8100000	500000	1441373859
500000	147021600	8200000	500000	1442633855
500000	147204064	8300000	500000	1441644187
500000	147386528	8400000	500000	1444518731
500000	147568992	8500000	500000	1444659305
500000	147751440	8600000	500000	1444236466
500000	147933904	8700000	500000	1448528358
500000	148116368	8800000	500000	1446009186
500000	148298832	8900000	500000	1445693708
500000	133701936	900000	500738	1268029126
500000	148481296	9000000	500000	1447352635
500000	148663760	9100000	500000	1447261717
500000	148846208	9200000	500000	1447601461
500000	149028672	9300000	500000	1447995065
500000	149211136	9400000	500000	1449394795
500000	149393600	9500000	500000	1449099466
500000	149576064	9600000	500000	1449724574
500000	149758512	9700000	500000	1449186146
500000	149940976	9800000	500000	1449081202
500000	150123440	9900000	500000	1452124413
50000	13442224	100000	50048	116171374
50000	15084384	1000000	50000	123190334
50000	15266832	1100000	50000	124548532
50000	15449296	1200000	50000	125346453
50000	15631760	1300000	50000	127150287
50000	15814224	1400000	50000	127087078
50000	15996688	1500000	50000	127834085
50000	16179152	1600000	50000	128439972
50000	16361600	1700000	50000	129412253
50000	16544064	1800000	50000	129909858
50000	16726528	1900000	50000	130365120
50000	13624688	200000	50002	114404760
50000	16908992	2000000	50000	130970724
50000	13807152	300000	50000	114518480
50000	13989616	400000	50000	115604278
50000	14172080	500000	50000	116856114
50000	14354528	600000	50000	118727895
50000	14536992	700000	50000	119761415
50000	14719456	800000	50000	120751023
50000	14901920	900000	50000	121991834
600000	132242240	100000	1265034	2249859600
600000	133884416	1000000	601290	1545495753
600000	150305904	10000000	600000	1744428252
600000	134066864	1100000	601012	1547572975
600000	134249328	1200000	600626	1554176671
600000	134431792	1300000	600466	1562752711
600000	134614256	1400000	600366	1570678258
600000	134796720	1500000	600270	1563948040
600000	134979184	1600000	600180	1572109709
600000	135161632	1700000	600128	1578810039
600000	135344096	1800000	600110	1584917524
600000	135526560	1900000	600076	1593207597
600000	132424704	200000	795510	1782055652
600000	135709024	2000000	600098	1600956078
600000	135891488	2100000	600072	1606913564
600000	136073936	2200000	600062	1612377957
600000	136256400	2300000	600036	1619106499
600000	136438864	2400000	600028	1623750091
600000	136621328	2500000	600028	1628510290
600000	136803792	2600000	600032	1635023028
600000	136986240	2700000	600010	1637389100
600000	137168704	2800000	600012	1644506638
600000	137351168	2900000	600022	1646231696
600000	132607168	300000	674944	1701114313
600000	137533632	3000000	600006	1649874931
600000	137716096	3100000	600004	1652788665
600000	137898560	3200000	600004	1656449824
600000	138081008	3300000	600006	1662052058
600000	138263472	3400000	600004	1662934160
600000	138445936	3500000	600010	1665190689
600000	138628400	3600000	600002	1670518249
600000	138810864	3700000	600000	1672638849
600000	138993312	3800000	600008	1673445672
600000	139175776	3900000	600004	1677770038
600000	132789632	400000	633742	1666010131
600000	139358240	4000000	600002	1678371012
600000	139540704	4100000	600000	1680613141
600000	139723168	4200000	600000	1684034228
600000	139905616	4300000	600002	1687195415
600000	140088080	4400000	600004	1687037549
600000	140270544	4500000	600000	1686932524
600000	140453008	4600000	600000	1690265433
600000	140635472	4700000	600002	1692131873
600000	140817936	4800000	600000	1694208778
600000	141000384	4900000	600002	1695648317
600000	132972096	500000	616906	1713798607
600000	141182848	5000000	600006	1696719816
600000	141365312	5100000	600000	1698985244
600000	141547776	5200000	600000	1700298159
600000	141730240	5300000	600000	1705760637
600000	141912688	5400000	600000	1703286069
600000	142095152	5500000	600000	1706027379
600000	142277616	5600000	600000	1706325417
600000	142460080	5700000	600002	1708136522
600000	142642544	5800000	600002	1710978668
600000	142824992	5900000	600000	1712549691
600000	133154544	600000	609120	1717139230
600000	143007456	6000000	600000	1711272335
600000	143189920	6100000	600000	1714521922
600000	143372384	6200000	600000	1715218914
600000	143554848	6300000	600000	1716232610
600000	143737312	6400000	600000	1716286606
600000	143919760	6500000	600002	1717684235
600000	144102224	6600000	600000	1719396448
600000	144284688	6700000	600000	1720889054
600000	144467152	6800000	600000	1719330939
600000	144649616	6900000	600000	1722084539
600000	133337008	700000	605310	1510125107
600000	144832064	7000000	600000	1721852087
600000	145014528	7100000	600000	1724774358
600000	145196992	7200000	600000	1724037867
600000	145379456	7300000	600000	1725084366
600000	145561920	7400000	600000	1725412042
600000	145744384	7500000	600000	1726610969
600000	145926832	7600000	600000	1728526052
600000	146109296	7700000	600000	1728898124
600000	146291760	7800000	600000	1729384739
600000	146474224	7900000	600000	1727887395
600000	133519472	800000	603204	1521167284
600000	146656688	8000000	600000	1731570263
600000	146839136	8100000	600000	1730834876
600000	147021600	8200000	600000	1734156011
600000	147204064	8300000	600000	1731230586
600000	147386528	8400000	600000	1732460884
600000	147568992	8500000	600000	1734621974
600000	147751440	8600000	600000	1735426655
600000	147933904	8700000	600000	1736315308
600000	148116368	8800000	600000	1735284366
600000	148298832	8900000	600000	1735483160
600000	133701936	900000	602106	1530234269
600000	148481296	9000000	600000	1738833431
600000	148663760	9100000	600000	1736469870
600000	148846208	9200000	600000	1740114766
600000	149028672	9300000	600000	1739895703
600000	149211136	9400000	600000	1739007375
600000	149393600	9500000	600000	1739494086
600000	149576064	9600000	600000	1740411071
600000	149758512	9700000	600002	1740316796
600000	149940976	9800000	600000	1741624818
600000	150123440	9900000	600000	1742206805
60000	13442224	100000	60120	139800807
60000	15084384	1000000	60000	148426762
60000	15266832	1100000	60000	149333246
60000	15449296	1200000	60000	150366897
60000	15631760	1300000	60000	151854744
60000	15814224	1400000	60000	152558977
60000	15996688	1500000	60000	153638178
60000	16179152	1600000	60000	154557339
60000	16361600	1700000	60000	155412270
60000	16544064	1800000	60000	156218014
60000	16726528	1900000	60000	156722382
60000	13624688	200000	60008	137763832
60000	16908992	2000000	60000	157476091
60000	13807152	300000	60000	138004594
60000	13989616	400000	60000	139271185
60000	14172080	500000	60000	140644137
60000	14354528	600000	60000	142474344
60000	14536992	700000	60000	144145984
60000	14719456	800000	60000	146594038
60000	14901920	900000	60000	146711660
700000	132242240	100000	1657196	3299502584
700000	133884416	1000000	703050	2011080050
700000	150305904	10000000	700000	2232781332
700000	134066864	1100000	702174	2022156335
700000	134249328	1200000	701348	2020363091
700000	134431792	1300000	701122	2041472774
700000	134614256	1400000	700704	2063618538
700000	134796720	1500000	700572	2040428377
700000	134979184	1600000	700370	2048519238
700000	135161632	1700000	700330	2057630896
700000	135344096	1800000	700232	2067580695
700000	135526560	1900000	700228	2075882830
700000	132424704	200000	1012954	2125791835
700000	135709024	2000000	700142	2080763599
700000	135891488	2100000	700150	2088590848
700000	136073936	2200000	700118	2111432021
700000	136256400	2300000	700098	2101724933
700000	136438864	2400000	700076	2108165700
700000	136621328	2500000	700058	2112929783
700000	136803792	2600000	700048	2120682147
700000	136986240	2700000	700048	2124637188
700000	137168704	2800000	700042	2128745025
700000	137351168	2900000	700028	2132929651
700000	132607168	300000	829112	1977128638
700000	137533632	3000000	700032	2139707516
700000	137716096	3100000	700014	2143635124
700000	137898560	3200000	700022	2145990083
700000	138081008	3300000	700022	2153516620
700000	138263472	3400000	700018	2151807306
700000	138445936	3500000	700014	2158543191
700000	138628400	3600000	700010	2159526219
700000	138810864	3700000	700018	2165508808
700000	138993312	3800000	700016	2167486305
700000	139175776	3900000	700006	2168909723
700000	132789632	400000	761920	1928445816
700000	139358240	4000000	700008	2174147515
700000	139540704	4100000	700012	2174383998
700000	139723168	4200000	700000	2177496869
700000	139905616	4300000	700004	2181453748
700000	140088080	4400000	700006	2183854777
700000	140270544	4500000	700004	2185555797
700000	140453008	4600000	700000	2186041546
700000	140635472	4700000	700002	2190215855
700000	140817936	4800000	700000	2193623468
700000	141000384	4900000	700008	2192727548
700000	132972096	500000	732556	1937951148
700000	141182848	5000000	700000	2193845548
700000	141365312	5100000	700000	2196730428
700000	141547776	5200000	700010	2198984660
700000	141730240	5300000	700004	2202223904
700000	141912688	5400000	700008	2200681023
700000	142095152	5500000	700004	2203846525
700000	142277616	5600000	700000	2205019516
700000	142460080	5700000	700000	2209197716
700000	142642544	5800000	700000	2205642464
700000	142824992	5900000	700002	2209480400
700000	133154544	600000	718088	1952326431
700000	143007456	6000000	700000	2212221603
700000	143189920	6100000	700004	2211934605
700000	143372384	6200000	700000	2213243690
700000	143554848	6300000	700002	2215490548
700000	143737312	6400000	700002	2217054819
700000	143919760	6500000	700002	2219364979
700000	144102224	6600000	700002	2219346172
700000	144284688	6700000	700000	2220738870
700000	144467152	6800000	700002	2220409878
700000	144649616	6900000	700000	2221955403
700000	133337008	700000	710642	1975253013
700000	144832064	7000000	700000	2222693618
700000	145014528	7100000	700000	2224500877
700000	145196992	7200000	700000	2224677920
700000	145379456	7300000	700000	2226685675
700000	145561920	7400000	700000	2226986339
700000	145744384	7500000	700000	2227694798
700000	145926832	7600000	700000	2228980655
700000	146109296	7700000	700000	2229389272
700000	146291760	7800000	700000	2231021176
700000	146474224	7900000	700000	2232947429
700000	133519472	800000	706368	1992183925
700000	146656688	8000000	700000	2231699963
700000	146839136	8100000	700000	2233259705
700000	147021600	8200000	700000	2232833774
700000	147204064	8300000	700000	2253596256
700000	147386528	8400000	700002	2238623048
700000	147568992	8500000	700000	2222891158
700000	147751440	8600000	700000	2226636191
700000	147933904	8700000	700000	2222406482
700000	148116368	8800000	700006	2226916869
700000	148298832	8900000	700000	2230421127
700000	133701936	900000	704284	2007244540
700000	148481296	9000000	700000	2223752322
700000	148663760	9100000	700000	2229226534
700000	148846208	9200000	700000	2223575677
700000	149028672	9300000	700000	2230340868
700000	149211136	9400000	700000	2225492365
700000	149393600	9500000	700000	2235590588
700000	149576064	9600000	700000	2226640034
700000	149758512	9700000	700000	2231486637
700000	149940976	9800000	700000	2231044318
700000	150123440	9900000	700000	2247931791
70000	13442224	100000	70296	164001845
70000	15084384	1000000	70000	173865965
70000	15266832	1100000	70000	175452771
70000	15449296	1200000	70000	177383986
70000	15631760	1300000	70000	177911491
70000	15814224	1400000	70000	181491219
70000	15996688	1500000	70000	179784809
70000	16179152	1600000	70000	181150089
70000	16361600	1700000	70000	182107865
70000	16544064	1800000	70000	183183257
70000	16726528	1900000	70000	183787811
70000	13624688	200000	70004	161873270
70000	16908992	2000000	70000	186310482
70000	13807152	300000	70006	162201205
70000	13989616	400000	70000	163208385
70000	14172080	500000	70000	164953459
70000	14354528	600000	70000	167058208
70000	14536992	700000	70000	168709794
70000	14719456	800000	70000	170462045
70000	14901920	900000	70000	172373313
800000	132242240	100000	2089564	3816202672
800000	133884416	1000000	805338	2246441390
800000	150305904	10000000	800000	2518189022
800000	134066864	1100000	803828	2264426314
800000	134249328	1200000	802766	2276901872
800000	134431792	1300000	801822	2286828442
800000	134614256	1400000	801396	2318377974
800000	134796720	1500000	801136	2285807698
800000	134979184	1600000	800854	2295479661
800000	135161632	1700000	800692	2305809760
800000	135344096	1800000	800472	2315553351
800000	135526560	1900000	800464	2326554585
800000	132424704	200000	1259444	2524333064
800000	135709024	2000000	800290	2334880841
800000	135891488	2100000	800296	2341994659
800000	136073936	2200000	800194	2352147578
800000	136256400	2300000	800166	2354767502
800000	136438864	2400000	800152	2362698380
800000	136621328	2500000	800118	2370771545
800000	136803792	2600000	800090	2377233661
800000	136986240	2700000	800118	2380778957
800000	137168704	2800000	800066	2386421894
800000	137351168	2900000	800054	2393260918
800000	132607168	300000	1001518	2283642906
800000	137533632	3000000	800052	2397310373
800000	137716096	3100000	800070	2403689664
800000	137898560	3200000	800052	2405708779
800000	138081008	3300000	800042	2409975078
800000	138263472	3400000	800042	2414686665
800000	138445936	3500000	800042	2418523109
800000	138628400	3600000	800028	2422552559
800000	138810864	3700000	800016	2427781779
800000	138993312	3800000	800028	2431098403
800000	139175776	3900000	800012	2433187109
800000	132789632	400000	901846	2214019421
800000	139358240	4000000	800020	2437407504
800000	139540704	4100000	800012	2439026493
800000	139723168	4200000	800012	2442240733
800000	139905616	4300000	800010	2445916749
800000	140088080	4400000	800012	2448290971
800000	140270544	4500000	800010	2448966476
800000	140453008	4600000	800010	2452077227
800000	140635472	4700000	800018	2456096227
800000	140817936	4800000	800002	2457534598
800000	141000384	4900000	800010	2463048235
800000	132972096	500000	854912	2197919044
800000	141182848	5000000	800006	2460267712
800000	141365312	5100000	800004	2462740799
800000	141547776	5200000	800006	2466370083
800000	141730240	5300000	800004	2466928686
800000	141912688	5400000	800002	2467275083
800000	142095152	5500000	800002	2471852705
800000	142277616	5600000	800006	2472337172
800000	142460080	5700000	800000	2471549958
800000	142642544	5800000	800002	2475777716
800000	142824992	5900000	800002	2477030195
800000	133154544	600000	831686	2207130688
800000	143007456	6000000	800006	2481127458
800000	143189920	6100000	800000	2481550610
800000	143372384	6200000	800002	2480504301
800000	143554848	6300000	800000	2482328956
800000	143737312	6400000	800004	2485651953
800000	143919760	6500000	800002	2496805220
800000	144102224	6600000	800004	2500714093
800000	144284688	6700000	800002	2487480855
800000	144467152	6800000	800004	2488986666
800000	144649616	6900000	800000	2490410911
800000	133337008	700000	819102	2231470997
800000	144832064	7000000	800000	2492423213
800000	145014528	7100000	800000	2494361324
800000	145196992	7200000	800000	2499738386
800000	145379456	7300000	800002	2496503986
800000	145561920	7400000	800008	2496887147
800000	145744384	7500000	800002	2502008107
800000	145926832	7600000	800002	2499944967
800000	146109296	7700000	800002	2501681513
800000	146291760	7800000	800000	2500053710
800000	146474224	7900000	800002	2501854761
800000	133519472	800000	812458	2240668159
800000	146656688	8000000	800000	2505237428
800000	146839136	8100000	800000	2503813511
800000	147021600	8200000	800000	2502751722
800000	147204064	8300000	800000	2503008510
800000	147386528	8400000	800000	2507030479
800000	147568992	8500000	800002	2503113120
800000	147751440	8600000	800000	2501689738
800000	147933904	8700000	800000	2503067863
800000	148116368	8800000	800000	2509614507
800000	148298832	8900000	800000	2505370939
800000	133701936	900000	808030	2260448789
800000	148481296	9000000	800000	2507818567
800000	148663760	9100000	800000	2505102160
800000	148846208	9200000	800000	2508525199
800000	149028672	9300000	800000	2508009834
800000	149211136	9400000	800000	2511886699
800000	149393600	9500000	800000	2514325749
800000	149576064	9600000	800000	2512448791
800000	149758512	9700000	800000	2509628032
800000	149940976	9800000	800000	2515511169
800000	150123440	9900000	800000	2514503838
80000	13442224	100000	80584	186965690
80000	15084384	1000000	80000	199056179
80000	15266832	1100000	80000	201124405
80000	15449296	1200000	80000	203147009
80000	15631760	1300000	80000	204477768
80000	15814224	1400000	80000	205732179
80000	15996688	1500000	80000	206418243
80000	16179152	1600000	80000	207808516
80000	16361600	1700000	80000	208945650
80000	16544064	1800000	80000	210043099
80000	16726528	1900000	80000	210746130
80000	13624688	200000	80032	185644277
80000	16908992	2000000	80000	211351287
80000	13807152	300000	80002	185732922
80000	13989616	400000	80000	187602082
80000	14172080	500000	80000	189355007
80000	14354528	600000	80000	192073904
80000	14536992	700000	80000	193637758
80000	14719456	800000	80000	195776310
80000	14901920	900000	80000	197153122
900000	132242240	100000	2553118	5008608585
900000	133884416	1000000	909308	2484493878
900000	150305904	10000000	900000	2798218102
900000	134066864	1100000	906748	2501591110
900000	134249328	1200000	904778	2518706177
900000	134431792	1300000	903414	2536569209
900000	134614256	1400000	902650	2531367216
900000	134796720	1500000	901922	2533489882
900000	134979184	1600000	901596	2549841598
900000	135161632	1700000	901152	2561353439
900000	135344096	1800000	900946	2581237724
900000	135526560	1900000	900770	2581858552
900000	132424704	200000	1533136	3446879320
900000	135709024	2000000	900544	2594647807
900000	135891488	2100000	900522	2601200864
900000	136073936	2200000	900408	2609016045
900000	136256400	2300000	900330	2617269117
900000	136438864	2400000	900224	2625629016
900000	136621328	2500000	900256	2633311742
900000	136803792	2600000	900186	2640744100
900000	136986240	2700000	900132	2648277667
900000	137168704	2800000	900140	2652688164
900000	137351168	2900000	900106	2659064943
900000	132607168	300000	1193134	2610892010
900000	137533632	3000000	900096	2666458070
900000	137716096	3100000	900094	2668828822
900000	137898560	3200000	900104	2673455504
900000	138081008	3300000	900048	2679913244
900000	138263472	3400000	900062	2684845895
900000	138445936	3500000	900072	2687718982
900000	138628400	3600000	900040	2692956182
900000	138810864	3700000	900034	2697737091
900000	138993312	3800000	900032	2701972502
900000	139175776	3900000	900032	2704226993
900000	132789632	400000	1052194	2497895782
900000	139358240	4000000	900018	2709085099
900000	139540704	4100000	900034	2711105002
900000	139723168	4200000	900022	2713216978
900000	139905616	4300000	900012	2720023208
900000	140088080	4400000	900008	2720567912
900000	140270544	4500000	900018	2722484724
900000	140453008	4600000	900014	2725475527
900000	140635472	4700000	900014	2730462070
900000	140817936	4800000	900022	2730965244
900000	141000384	4900000	900008	2743629202
900000	132972096	500000	985946	2461545298
900000	141182848	5000000	900010	2746835856
900000	141365312	5100000	900002	2736223273
900000	141547776	5200000	900004	2739127371
900000	141730240	5300000	900006	2747144561
900000	141912688	5400000	900002	2742791218
900000	142095152	5500000	900014	2753128451
900000	142277616	5600000	900010	2746927342
900000	142460080	5700000	900008	2750356612
900000	142642544	5800000	900004	2754158050
900000	142824992	5900000	900004	2750565535
900000	133154544	600000	950906	2459867006
900000	143007456	6000000	900000	2753745400
900000	143189920	6100000	900002	2757118375
900000	143372384	6200000	900002	2756647600
900000	143554848	6300000	900006	2757942102
900000	143737312	6400000	900002	2758924893
900000	143919760	6500000	900006	2764471723
900000	144102224	6600000	900000	2770097206
900000	144284688	6700000	900000	2762548004
900000	144467152	6800000	900000	2765808128
900000	144649616	6900000	900002	2766253512
900000	133337008	700000	932096	2462350534
900000	144832064	7000000	900002	2781409828
900000	145014528	7100000	900000	2768056694
900000	145196992	7200000	900004	2770364681
900000	145379456	7300000	900002	2772693576
900000	145561920	7400000	900006	2781265319
900000	145744384	7500000	900002	2773032558
900000	145926832	7600000	900000	2776001483
900000	146109296	7700000	900000	2774416524
900000	146291760	7800000	900000	2775101138
900000	146474224	7900000	900000	2776646067
900000	133519472	800000	920924	2482681829
900000	146656688	8000000	900002	2784661155
900000	146839136	8100000	900002	2801287645
900000	147021600	8200000	900000	2778773187
900000	147204064	8300000	900000	2780136902
900000	147386528	8400000	900006	2794241559
900000	147568992	8500000	900000	2784573848
900000	147751440	8600000	900000	2782098856
900000	147933904	8700000	900000	2788823607
900000	148116368	8800000	900000	2790663513
900000	148298832	8900000	900000	2785088755
900000	133701936	900000	913696	2505922301
900000	148481296	9000000	900000	2821981250
900000	148663760	9100000	900000	2784231403
900000	148846208	9200000	900000	2791720302
900000	149028672	9300000	900000	2787497696
900000	149211136	9400000	900002	2791345182
900000	149393600	9500000	900000	2788518021
900000	149576064	9600000	900002	2796023907
900000	149758512	9700000	900004	2800799021
900000	149940976	9800000	900000	2802381635
900000	150123440	9900000	900000	2795250011
90000	13442224	100000	90876	211343746
90000	15084384	1000000	90000	224904477
90000	15266832	1100000	90000	226711332
90000	15449296	1200000	90000	228199023
90000	15631760	1300000	90000	229804405
90000	15814224	1400000	90000	231311234
90000	15996688	1500000	90000	232710216
90000	16179152	1600000	90000	234076362
90000	16361600	1700000	90000	236421754
90000	16544064	1800000	90000	236485565
90000	16726528	1900000	90000	238620119
90000	13624688	200000	90046	209222384
90000	16908992	2000000	90000	240780971
90000	13807152	300000	90010	210070942
90000	13989616	400000	90000	211509787
90000	14172080	500000	90000	215022511
90000	14354528	600000	90000	216761722
90000	14536992	700000	90002	218254594
90000	14719456	800000	90000	220537625
90000	14901920	900000	90000	222527482
