100000	13261424	1000	470008	567086342
100000	13277840	10000	227860	345131577
100000	13263248	2000	441522	541939121
100000	13265072	3000	412536	516343219
100000	13266896	4000	382646	486150143
100000	13268720	5000	354284	463300524
100000	13270544	6000	325806	434287258
100000	13272368	7000	300102	410995347
100000	13274192	8000	273898	386844212
100000	13276016	9000	249982	366212537
10000	13261424	1000	22420	359854946
10000	13277840	10000	294	14150329
10000	13263248	2000	9902	23402388
10000	13265072	3000	5128	18435388
10000	13266896	4000	3136	18011579
10000	13268720	5000	1918	14256564
10000	13270544	6000	1164	12697619
10000	13272368	7000	872	13097284
10000	13274192	8000	570	12495700
10000	13276016	9000	370	14766904
20000	13261424	1000	71122	147746722
20000	13277840	10000	3760	27863673
20000	13263248	2000	45950	69070281
20000	13265072	3000	29440	51785874
20000	13266896	4000	19742	43851249
20000	13268720	5000	14222	36932021
20000	13270544	6000	10730	38254867
20000	13272368	7000	7994	33272059
20000	13274192	8000	6286	30065270
20000	13276016	9000	4792	28798217
30000	13261424	1000	121114	160427967
30000	13277840	10000	13186	48598306
30000	13263248	2000	92898	126939782
30000	13265072	3000	69234	104484469
30000	13266896	4000	51264	87239359
30000	13268720	5000	38926	75318873
30000	13270544	6000	30332	67050499
30000	13272368	7000	23838	61245691
30000	13274192	8000	19262	56701189
30000	13276016	9000	15700	52457835
40000	13261424	1000	170392	229487694
40000	13277840	10000	28278	76470259
40000	13263248	2000	141284	184246681
40000	13265072	3000	114222	159391923
40000	13266896	4000	90830	137351721
40000	13268720	5000	72166	119769023
40000	13270544	6000	58902	106528191
40000	13272368	7000	48018	97138301
40000	13274192	8000	40004	88876189
40000	13276016	9000	33372	81120641
50000	13261424	1000	221314	277525598
50000	13277840	10000	49532	110054905
50000	13263248	2000	192062	243917072
50000	13265072	3000	163244	218206100
50000	13266896	4000	137502	192466823
50000	13268720	5000	113886	171692325
50000	13270544	6000	94830	153345093
50000	13272368	7000	79568	139562315
50000	13274192	8000	67456	127360333
50000	13276016	9000	57712	118470186
60000	13261424	1000	272134	339850173
60000	13277840	10000	78190	149156378
60000	13263248	2000	243020	304236109
60000	13265072	3000	213620	277471661
60000	13266896	4000	186490	253604973
60000	13268720	5000	161608	229491827
60000	13270544	6000	139436	209311446
60000	13272368	7000	119414	188765167
60000	13274192	8000	102264	174299371
60000	13276016	9000	89812	162095885
70000	13261424	1000	320516	399670471
70000	13277840	10000	109380	193273594
70000	13263248	2000	291588	364421242
70000	13265072	3000	262292	336673222
70000	13266896	4000	233994	311597402
70000	13268720	5000	207104	285471092
70000	13270544	6000	181470	262449035
70000	13272368	7000	159262	239911841
70000	13274192	8000	140346	222341313
70000	13276016	9000	122582	205419327
80000	13261424	1000	371034	445244215
80000	13277840	10000	145270	238868332
80000	13263248	2000	341306	419790333
80000	13265072	3000	312122	394116091
80000	13266896	4000	284484	367685467
80000	13268720	5000	256046	342474284
80000	13270544	6000	230198	320020510
80000	13272368	7000	204530	296179460
80000	13274192	8000	182906	274651896
80000	13276016	9000	163730	257024361
90000	13261424	1000	419754	505796598
90000	13277840	10000	186834	290725943
90000	13263248	2000	391832	481399134
90000	13265072	3000	363000	455683032
90000	13266896	4000	333576	429998120
90000	13268720	5000	305218	402673015
90000	13270544	6000	279754	379428350
90000	13272368	7000	252860	353057364
90000	13274192	8000	227888	330441556
90000	13276016	9000	206168	309020345
