1000000	132242080	100000	2296628	4241641596
1000000	133884240	1000000	27766	1403310239
1000000	150305728	10000000	2	1712253046
1000000	134066688	1100000	19860	1409085862
1000000	134249152	1200000	14732	1417689672
1000000	134431616	1300000	11070	1427652694
1000000	134614080	1400000	8480	1436421635
1000000	134796544	1500000	6748	1447439618
1000000	134979008	1600000	5334	1457299827
1000000	135161456	1700000	4108	1465685924
1000000	135343920	1800000	3396	1476174908
1000000	135526384	1900000	2684	1484566669
1000000	132424544	200000	998638	2434960859
1000000	135708848	2000000	2134	1492726837
1000000	135891312	2100000	1816	1503194485
1000000	136073760	2200000	1410	1511732169
1000000	136256224	2300000	1194	1518542788
1000000	136438688	2400000	1054	1528018742
1000000	136621152	2500000	822	1533712100
1000000	136803616	2600000	732	1540831036
1000000	136986064	2700000	568	1547111457
1000000	137168528	2800000	486	1553517985
1000000	137350992	2900000	432	1696512398
1000000	132607008	300000	524880	1922225791
1000000	137533456	3000000	432	1564766179
1000000	137715920	3100000	348	1568447742
1000000	137898384	3200000	338	1573614236
1000000	138080832	3300000	240	1581120015
1000000	138263296	3400000	218	1583430746
1000000	138445760	3500000	208	1590666709
1000000	138628224	3600000	172	1594416697
1000000	138810688	3700000	170	1598627121
1000000	138993136	3800000	138	1602732010
1000000	139175600	3900000	112	1606275608
1000000	132789472	400000	305868	1687715934
1000000	139358064	4000000	118	1619108338
1000000	139540528	4100000	84	1615175544
1000000	139722992	4200000	46	1617892267
1000000	139905440	4300000	88	1621200055
1000000	140087904	4400000	80	1625997015
1000000	140270368	4500000	78	1627682004
1000000	140452832	4600000	50	1641063004
1000000	140635296	4700000	52	1632144538
1000000	140817760	4800000	42	1634279263
1000000	141000208	4900000	50	1639485158
1000000	132971936	500000	188894	1488618589
1000000	141182672	5000000	48	1641477861
1000000	141365136	5100000	40	1648932866
1000000	141547600	5200000	34	1646605168
1000000	141730064	5300000	40	1648798062
1000000	141912512	5400000	20	1650324555
1000000	142094976	5500000	30	1653690247
1000000	142277440	5600000	40	1679990772
1000000	142459904	5700000	28	1659169286
1000000	142642368	5800000	10	1659286022
1000000	142824816	5900000	20	1660464413
1000000	133154384	600000	121960	1436144548
1000000	143007280	6000000	28	1664996711
1000000	143189744	6100000	8	1665496082
1000000	143372208	6200000	12	1674139346
1000000	143554672	6300000	14	1669102013
1000000	143737136	6400000	14	1670927483
1000000	143919584	6500000	10	1670097830
1000000	144102048	6600000	20	1673569153
1000000	144284512	6700000	12	1676585986
1000000	144466976	6800000	16	1677374421
1000000	144649440	6900000	6	1678868305
1000000	133336848	700000	80780	1409997252
1000000	144831888	7000000	2	1679506350
1000000	145014352	7100000	8	1681591415
1000000	145196816	7200000	6	1683532162
1000000	145379280	7300000	10	1686995960
1000000	145561744	7400000	4	1684686841
1000000	145744208	7500000	4	1697492952
1000000	145926656	7600000	12	1687759758
1000000	146109120	7700000	4	1688305349
1000000	146291584	7800000	2	1690082882
1000000	146474048	7900000	4	1690836067
1000000	133519312	800000	55592	1401209690
1000000	146656512	8000000	2	1692111372
1000000	146838960	8100000	0	1694648535
1000000	147021424	8200000	0	1694356699
1000000	147203888	8300000	4	1696833701
1000000	147386352	8400000	2	1703336799
1000000	147568816	8500000	2	1696494549
1000000	147751264	8600000	0	1698871033
1000000	147933728	8700000	0	1699809463
1000000	148116192	8800000	0	1700260431
1000000	148298656	8900000	0	1701274235
1000000	133701776	900000	38642	1399111309
1000000	148481120	9000000	0	1702145523
1000000	148663584	9100000	4	1703094569
1000000	148846032	9200000	2	1703647059
1000000	149028496	9300000	2	1704969663
1000000	149210960	9400000	2	1705035557
1000000	149393424	9500000	2	1707809468
1000000	149575888	9600000	4	1708189364
1000000	149758336	9700000	4	1708901382
1000000	149940800	9800000	0	1708917176
1000000	150123264	9900000	2	1709748972
100000	132242064	100000	2822	439666191
100000	133884240	1000000	0	126656789
100000	150305728	10000000	0	167383614
100000	134066688	1100000	0	128283345
100000	134249152	1200000	0	129753612
100000	134431616	1300000	0	133534897
100000	134614080	1400000	0	133080026
100000	134796544	1500000	0	135288472
100000	134979008	1600000	0	136802768
100000	135161456	1700000	0	137391145
100000	135343920	1800000	0	139284198
100000	135526384	1900000	0	139735447
100000	132424528	200000	204	116123407
100000	135708848	2000000	0	140817755
100000	135891312	2100000	0	141965117
100000	136073760	2200000	0	143219460
100000	136256224	2300000	0	144462670
100000	136438688	2400000	0	144655383
100000	136621152	2500000	0	145503939
100000	136803616	2600000	0	147031795
100000	136986064	2700000	0	147187852
100000	137168528	2800000	0	148536155
100000	137350992	2900000	0	150618408
100000	132606992	300000	54	115401800
100000	137533456	3000000	0	150413241
100000	137715920	3100000	0	150940116
100000	137898384	3200000	0	151670939
100000	138080832	3300000	0	152138324
100000	138263296	3400000	0	152407473
100000	138445760	3500000	0	152517890
100000	138628224	3600000	0	153951221
100000	138810688	3700000	0	154714850
100000	138993136	3800000	0	154100105
100000	139175600	3900000	0	155527837
100000	132789456	400000	12	116044673
100000	139358064	4000000	0	155626581
100000	139540528	4100000	0	155508699
100000	139722992	4200000	0	156859266
100000	139905440	4300000	0	156522820
100000	140087904	4400000	0	157151982
100000	140270368	4500000	0	157613496
100000	140452832	4600000	0	157966231
100000	140635296	4700000	0	158062511
100000	140817760	4800000	0	158358596
100000	141000208	4900000	0	159179323
100000	132971920	500000	6	117329376
100000	141182672	5000000	0	159369844
100000	141365136	5100000	0	159806736
100000	141547600	5200000	0	160333781
100000	141730064	5300000	0	159656532
100000	141912512	5400000	0	160457598
100000	142094976	5500000	0	161043771
100000	142277440	5600000	0	161378431
100000	142459904	5700000	0	161286340
100000	142642368	5800000	0	161359995
100000	142824816	5900000	0	161468003
100000	133154368	600000	0	118835132
100000	143007280	6000000	0	162084492
100000	143189744	6100000	0	162586420
100000	143372208	6200000	0	162163669
100000	143554672	6300000	0	162441344
100000	143737136	6400000	0	163122525
100000	143919584	6500000	0	163376852
100000	144102048	6600000	0	163363948
100000	144284512	6700000	0	163875295
100000	144466976	6800000	0	163582649
100000	144649440	6900000	0	163817212
100000	133336832	700000	2	120721245
100000	144831888	7000000	0	163789111
100000	145014352	7100000	0	164164900
100000	145196816	7200000	0	163999255
100000	145379280	7300000	0	164253030
100000	145561744	7400000	0	164604386
100000	145744208	7500000	0	164709282
100000	145926656	7600000	0	164761950
100000	146109120	7700000	0	165007667
100000	146291584	7800000	0	164884259
100000	146474048	7900000	0	165143318
100000	133519296	800000	0	123762748
100000	146656512	8000000	0	165235547
100000	146838960	8100000	0	191152943
100000	147021424	8200000	0	165602276
100000	147203888	8300000	0	165816195
100000	147386352	8400000	0	165751545
100000	147568816	8500000	0	165987813
100000	147751264	8600000	0	166167742
100000	147933728	8700000	0	166121005
100000	148116192	8800000	0	166487162
100000	148298656	8900000	0	166303523
100000	133701760	900000	0	124550929
100000	148481120	9000000	0	166381253
100000	148663584	9100000	0	166819392
100000	148846032	9200000	0	167429238
100000	149028496	9300000	0	166625397
100000	149210960	9400000	0	166784254
100000	149393424	9500000	0	167150788
100000	149575888	9600000	0	167238522
100000	149758336	9700000	0	167184740
100000	149940800	9800000	0	167197063
100000	150123264	9900000	0	167401630
10000	13442048	100000	0	260421421
10000	15084208	1000000	0	11533933
10000	15266656	1100000	0	12506040
10000	15449120	1200000	0	11829296
10000	15631584	1300000	0	12035907
10000	15814048	1400000	0	12311413
10000	15996512	1500000	0	12241689
10000	16178976	1600000	0	14339867
10000	16361424	1700000	0	12514545
10000	16543888	1800000	0	12656300
10000	16726352	1900000	0	12839289
10000	13624512	200000	0	10505090
10000	16908816	2000000	0	12901860
10000	13806976	300000	0	10563680
10000	13989440	400000	0	10541536
10000	14171904	500000	0	10751640
10000	14354352	600000	0	11809170
10000	14536816	700000	0	11041907
10000	14719280	800000	0	11323405
10000	14901744	900000	0	11393111
200000	132242064	100000	37694	330787766
200000	133884240	1000000	4	259327694
200000	150305728	10000000	0	337247991
200000	134066688	1100000	2	262924391
200000	134249152	1200000	4	266256451
200000	134431616	1300000	0	269154715
200000	134614080	1400000	2	273961421
200000	134796544	1500000	0	275303552
200000	134979008	1600000	0	278025494
200000	135161456	1700000	0	280968906
200000	135343920	1800000	0	284268741
200000	135526384	1900000	0	286354668
200000	132424528	200000	5466	247189664
200000	135708848	2000000	0	287546989
200000	135891312	2100000	0	290972759
200000	136073760	2200000	0	292086363
200000	136256224	2300000	0	293765086
200000	136438688	2400000	0	295706401
200000	136621152	2500000	0	297671299
200000	136803616	2600000	0	299241145
200000	136986064	2700000	0	300590957
200000	137168528	2800000	0	302578296
200000	137350992	2900000	0	302989990
200000	132606992	300000	1272	240893169
200000	137533456	3000000	0	305109705
200000	137715920	3100000	0	306342317
200000	137898384	3200000	0	307231535
200000	138080832	3300000	0	308617956
200000	138263296	3400000	0	309778643
200000	138445760	3500000	0	311015529
200000	138628224	3600000	0	312062094
200000	138810688	3700000	0	312974747
200000	138993136	3800000	0	312232230
200000	139175600	3900000	0	314827946
200000	132789456	400000	374	240432245
200000	139358064	4000000	0	316427308
200000	139540528	4100000	0	316667411
200000	139722992	4200000	0	317083616
200000	139905440	4300000	0	318179289
200000	140087904	4400000	0	319304850
200000	140270368	4500000	0	317971886
200000	140452832	4600000	0	322117073
200000	140635296	4700000	0	321990190
200000	140817760	4800000	0	321069496
200000	141000208	4900000	0	321732988
200000	132971920	500000	184	243624576
200000	141182672	5000000	0	323220913
200000	141365136	5100000	0	324784355
200000	141547600	5200000	0	322699300
200000	141730064	5300000	0	324501743
200000	141912512	5400000	0	325369631
200000	142094976	5500000	0	324794449
200000	142277440	5600000	0	326193350
200000	142459904	5700000	0	327048023
200000	142642368	5800000	0	327038761
200000	142824816	5900000	0	327366463
200000	133154368	600000	70	245255868
200000	143007280	6000000	0	328328062
200000	143189744	6100000	0	328449462
200000	143372208	6200000	0	329791542
200000	143554672	6300000	0	329519330
200000	143737136	6400000	0	329757763
200000	143919584	6500000	0	328469243
200000	144102048	6600000	0	330368562
200000	144284512	6700000	0	331134834
200000	144466976	6800000	0	331915252
200000	144649440	6900000	0	331211000
200000	133336832	700000	40	249700334
200000	144831888	7000000	0	331780678
200000	145014352	7100000	0	330705160
200000	145196816	7200000	0	331898222
200000	145379280	7300000	0	334210967
200000	145561744	7400000	0	334945556
200000	145744208	7500000	0	333798757
200000	145926656	7600000	0	333800235
200000	146109120	7700000	0	334115798
200000	146291584	7800000	0	334342072
200000	146474048	7900000	0	334690192
200000	133519296	800000	24	252296009
200000	146656512	8000000	0	334829879
200000	146838960	8100000	0	334643788
200000	147021424	8200000	0	335499093
200000	147203888	8300000	0	335927827
200000	147386352	8400000	0	336624677
200000	147568816	8500000	0	334412375
200000	147751264	8600000	0	336508623
200000	147933728	8700000	0	336677398
200000	148116192	8800000	0	336162217
200000	148298656	8900000	0	335393110
200000	133701760	900000	16	255887402
200000	148481120	9000000	0	335798581
200000	148663584	9100000	0	337773455
200000	148846032	9200000	0	336649558
200000	149028496	9300000	0	336425720
200000	149210960	9400000	0	336420562
200000	149393424	9500000	0	336445369
200000	149575888	9600000	0	337820723
200000	149758336	9700000	0	336914938
200000	149940800	9800000	0	338763163
200000	150123264	9900000	0	336876552
20000	13442048	100000	2	45802227
20000	15084208	1000000	0	24221248
20000	15266656	1100000	0	24651192
20000	15449120	1200000	0	25006832
20000	15631584	1300000	0	25081828
20000	15814048	1400000	0	25473170
20000	15996512	1500000	0	25773494
20000	16178976	1600000	0	26977641
20000	16361424	1700000	0	26388788
20000	16543888	1800000	0	26570088
20000	16726352	1900000	0	26961477
20000	13624512	200000	0	21341569
20000	16908816	2000000	0	27065758
20000	13806976	300000	0	21421048
20000	13989440	400000	0	21836891
20000	14171904	500000	0	22110689
20000	14354352	600000	0	22424217
20000	14536816	700000	0	22823953
20000	14719280	800000	0	23237040
20000	14901744	900000	0	23892945
300000	132242064	100000	130856	515413974
300000	133884240	1000000	54	393524760
300000	150305728	10000000	0	508634789
300000	134066688	1100000	34	398362874
300000	134249152	1200000	44	403109307
300000	134431616	1300000	30	407753955
300000	134614080	1400000	20	411736836
300000	134796544	1500000	20	415695574
300000	134979008	1600000	6	419863905
300000	135161456	1700000	10	423905255
300000	135343920	1800000	8	430118249
300000	135526384	1900000	0	430405770
300000	132424528	200000	27632	397088037
300000	135708848	2000000	4	433767755
300000	135891312	2100000	0	436341131
300000	136073760	2200000	0	439970060
300000	136256224	2300000	2	442567626
300000	136438688	2400000	0	446093614
300000	136621152	2500000	0	447864968
300000	136803616	2600000	2	452332666
300000	136986064	2700000	0	452476649
300000	137168528	2800000	2	454906625
300000	137350992	2900000	0	457125831
300000	132606992	300000	8308	376927093
300000	137533456	3000000	0	459176544
300000	137715920	3100000	0	460434880
300000	137898384	3200000	0	461953343
300000	138080832	3300000	0	465252322
300000	138263296	3400000	0	465412372
300000	138445760	3500000	0	467694467
300000	138628224	3600000	2	468932468
300000	138810688	3700000	0	470576035
300000	138993136	3800000	0	470939699
300000	139175600	3900000	0	473562574
300000	132789456	400000	3008	372286146
300000	139358064	4000000	0	477340272
300000	139540528	4100000	0	476185514
300000	139722992	4200000	0	479963067
300000	139905440	4300000	0	478559763
300000	140087904	4400000	0	479778635
300000	140270368	4500000	0	479671817
300000	140452832	4600000	0	484998066
300000	140635296	4700000	0	482443818
300000	140817760	4800000	0	483409757
300000	141000208	4900000	0	484426764
300000	132971920	500000	1358	370291252
300000	141182672	5000000	0	486369430
300000	141365136	5100000	0	488399667
300000	141547600	5200000	0	487294116
300000	141730064	5300000	0	487758142
300000	141912512	5400000	0	488513685
300000	142094976	5500000	0	489837969
300000	142277440	5600000	0	490582591
300000	142459904	5700000	0	491369631
300000	142642368	5800000	0	491026127
300000	142824816	5900000	0	493822781
300000	133154368	600000	694	374360629
300000	143007280	6000000	0	493944423
300000	143189744	6100000	0	493341894
300000	143372208	6200000	0	496619489
300000	143554672	6300000	0	494943826
300000	143737136	6400000	0	495386279
300000	143919584	6500000	0	495544750
300000	144102048	6600000	0	496971165
300000	144284512	6700000	0	497024746
300000	144466976	6800000	0	498321017
300000	144649440	6900000	0	497692812
300000	133336832	700000	356	378497482
300000	144831888	7000000	0	499036324
300000	145014352	7100000	0	499277894
300000	145196816	7200000	0	499598123
300000	145379280	7300000	0	501750648
300000	145561744	7400000	0	501611670
300000	145744208	7500000	0	500845061
300000	145926656	7600000	0	501650850
300000	146109120	7700000	0	501726282
300000	146291584	7800000	0	502598101
300000	146474048	7900000	0	502892236
300000	133519296	800000	184	383343383
300000	146656512	8000000	0	503133672
300000	146838960	8100000	0	503433081
300000	147021424	8200000	0	503789803
300000	147203888	8300000	0	503996880
300000	147386352	8400000	0	505858741
300000	147568816	8500000	0	504284473
300000	147751264	8600000	0	504683813
300000	147933728	8700000	0	506081607
300000	148116192	8800000	0	505418878
300000	148298656	8900000	0	505700169
300000	133701760	900000	122	388221251
300000	148481120	9000000	0	505618646
300000	148663584	9100000	0	506140051
300000	148846032	9200000	0	506695246
300000	149028496	9300000	0	506333181
300000	149210960	9400000	0	506807166
300000	149393424	9500000	0	507520507
300000	149575888	9600000	0	507280145
300000	149758336	9700000	0	507008299
300000	149940800	9800000	0	507394659
300000	150123264	9900000	0	508093097
30000	13442048	100000	12	38165987
30000	15084208	1000000	0	36267738
30000	15266656	1100000	0	36831061
30000	15449120	1200000	0	37328532
30000	15631584	1300000	0	37798823
30000	15814048	1400000	0	38311066
30000	15996512	1500000	0	38813147
30000	16178976	1600000	0	39271632
30000	16361424	1700000	0	39581912
30000	16543888	1800000	0	40058773
30000	16726352	1900000	0	40417362
30000	13624512	200000	2	32369514
30000	16908816	2000000	0	40713790
30000	13806976	300000	0	34329488
30000	13989440	400000	0	32819054
30000	14171904	500000	0	33198125
30000	14354352	600000	0	35011047
30000	14536816	700000	0	34439365
30000	14719280	800000	0	35057307
30000	14901744	900000	0	35654998
400000	132242064	100000	285302	791066143
400000	133884240	1000000	366	529368056
400000	150305728	10000000	0	679486925
400000	134066688	1100000	222	535387166
400000	134249152	1200000	160	541760261
400000	134431616	1300000	102	548319207
400000	134614080	1400000	74	552707907
400000	134796544	1500000	60	558119201
400000	134979008	1600000	42	564274571
400000	135161456	1700000	24	567619615
400000	135343920	1800000	32	576780415
400000	135526384	1900000	22	576709249
400000	132424528	200000	75502	573493321
400000	135708848	2000000	10	581166279
400000	135891312	2100000	10	585099781
400000	136073760	2200000	4	588326731
400000	136256224	2300000	6	592227060
400000	136438688	2400000	18	595681553
400000	136621152	2500000	16	598941049
400000	136803616	2600000	4	604293881
400000	136986064	2700000	2	605622055
400000	137168528	2800000	2	607757688
400000	137350992	2900000	2	610556471
400000	132606992	300000	26614	521380518
400000	137533456	3000000	4	613067818
400000	137715920	3100000	0	615706057
400000	137898384	3200000	0	618157751
400000	138080832	3300000	0	621450187
400000	138263296	3400000	8	623149981
400000	138445760	3500000	0	624044825
400000	138628224	3600000	2	628754789
400000	138810688	3700000	0	628772048
400000	138993136	3800000	2	630187621
400000	139175600	3900000	0	632909660
400000	132789456	400000	11018	506020420
400000	139358064	4000000	2	633689528
400000	139540528	4100000	0	635460418
400000	139722992	4200000	4	637503468
400000	139905440	4300000	0	643336420
400000	140087904	4400000	0	639740369
400000	140270368	4500000	0	642105558
400000	140452832	4600000	0	648497045
400000	140635296	4700000	0	645280804
400000	140817760	4800000	2	645045688
400000	141000208	4900000	0	646604742
400000	132971920	500000	5328	503838212
400000	141182672	5000000	0	648228985
400000	141365136	5100000	0	653565841
400000	141547600	5200000	0	650297686
400000	141730064	5300000	0	652615546
400000	141912512	5400000	0	652032743
400000	142094976	5500000	0	652753587
400000	142277440	5600000	0	654564574
400000	142459904	5700000	0	656385393
400000	142642368	5800000	0	655697374
400000	142824816	5900000	0	657209067
400000	133154368	600000	2626	505946414
400000	143007280	6000000	0	659121712
400000	143189744	6100000	0	659275142
400000	143372208	6200000	0	662475945
400000	143554672	6300000	0	661030846
400000	143737136	6400000	0	661675713
400000	143919584	6500000	0	662029074
400000	144102048	6600000	0	662914770
400000	144284512	6700000	0	664800503
400000	144466976	6800000	0	665643368
400000	144649440	6900000	0	664782215
400000	133336832	700000	1424	510741980
400000	144831888	7000000	0	665340668
400000	145014352	7100000	0	665685791
400000	145196816	7200000	0	667319723
400000	145379280	7300000	0	670314513
400000	145561744	7400000	0	669403644
400000	145744208	7500000	0	668546525
400000	145926656	7600000	0	669848050
400000	146109120	7700000	0	669487549
400000	146291584	7800000	0	670978998
400000	146474048	7900000	0	670427366
400000	133519296	800000	856	516805103
400000	146656512	8000000	0	671117743
400000	146838960	8100000	0	672520636
400000	147021424	8200000	0	672260052
400000	147203888	8300000	0	672510799
400000	147386352	8400000	0	674007852
400000	147568816	8500000	0	674290775
400000	147751264	8600000	0	674219036
400000	147933728	8700000	0	679322718
400000	148116192	8800000	0	676353570
400000	148298656	8900000	0	676460629
400000	133701760	900000	510	523211725
400000	148481120	9000000	0	675494225
400000	148663584	9100000	0	676808344
400000	148846032	9200000	0	676404396
400000	149028496	9300000	0	676972842
400000	149210960	9400000	0	678094250
400000	149393424	9500000	0	677058845
400000	149575888	9600000	0	679150941
400000	149758336	9700000	0	678445283
400000	149940800	9800000	0	678634435
400000	150123264	9900000	0	679071865
40000	13442048	100000	48	44641636
40000	15084208	1000000	0	48435129
40000	15266656	1100000	0	49182817
40000	15449120	1200000	0	50535609
40000	15631584	1300000	0	51141994
40000	15814048	1400000	0	51264780
40000	15996512	1500000	0	51949013
40000	16178976	1600000	0	52359398
40000	16361424	1700000	0	52976223
40000	16543888	1800000	0	53637665
40000	16726352	1900000	0	53982063
40000	13624512	200000	4	43388991
40000	16908816	2000000	0	54478622
40000	13806976	300000	0	43446842
40000	13989440	400000	0	44040864
40000	14171904	500000	0	44508192
40000	14354352	600000	0	45165935
40000	14536816	700000	0	46073590
40000	14719280	800000	0	46865074
40000	14901744	900000	0	47771618
500000	132242064	100000	497414	1139642637
500000	133884240	1000000	1078	667806118
500000	150305728	10000000	0	852079522
500000	134066688	1100000	706	675260455
500000	134249152	1200000	520	682095492
500000	134431616	1300000	388	690822209
500000	134614080	1400000	224	695848773
500000	134796544	1500000	204	702100373
500000	134979008	1600000	140	708848850
500000	135161456	1700000	110	714980375
500000	135343920	1800000	104	725205932
500000	135526384	1900000	56	724821790
500000	132424528	200000	152458	783301941
500000	135708848	2000000	44	730068764
500000	135891312	2100000	38	734156713
500000	136073760	2200000	38	738928995
500000	136256224	2300000	32	744240905
500000	136438688	2400000	32	748544931
500000	136621152	2500000	14	752050853
500000	136803616	2600000	16	756550191
500000	136986064	2700000	8	761171440
500000	137168528	2800000	10	762660573
500000	137350992	2900000	18	766708208
500000	132606992	300000	60244	684983100
500000	137533456	3000000	2	771026602
500000	137715920	3100000	8	772393638
500000	137898384	3200000	8	775045896
500000	138080832	3300000	12	778604467
500000	138263296	3400000	6	780737632
500000	138445760	3500000	0	783795624
500000	138628224	3600000	4	786059083
500000	138810688	3700000	8	788319083
500000	138993136	3800000	4	792974118
500000	139175600	3900000	0	793076376
500000	132789456	400000	27444	653550847
500000	139358064	4000000	6	796263195
500000	139540528	4100000	2	797934370
500000	139722992	4200000	2	798788017
500000	139905440	4300000	0	800696256
500000	140087904	4400000	2	803145071
500000	140270368	4500000	0	804336881
500000	140452832	4600000	2	811673777
500000	140635296	4700000	0	807197731
500000	140817760	4800000	2	808458904
500000	141000208	4900000	0	811513906
500000	132971920	500000	13878	643689445
500000	141182672	5000000	0	811513389
500000	141365136	5100000	0	815826599
500000	141547600	5200000	0	815648021
500000	141730064	5300000	0	815795734
500000	141912512	5400000	0	817302192
500000	142094976	5500000	0	818979837
500000	142277440	5600000	0	819522776
500000	142459904	5700000	2	822115289
500000	142642368	5800000	0	821828693
500000	142824816	5900000	0	823992687
500000	133154368	600000	7350	643086316
500000	143007280	6000000	2	824439332
500000	143189744	6100000	0	824530147
500000	143372208	6200000	4	829412739
500000	143554672	6300000	0	828075927
500000	143737136	6400000	0	828617478
500000	143919584	6500000	2	829502085
500000	144102048	6600000	0	829717804
500000	144284512	6700000	0	831045424
500000	144466976	6800000	0	832119673
500000	144649440	6900000	0	832156702
500000	133336832	700000	4140	647361189
500000	144831888	7000000	0	833752161
500000	145014352	7100000	0	833964746
500000	145196816	7200000	0	834553680
500000	145379280	7300000	0	838125971
500000	145561744	7400000	0	836827881
500000	145744208	7500000	0	837323707
500000	145926656	7600000	0	838356652
500000	146109120	7700000	0	841516247
500000	146291584	7800000	0	841116521
500000	146474048	7900000	0	840077001
500000	133519296	800000	2598	653777487
500000	146656512	8000000	0	840358524
500000	146838960	8100000	0	841085703
500000	147021424	8200000	0	842072907
500000	147203888	8300000	0	842451519
500000	147386352	8400000	0	845523386
500000	147568816	8500000	0	845151607
500000	147751264	8600000	0	845876672
500000	147933728	8700000	0	846204991
500000	148116192	8800000	0	847143440
500000	148298656	8900000	0	848819945
500000	133701760	900000	1738	660735598
500000	148481120	9000000	0	847873121
500000	148663584	9100000	0	848556764
500000	148846032	9200000	0	849839077
500000	149028496	9300000	0	849719685
500000	149210960	9400000	0	851391654
500000	149393424	9500000	0	852469429
500000	149575888	9600000	0	852798011
500000	149758336	9700000	0	853182406
500000	149940800	9800000	0	853159186
500000	150123264	9900000	0	853955838
50000	13442048	100000	104	64656435
50000	15084208	1000000	0	60796510
50000	15266656	1100000	0	61727701
50000	15449120	1200000	0	64569528
50000	15631584	1300000	0	63519532
50000	15814048	1400000	0	64306094
50000	15996512	1500000	0	67262302
50000	16178976	1600000	0	65698797
50000	16361424	1700000	0	66472860
50000	16543888	1800000	0	67203003
50000	16726352	1900000	0	67698387
50000	13624512	200000	4	54717843
50000	16908816	2000000	0	68288493
50000	13806976	300000	0	54525637
50000	13989440	400000	2	55412878
50000	14171904	500000	0	58209475
50000	14354352	600000	0	56890581
50000	14536816	700000	0	57885924
50000	14719280	800000	0	58900564
50000	14901744	900000	0	59874714
600000	132242064	100000	767426	1818083748
600000	133884240	1000000	2632	810089793
600000	150305728	10000000	0	1023957768
600000	134066688	1100000	1738	818997469
600000	134249152	1200000	1252	827095166
600000	134431616	1300000	932	834721862
600000	134614080	1400000	668	842386642
600000	134796544	1500000	524	849522242
600000	134979008	1600000	432	857272080
600000	135161456	1700000	308	863935940
600000	135343920	1800000	236	875306133
600000	135526384	1900000	142	876227014
600000	132424528	200000	258826	1095707546
600000	135708848	2000000	174	882625849
600000	135891312	2100000	130	887015967
600000	136073760	2200000	98	892924279
600000	136256224	2300000	84	898426817
600000	136438688	2400000	52	902391187
600000	136621152	2500000	42	907729845
600000	136803616	2600000	48	912594459
600000	136986064	2700000	18	915896121
600000	137168528	2800000	36	920520341
600000	137350992	2900000	38	1011608902
600000	132606992	300000	113110	868650664
600000	137533456	3000000	24	929034447
600000	137715920	3100000	18	931403252
600000	137898384	3200000	16	934856090
600000	138080832	3300000	22	939158223
600000	138263296	3400000	12	942092747
600000	138445760	3500000	10	945812094
600000	138628224	3600000	20	948059721
600000	138810688	3700000	4	950353175
600000	138993136	3800000	4	952900748
600000	139175600	3900000	6	955849161
600000	132789456	400000	54978	813789168
600000	139358064	4000000	6	962896058
600000	139540528	4100000	4	959517243
600000	139722992	4200000	8	962978692
600000	139905440	4300000	6	965977529
600000	140087904	4400000	4	966488734
600000	140270368	4500000	0	968327667
600000	140452832	4600000	8	977756285
600000	140635296	4700000	2	971360393
600000	140817760	4800000	2	973690894
600000	141000208	4900000	2	976454488
600000	132971920	500000	29216	792949287
600000	141182672	5000000	2	978379662
600000	141365136	5100000	2	983513685
600000	141547600	5200000	2	982767436
600000	141730064	5300000	2	982357060
600000	141912512	5400000	0	986612779
600000	142094976	5500000	2	985893901
600000	142277440	5600000	2	986798245
600000	142459904	5700000	2	989426781
600000	142642368	5800000	2	990072341
600000	142824816	5900000	2	990771871
600000	133154368	600000	16298	787194350
600000	143007280	6000000	2	993214540
600000	143189744	6100000	0	993579174
600000	143372208	6200000	2	999686762
600000	143554672	6300000	0	996869652
600000	143737136	6400000	2	996887692
600000	143919584	6500000	0	997002114
600000	144102048	6600000	0	999430550
600000	144284512	6700000	4	1000126485
600000	144466976	6800000	0	1001616705
600000	144649440	6900000	2	1002324189
600000	133336832	700000	9960	789873370
600000	144831888	7000000	0	1004179541
600000	145014352	7100000	0	1003943607
600000	145196816	7200000	0	1004364906
600000	145379280	7300000	0	1008167163
600000	145561744	7400000	0	1006399006
600000	145744208	7500000	0	1008638494
600000	145926656	7600000	0	1006819086
600000	146109120	7700000	0	1008663787
600000	146291584	7800000	0	1009822590
600000	146474048	7900000	0	1010244515
600000	133519296	800000	6036	794763032
600000	146656512	8000000	0	1010979881
600000	146838960	8100000	0	1011072670
600000	147021424	8200000	0	1012373310
600000	147203888	8300000	2	1012973104
600000	147386352	8400000	0	1018056974
600000	147568816	8500000	2	1013666401
600000	147751264	8600000	2	1015127546
600000	147933728	8700000	0	1016775599
600000	148116192	8800000	0	1016460477
600000	148298656	8900000	0	1016850615
600000	133701760	900000	3862	802125465
600000	148481120	9000000	0	1017364077
600000	148663584	9100000	0	1018349299
600000	148846032	9200000	0	1017788211
600000	149028496	9300000	0	1019755080
600000	149210960	9400000	0	1022122497
600000	149393424	9500000	0	1020449971
600000	149575888	9600000	0	1020806847
600000	149758336	9700000	0	1022807713
600000	149940800	9800000	0	1023098926
600000	150123264	9900000	0	1024305700
60000	13442048	100000	304	70303254
60000	15084208	1000000	0	73285052
60000	15266656	1100000	0	74360963
60000	15449120	1200000	0	75547156
60000	15631584	1300000	0	76496938
60000	15814048	1400000	0	77521753
60000	15996512	1500000	0	78428597
60000	16178976	1600000	0	79334364
60000	16361424	1700000	0	79902214
60000	16543888	1800000	0	80750161
60000	16726352	1900000	0	81426919
60000	13624512	200000	8	66125897
60000	16908816	2000000	0	82165774
60000	13806976	300000	4	65972699
60000	13989440	400000	2	66832292
60000	14171904	500000	0	67508629
60000	14354352	600000	0	68555920
60000	14536816	700000	0	69733076
60000	14719280	800000	0	70908749
60000	14901744	900000	0	72173148
700000	132242064	100000	1099512	2257956903
700000	133884240	1000000	5762	953264637
700000	150305728	10000000	2	1195342994
700000	134066688	1100000	3824	961307660
700000	134249152	1200000	2760	970479329
700000	134431616	1300000	2090	979206636
700000	134614080	1400000	1546	987855910
700000	134796544	1500000	1132	995909788
700000	134979008	1600000	824	1004098700
700000	135161456	1700000	640	1011959043
700000	135343920	1800000	546	1026693065
700000	135526384	1900000	444	1026352960
700000	132424528	200000	398936	1385976623
700000	135708848	2000000	332	1032531352
700000	135891312	2100000	276	1038784048
700000	136073760	2200000	216	1045147493
700000	136256224	2300000	174	1051983228
700000	136438688	2400000	132	1055766509
700000	136621152	2500000	128	1064569505
700000	136803616	2600000	116	1066916562
700000	136986064	2700000	82	1072026138
700000	137168528	2800000	76	1076463190
700000	137350992	2900000	74	1179665544
700000	132606992	300000	187368	1074966379
700000	137533456	3000000	58	1085705094
700000	137715920	3100000	38	1091063890
700000	137898384	3200000	28	1092524028
700000	138080832	3300000	40	1096434254
700000	138263296	3400000	34	1100212741
700000	138445760	3500000	24	1103423966
700000	138628224	3600000	20	1109490088
700000	138810688	3700000	22	1110721674
700000	138993136	3800000	14	1112606710
700000	139175600	3900000	22	1116322630
700000	132789456	400000	95970	988378925
700000	139358064	4000000	10	1124016573
700000	139540528	4100000	10	1121264724
700000	139722992	4200000	16	1124610674
700000	139905440	4300000	12	1126648645
700000	140087904	4400000	8	1130406549
700000	140270368	4500000	8	1132493347
700000	140452832	4600000	8	1142135694
700000	140635296	4700000	4	1137166948
700000	140817760	4800000	4	1137389938
700000	141000208	4900000	6	1140328584
700000	132971920	500000	53600	950146447
700000	141182672	5000000	8	1142551008
700000	141365136	5100000	2	1148861690
700000	141547600	5200000	6	1146445882
700000	141730064	5300000	8	1148609399
700000	141912512	5400000	8	1148360970
700000	142094976	5500000	4	1151783086
700000	142277440	5600000	0	1152361911
700000	142459904	5700000	2	1156561237
700000	142642368	5800000	4	1156197056
700000	142824816	5900000	2	1157862378
700000	133154368	600000	31772	937482659
700000	143007280	6000000	0	1158416350
700000	143189744	6100000	6	1161207600
700000	143372208	6200000	0	1166674946
700000	143554672	6300000	4	1162370090
700000	143737136	6400000	0	1165403237
700000	143919584	6500000	4	1165383487
700000	144102048	6600000	0	1166637145
700000	144284512	6700000	2	1169159812
700000	144466976	6800000	2	1168941745
700000	144649440	6900000	0	1170027151
700000	133336832	700000	19368	934844283
700000	144831888	7000000	0	1171762944
700000	145014352	7100000	0	1171718314
700000	145196816	7200000	0	1173608958
700000	145379280	7300000	0	1176839359
700000	145561744	7400000	0	1173771445
700000	145744208	7500000	2	1176067066
700000	145926656	7600000	0	1182834550
700000	146109120	7700000	2	1177153431
700000	146291584	7800000	2	1179251568
700000	146474048	7900000	0	1180571323
700000	133519296	800000	12544	939460498
700000	146656512	8000000	0	1181179676
700000	146838960	8100000	0	1180381790
700000	147021424	8200000	0	1183241675
700000	147203888	8300000	0	1182497850
700000	147386352	8400000	0	1187318665
700000	147568816	8500000	0	1184582230
700000	147751264	8600000	0	1186598747
700000	147933728	8700000	2	1187410411
700000	148116192	8800000	0	1187133611
700000	148298656	8900000	2	1187358775
700000	133701760	900000	8386	945478980
700000	148481120	9000000	0	1188167254
700000	148663584	9100000	0	1189629693
700000	148846032	9200000	0	1188844683
700000	149028496	9300000	0	1191064783
700000	149210960	9400000	0	1190865226
700000	149393424	9500000	0	1190957618
700000	149575888	9600000	2	1193495115
700000	149758336	9700000	0	1193573711
700000	149940800	9800000	0	1193041462
700000	150123264	9900000	0	1195415514
70000	13442048	100000	514	84169730
70000	15084208	1000000	0	86012515
70000	15266656	1100000	0	88184641
70000	15449120	1200000	0	88492524
70000	15631584	1300000	0	89962435
70000	15814048	1400000	0	90994488
70000	15996512	1500000	0	92049688
70000	16178976	1600000	0	92684713
70000	16361424	1700000	0	93687034
70000	16543888	1800000	0	94571174
70000	16726352	1900000	0	95355675
70000	13624512	200000	30	77887198
70000	16908816	2000000	0	96622046
70000	13806976	300000	8	77530751
70000	13989440	400000	0	78242108
70000	14171904	500000	2	80176416
70000	14354352	600000	0	80422129
70000	14536816	700000	0	81744279
70000	14719280	800000	0	83505329
70000	14901744	900000	0	84444734
800000	132242064	100000	1466168	2730787734
800000	133884240	1000000	10214	1101084814
800000	150305728	10000000	0	1372488998
800000	134066688	1100000	7116	1109356969
800000	134249152	1200000	5450	1119122645
800000	134431616	1300000	3944	1129655751
800000	134614080	1400000	2864	1137482657
800000	134796544	1500000	2240	1147783099
800000	134979008	1600000	1698	1159508690
800000	135161456	1700000	1330	1169615313
800000	135343920	1800000	996	1178902008
800000	135526384	1900000	830	1186175421
800000	132424528	200000	567658	1698250721
800000	135708848	2000000	700	1194652328
800000	135891312	2100000	514	1201463342
800000	136073760	2200000	438	1207445580
800000	136256224	2300000	390	1214143322
800000	136438688	2400000	312	1221437437
800000	136621152	2500000	268	1227300623
800000	136803616	2600000	200	1232586927
800000	136986064	2700000	188	1239579495
800000	137168528	2800000	158	1243849463
800000	137350992	2900000	180	1249423173
800000	132606992	300000	277912	1395199727
800000	137533456	3000000	108	1253998301
800000	137715920	3100000	106	1259571089
800000	137898384	3200000	100	1261838932
800000	138080832	3300000	78	1267255801
800000	138263296	3400000	62	1269683167
800000	138445760	3500000	74	1273168577
800000	138628224	3600000	52	1276918936
800000	138810688	3700000	54	1280460025
800000	138993136	3800000	46	1285177987
800000	139175600	3900000	26	1287348418
800000	132789456	400000	151458	1174414915
800000	139358064	4000000	26	1290059653
800000	139540528	4100000	36	1293254197
800000	139722992	4200000	24	1297984097
800000	139905440	4300000	22	1300515347
800000	140087904	4400000	24	1303858110
800000	140270368	4500000	8	1303765497
800000	140452832	4600000	24	1318741902
800000	140635296	4700000	26	1308904474
800000	140817760	4800000	28	1311972097
800000	141000208	4900000	18	1316008857
800000	132971920	500000	87686	1119397376
800000	141182672	5000000	14	1316412385
800000	141365136	5100000	4	1322719964
800000	141547600	5200000	8	1321192149
800000	141730064	5300000	10	1320562788
800000	141912512	5400000	10	1329732825
800000	142094976	5500000	8	1324052825
800000	142277440	5600000	10	1325948904
800000	142459904	5700000	4	1331031624
800000	142642368	5800000	4	1330874264
800000	142824816	5900000	2	1332799521
800000	133154368	600000	53114	1095101453
800000	143007280	6000000	6	1332575857
800000	143189744	6100000	2	1334883099
800000	143372208	6200000	6	1343280347
800000	143554672	6300000	2	1346800363
800000	143737136	6400000	2	1341326227
800000	143919584	6500000	2	1343038445
800000	144102048	6600000	4	1342882042
800000	144284512	6700000	2	1345281115
800000	144466976	6800000	0	1346497360
800000	144649440	6900000	4	1344842919
800000	133336832	700000	33350	1087691759
800000	144831888	7000000	6	1348781199
800000	145014352	7100000	0	1350976702
800000	145196816	7200000	0	1349229292
800000	145379280	7300000	2	1352278817
800000	145561744	7400000	2	1351988527
800000	145744208	7500000	2	1350803728
800000	145926656	7600000	4	1352140464
800000	146109120	7700000	4	1355626439
800000	146291584	7800000	0	1357519869
800000	146474048	7900000	2	1355127765
800000	133519296	800000	22046	1088317052
800000	146656512	8000000	0	1358126550
800000	146838960	8100000	0	1359154611
800000	147021424	8200000	0	1357805994
800000	147203888	8300000	0	1358928385
800000	147386352	8400000	2	1366241376
800000	147568816	8500000	2	1360999064
800000	147751264	8600000	0	1362509451
800000	147933728	8700000	2	1362583615
800000	148116192	8800000	2	1364264615
800000	148298656	8900000	0	1363717235
800000	133701760	900000	14878	1093712461
800000	148481120	9000000	0	1364826034
800000	148663584	9100000	4	1368590273
800000	148846032	9200000	0	1367399099
800000	149028496	9300000	0	1368916350
800000	149210960	9400000	4	1367859389
800000	149393424	9500000	0	1367510529
800000	149575888	9600000	0	1369083363
800000	149758336	9700000	0	1368785458
800000	149940800	9800000	4	1370828445
800000	150123264	9900000	0	1371578484
80000	13442048	100000	994	98258044
80000	15084208	1000000	0	98224045
80000	15266656	1100000	0	99720997
80000	15449120	1200000	0	101204299
80000	15631584	1300000	0	102539810
80000	15814048	1400000	0	103879847
80000	15996512	1500000	0	105452129
80000	16178976	1600000	0	106192558
80000	16361424	1700000	0	107237509
80000	16543888	1800000	0	108475483
80000	16726352	1900000	0	109522409
80000	13624512	200000	60	90080894
80000	16908816	2000000	0	110072199
80000	13806976	300000	8	89042074
80000	13989440	400000	4	89979414
80000	14171904	500000	2	90709125
80000	14354352	600000	2	92131391
80000	14536816	700000	0	95758077
80000	14719280	800000	0	95253946
80000	14901744	900000	0	96913126
900000	132242064	100000	1865136	3723213560
900000	133884240	1000000	17332	1251866596
900000	150305728	10000000	0	1544301521
900000	134066688	1100000	12648	1258148595
900000	134249152	1200000	8950	1267148855
900000	134431616	1300000	6616	1277384508
900000	134614080	1400000	5258	1285471668
900000	134796544	1500000	3768	1295411601
900000	134979008	1600000	3134	1306451159
900000	135161456	1700000	2442	1317411817
900000	135343920	1800000	2042	1323534077
900000	135526384	1900000	1632	1333162758
900000	132424528	200000	765452	2047347208
900000	135708848	2000000	1140	1339055050
900000	135891312	2100000	1056	1348484851
900000	136073760	2200000	848	1356122521
900000	136256224	2300000	632	1361988453
900000	136438688	2400000	582	1370657398
900000	136621152	2500000	532	1375348283
900000	136803616	2600000	376	1384065218
900000	136986064	2700000	380	1389467604
900000	137168528	2800000	300	1393169625
900000	137350992	2900000	260	1524181324
900000	132606992	300000	390390	1650096082
900000	137533456	3000000	222	1405269880
900000	137715920	3100000	204	1408667966
900000	137898384	3200000	164	1413772876
900000	138080832	3300000	142	1418443034
900000	138263296	3400000	134	1423171022
900000	138445760	3500000	120	1427585478
900000	138628224	3600000	74	1431140868
900000	138810688	3700000	88	1435813535
900000	138993136	3800000	92	1439767746
900000	139175600	3900000	80	1441719007
900000	132789456	400000	220946	1377453274
900000	139358064	4000000	56	1454880856
900000	139540528	4100000	48	1449110820
900000	139722992	4200000	50	1453300980
900000	139905440	4300000	44	1456581191
900000	140087904	4400000	46	1458605595
900000	140270368	4500000	36	1462838736
900000	140452832	4600000	28	1465719900
900000	140635296	4700000	26	1467628943
900000	140817760	4800000	26	1469096178
900000	141000208	4900000	28	1472875523
900000	132971920	500000	132902	1298784377
900000	141182672	5000000	24	1476158804
900000	141365136	5100000	22	1484846401
900000	141547600	5200000	26	1480415704
900000	141730064	5300000	20	1482061613
900000	141912512	5400000	18	1485049118
900000	142094976	5500000	16	1486169335
900000	142277440	5600000	18	1490867121
900000	142459904	5700000	8	1490869769
900000	142642368	5800000	12	1491072873
900000	142824816	5900000	10	1495242745
900000	133154368	600000	82564	1260407700
900000	143007280	6000000	10	1495894132
900000	143189744	6100000	4	1495952996
900000	143372208	6200000	8	1506383710
900000	143554672	6300000	2	1511274409
900000	143737136	6400000	2	1502892644
900000	143919584	6500000	4	1503909276
900000	144102048	6600000	10	1506936285
900000	144284512	6700000	2	1506840847
900000	144466976	6800000	2	1506483048
900000	144649440	6900000	0	1509323458
900000	133336832	700000	53922	1246018193
900000	144831888	7000000	6	1518719218
900000	145014352	7100000	4	1511609083
900000	145196816	7200000	0	1513021598
900000	145379280	7300000	0	1518549004
900000	145561744	7400000	4	1515323307
900000	145744208	7500000	12	1518200216
900000	145926656	7600000	0	1516581549
900000	146109120	7700000	4	1521754988
900000	146291584	7800000	4	1522090456
900000	146474048	7900000	0	1522856406
900000	133519296	800000	35962	1241790910
900000	146656512	8000000	4	1522848431
900000	146838960	8100000	0	1525445316
900000	147021424	8200000	0	1525585379
900000	147203888	8300000	2	1525511982
900000	147386352	8400000	0	1530253208
900000	147568816	8500000	0	1528187110
900000	147751264	8600000	2	1531108218
900000	147933728	8700000	2	1530478263
900000	148116192	8800000	0	1532302769
900000	148298656	8900000	0	1532146165
900000	133701760	900000	24618	1244071735
900000	148481120	9000000	0	1534072523
900000	148663584	9100000	4	1536103657
900000	148846032	9200000	4	1535439528
900000	149028496	9300000	2	1537218684
900000	149210960	9400000	2	1537754960
900000	149393424	9500000	2	1537733624
900000	149575888	9600000	0	1539816527
900000	149758336	9700000	0	1540590637
900000	149940800	9800000	2	1542754826
900000	150123264	9900000	4	1541387718
90000	13442048	100000	1798	113499157
90000	15084208	1000000	0	111084890
90000	15266656	1100000	0	112755712
90000	15449120	1200000	0	114302014
90000	15631584	1300000	0	115808658
90000	15814048	1400000	0	117320595
90000	15996512	1500000	0	118708387
90000	16178976	1600000	0	120037073
90000	16361424	1700000	0	121632360
90000	16543888	1800000	0	122930245
90000	16726352	1900000	0	123288316
90000	13624512	200000	126	101695295
90000	16908816	2000000	0	124191484
90000	13806976	300000	18	100925990
90000	13989440	400000	10	103142655
90000	14171904	500000	0	102494973
90000	14354352	600000	0	103988270
90000	14536816	700000	4	105834594
90000	14719280	800000	0	107571506
90000	14901744	900000	0	109339445
