1000000	132242080	100000	0	245016008
1000000	133884240	1000000	0	245361236
1000000	150305728	10000000	0	243763987
1000000	134066688	1100000	0	246493861
1000000	134249152	1200000	0	245121977
1000000	134431616	1300000	0	246279285
1000000	134614080	1400000	0	243976382
1000000	134796544	1500000	0	244944678
1000000	134979008	1600000	0	246162649
1000000	135161456	1700000	0	244976041
1000000	135343920	1800000	0	243124832
1000000	135526384	1900000	0	243454805
1000000	132424544	200000	0	244041754
1000000	135708848	2000000	0	243384298
1000000	135891312	2100000	0	245222871
1000000	136073760	2200000	0	244700294
1000000	136256224	2300000	0	245430379
1000000	136438688	2400000	0	244853893
1000000	136621152	2500000	0	244587925
1000000	136803616	2600000	0	245080080
1000000	136986064	2700000	0	243705530
1000000	137168528	2800000	0	245541229
1000000	137350992	2900000	0	245314888
1000000	132607008	300000	0	244839084
1000000	137533456	3000000	0	244572554
1000000	137715920	3100000	0	243717628
1000000	137898384	3200000	0	243694930
1000000	138080832	3300000	0	245119668
1000000	138263296	3400000	0	243884956
1000000	138445760	3500000	0	244322705
1000000	138628224	3600000	0	244060077
1000000	138810688	3700000	0	243804004
1000000	138993136	3800000	0	243973230
1000000	139175600	3900000	0	244372274
1000000	132789472	400000	0	245003469
1000000	139358064	4000000	0	244064949
1000000	139540528	4100000	0	243437555
1000000	139722992	4200000	0	244100377
1000000	139905440	4300000	0	243783573
1000000	140087904	4400000	0	243284483
1000000	140270368	4500000	0	243210391
1000000	140452832	4600000	0	242995882
1000000	140635296	4700000	0	244757898
1000000	140817760	4800000	0	243296663
1000000	141000208	4900000	0	244296019
1000000	132971936	500000	0	243224013
1000000	141182672	5000000	0	242429121
1000000	141365136	5100000	0	244003608
1000000	141547600	5200000	0	243596475
1000000	141730064	5300000	0	242345606
1000000	141912512	5400000	0	243889094
1000000	142094976	5500000	0	245966355
1000000	142277440	5600000	0	244329370
1000000	142459904	5700000	0	243965103
1000000	142642368	5800000	0	242347575
1000000	142824816	5900000	0	244931990
1000000	133154384	600000	0	242904701
1000000	143007280	6000000	0	246034712
1000000	143189744	6100000	0	243479459
1000000	143372208	6200000	0	245248209
1000000	143554672	6300000	0	244033829
1000000	143737136	6400000	0	244218790
1000000	143919584	6500000	0	243899985
1000000	144102048	6600000	0	244254675
1000000	144284512	6700000	0	245208099
1000000	144466976	6800000	0	246467731
1000000	144649440	6900000	0	244015249
1000000	133336848	700000	0	245176198
1000000	144831888	7000000	0	245200500
1000000	145014352	7100000	0	244713408
1000000	145196816	7200000	0	245163517
1000000	145379280	7300000	0	246208901
1000000	145561744	7400000	0	244144713
1000000	145744208	7500000	0	244919019
1000000	145926656	7600000	0	244668828
1000000	146109120	7700000	0	243665371
1000000	146291584	7800000	0	243060918
1000000	146474048	7900000	0	243923111
1000000	133519312	800000	0	245548906
1000000	146656512	8000000	0	243530224
1000000	146838960	8100000	0	244663870
1000000	147021424	8200000	0	244256976
1000000	147203888	8300000	0	244105297
1000000	147386352	8400000	0	244759576
1000000	147568816	8500000	0	244554860
1000000	147751264	8600000	0	244888525
1000000	147933728	8700000	0	243752373
1000000	148116192	8800000	0	243295881
1000000	148298656	8900000	0	244950980
1000000	133701776	900000	0	242770604
1000000	148481120	9000000	0	243591149
1000000	148663584	9100000	0	243528200
1000000	148846032	9200000	0	243303147
1000000	149028496	9300000	0	244392806
1000000	149210960	9400000	0	243786339
1000000	149393424	9500000	0	243680323
1000000	149575888	9600000	0	244017548
1000000	149758336	9700000	0	243743328
1000000	149940800	9800000	0	244051432
1000000	150123264	9900000	0	243511397
100000	132242080	100000	0	17855959
100000	133884240	1000000	0	19629977
100000	150305728	10000000	0	18377353
100000	134066688	1100000	0	18486588
100000	134249152	1200000	0	19574810
100000	134431616	1300000	0	18539009
100000	134614080	1400000	0	19070966
100000	134796544	1500000	0	20447574
100000	134979008	1600000	0	18652374
100000	135161456	1700000	0	17837413
100000	135343920	1800000	0	19746186
100000	135526384	1900000	0	18354326
100000	132424544	200000	0	19919587
100000	135708848	2000000	0	18196844
100000	135891312	2100000	0	19694220
100000	136073760	2200000	0	20447888
100000	136256224	2300000	0	17659881
100000	136438688	2400000	0	18732410
100000	136621152	2500000	0	18155718
100000	136803616	2600000	0	19171538
100000	136986064	2700000	0	18538840
100000	137168528	2800000	0	19566140
100000	137350992	2900000	0	20682672
100000	132607008	300000	0	18468991
100000	137533456	3000000	0	18463476
100000	137715920	3100000	0	20559026
100000	137898384	3200000	0	18310545
100000	138080832	3300000	0	19772891
100000	138263296	3400000	0	19519335
100000	138445760	3500000	0	21185784
100000	138628224	3600000	0	19869432
100000	138810688	3700000	0	19324223
100000	138993136	3800000	0	19238055
100000	139175600	3900000	0	19866829
100000	132789472	400000	0	18050498
100000	139358064	4000000	0	18686961
100000	139540528	4100000	0	19123388
100000	139722992	4200000	0	19665836
100000	139905440	4300000	0	18084142
100000	140087904	4400000	0	17817879
100000	140270368	4500000	0	18447693
100000	140452832	4600000	0	17938428
100000	140635296	4700000	0	18345930
100000	140817760	4800000	0	18157700
100000	141000208	4900000	0	18423361
100000	132971936	500000	0	18780827
100000	141182672	5000000	0	19157406
100000	141365136	5100000	0	17735879
100000	141547600	5200000	0	18861423
100000	141730064	5300000	0	19058487
100000	141912512	5400000	0	19062911
100000	142094976	5500000	0	17930863
100000	142277440	5600000	0	19463235
100000	142459904	5700000	0	18203904
100000	142642368	5800000	0	18526666
100000	142824816	5900000	0	18100771
100000	133154384	600000	0	18418447
100000	143007280	6000000	0	18697360
100000	143189744	6100000	0	18677413
100000	143372208	6200000	0	18358527
100000	143554672	6300000	0	18017362
100000	143737136	6400000	0	18363661
100000	143919584	6500000	0	17786964
100000	144102048	6600000	0	18300284
100000	144284512	6700000	0	17888240
100000	144466976	6800000	0	18471211
100000	144649440	6900000	0	17813545
100000	133336848	700000	0	18513805
100000	144831888	7000000	0	17824167
100000	145014352	7100000	0	18399425
100000	145196816	7200000	0	18433683
100000	145379280	7300000	0	18320616
100000	145561744	7400000	0	17599714
100000	145744208	7500000	0	18298673
100000	145926656	7600000	0	20586231
100000	146109120	7700000	0	18618044
100000	146291584	7800000	0	18037957
100000	146474048	7900000	0	18069463
100000	133519312	800000	0	18012842
100000	146656512	8000000	0	18368134
100000	146838960	8100000	0	18191804
100000	147021424	8200000	0	17504301
100000	147203888	8300000	0	18076868
100000	147386352	8400000	0	18354988
100000	147568816	8500000	0	18216862
100000	147751264	8600000	0	17320073
100000	147933728	8700000	0	18428482
100000	148116192	8800000	0	17865757
100000	148298656	8900000	0	17495374
100000	133701776	900000	0	18185009
100000	148481120	9000000	0	17457512
100000	148663584	9100000	0	18204102
100000	148846032	9200000	0	17920149
100000	149028496	9300000	0	17720455
100000	149210960	9400000	0	18156273
100000	149393424	9500000	0	18418470
100000	149575888	9600000	0	18030110
100000	149758336	9700000	0	18212419
100000	149940800	9800000	0	18607285
100000	150123264	9900000	0	18299912
10000	13442048	100000	0	1573352
10000	15084224	1000000	0	1761917
10000	15266672	1100000	0	1575269
10000	15449136	1200000	0	1599049
10000	15631600	1300000	0	1571867
10000	15814064	1400000	0	1566576
10000	15996528	1500000	0	1562919
10000	16178992	1600000	0	1593135
10000	16361440	1700000	0	1575725
10000	16543904	1800000	0	1569455
10000	16726368	1900000	0	1565198
10000	13624512	200000	0	1549510
10000	16908832	2000000	0	1596929
10000	13806976	300000	0	1560135
10000	13989440	400000	0	1561036
10000	14171904	500000	0	1645186
10000	14354352	600000	0	1572512
10000	14536816	700000	0	1589816
10000	14719280	800000	0	1578998
10000	14901744	900000	0	1576167
200000	132242080	100000	0	38731885
200000	133884240	1000000	0	38774474
200000	150305728	10000000	0	41787366
200000	134066688	1100000	0	40737209
200000	134249152	1200000	0	39872239
200000	134431616	1300000	0	38848023
200000	134614080	1400000	0	40538500
200000	134796544	1500000	0	40988769
200000	134979008	1600000	0	38862474
200000	135161456	1700000	0	39956018
200000	135343920	1800000	0	40172596
200000	135526384	1900000	0	39253647
200000	132424544	200000	0	37963670
200000	135708848	2000000	0	40892898
200000	135891312	2100000	0	40014735
200000	136073760	2200000	0	40081440
200000	136256224	2300000	0	39236041
200000	136438688	2400000	0	40056342
200000	136621152	2500000	0	39864962
200000	136803616	2600000	0	39190192
200000	136986064	2700000	0	40111151
200000	137168528	2800000	0	40148419
200000	137350992	2900000	0	39118237
200000	132607008	300000	0	38361584
200000	137533456	3000000	0	40102989
200000	137715920	3100000	0	39918263
200000	137898384	3200000	0	39813733
200000	138080832	3300000	0	39782512
200000	138263296	3400000	0	39793876
200000	138445760	3500000	0	39779178
200000	138628224	3600000	0	40814863
200000	138810688	3700000	0	40147069
200000	138993136	3800000	0	39884932
200000	139175600	3900000	0	40008057
200000	132789472	400000	0	37932766
200000	139358064	4000000	0	42129705
200000	139540528	4100000	0	39957854
200000	139722992	4200000	0	39722099
200000	139905440	4300000	0	39944303
200000	140087904	4400000	0	39889928
200000	140270368	4500000	0	39881770
200000	140452832	4600000	0	38901099
200000	140635296	4700000	0	39929566
200000	140817760	4800000	0	39970160
200000	141000208	4900000	0	39776429
200000	132971936	500000	0	38252466
200000	141182672	5000000	0	39846744
200000	141365136	5100000	0	39002773
200000	141547600	5200000	0	39653828
200000	141730064	5300000	0	39996404
200000	141912512	5400000	0	39869500
200000	142094976	5500000	0	40043294
200000	142277440	5600000	0	40305116
200000	142459904	5700000	0	39979360
200000	142642368	5800000	0	40762390
200000	142824816	5900000	0	39963131
200000	133154384	600000	0	38252068
200000	143007280	6000000	0	38972657
200000	143189744	6100000	0	40180138
200000	143372208	6200000	0	39957415
200000	143554672	6300000	0	39139248
200000	143737136	6400000	0	40126436
200000	143919584	6500000	0	39860541
200000	144102048	6600000	0	38839518
200000	144284512	6700000	0	39977413
200000	144466976	6800000	0	39940558
200000	144649440	6900000	0	40422276
200000	133336848	700000	0	38152639
200000	144831888	7000000	0	39074535
200000	145014352	7100000	0	39973107
200000	145196816	7200000	0	39884510
200000	145379280	7300000	0	39116834
200000	145561744	7400000	0	40068395
200000	145744208	7500000	0	39969009
200000	145926656	7600000	0	39284900
200000	146109120	7700000	0	39891970
200000	146291584	7800000	0	40061107
200000	146474048	7900000	0	39216322
200000	133519312	800000	0	38764807
200000	146656512	8000000	0	40132045
200000	146838960	8100000	0	40730758
200000	147021424	8200000	0	40013090
200000	147203888	8300000	0	39252820
200000	147386352	8400000	0	39912061
200000	147568816	8500000	0	40279190
200000	147751264	8600000	0	39228059
200000	147933728	8700000	0	39951617
200000	148116192	8800000	0	40048749
200000	148298656	8900000	0	40090074
200000	133701776	900000	0	37954888
200000	148481120	9000000	0	40033206
200000	148663584	9100000	0	39951052
200000	148846032	9200000	0	39745370
200000	149028496	9300000	0	40000293
200000	149210960	9400000	0	39989505
200000	149393424	9500000	0	39973331
200000	149575888	9600000	0	39840317
200000	149758336	9700000	0	39906281
200000	149940800	9800000	0	39904222
200000	150123264	9900000	0	39934955
20000	13442048	100000	0	3039119
20000	15084224	1000000	0	3037835
20000	15266672	1100000	0	3057544
20000	15449136	1200000	0	3888025
20000	15631600	1300000	0	3044442
20000	15814064	1400000	0	3042875
20000	15996528	1500000	0	3061122
20000	16178992	1600000	0	3053776
20000	16361440	1700000	0	3039498
20000	16543904	1800000	0	3061460
20000	16726368	1900000	0	3037708
20000	13624512	200000	0	3040395
20000	16908832	2000000	0	3068454
20000	13806976	300000	0	3120170
20000	13989440	400000	0	3046995
20000	14171904	500000	0	3234977
20000	14354352	600000	0	3044520
20000	14536816	700000	0	3065845
20000	14719280	800000	0	3043534
20000	14901744	900000	0	3057913
300000	132242080	100000	0	62112308
300000	133884240	1000000	0	61781304
300000	150305728	10000000	0	63114178
300000	134066688	1100000	0	63244242
300000	134249152	1200000	0	62300213
300000	134431616	1300000	0	61868480
300000	134614080	1400000	0	63034463
300000	134796544	1500000	0	62938931
300000	134979008	1600000	0	62065993
300000	135161456	1700000	0	62102904
300000	135343920	1800000	0	63193230
300000	135526384	1900000	0	62666886
300000	132424544	200000	0	61833298
300000	135708848	2000000	0	63051541
300000	135891312	2100000	0	62881557
300000	136073760	2200000	0	63158819
300000	136256224	2300000	0	62294480
300000	136438688	2400000	0	63319553
300000	136621152	2500000	0	63216448
300000	136803616	2600000	0	62371500
300000	136986064	2700000	0	62971412
300000	137168528	2800000	0	63115353
300000	137350992	2900000	0	62442874
300000	132607008	300000	0	61483654
300000	137533456	3000000	0	62830467
300000	137715920	3100000	0	62830780
300000	137898384	3200000	0	63128948
300000	138080832	3300000	0	64384733
300000	138263296	3400000	0	62966241
300000	138445760	3500000	0	63557331
300000	138628224	3600000	0	63013938
300000	138810688	3700000	0	62447802
300000	138993136	3800000	0	63096204
300000	139175600	3900000	0	62866273
300000	132789472	400000	0	62665721
300000	139358064	4000000	0	62896292
300000	139540528	4100000	0	61989519
300000	139722992	4200000	0	63132511
300000	139905440	4300000	0	63394287
300000	140087904	4400000	0	62787008
300000	140270368	4500000	0	63469979
300000	140452832	4600000	0	61942118
300000	140635296	4700000	0	62754600
300000	140817760	4800000	0	64186537
300000	141000208	4900000	0	62886989
300000	132971936	500000	0	62099296
300000	141182672	5000000	0	63126892
300000	141365136	5100000	0	61803003
300000	141547600	5200000	0	62839079
300000	141730064	5300000	0	63125391
300000	141912512	5400000	0	63171614
300000	142094976	5500000	0	63711802
300000	142277440	5600000	0	63691693
300000	142459904	5700000	0	63146783
300000	142642368	5800000	0	64077748
300000	142824816	5900000	0	62360667
300000	133154384	600000	0	61344836
300000	143007280	6000000	0	62004228
300000	143189744	6100000	0	63860453
300000	143372208	6200000	0	63979953
300000	143554672	6300000	0	61894733
300000	143737136	6400000	0	63932701
300000	143919584	6500000	0	62128791
300000	144102048	6600000	0	61860587
300000	144284512	6700000	0	62114751
300000	144466976	6800000	0	63305441
300000	144649440	6900000	0	63942103
300000	133336848	700000	0	61626513
300000	144831888	7000000	0	61985028
300000	145014352	7100000	0	62907616
300000	145196816	7200000	0	64998007
300000	145379280	7300000	0	61868522
300000	145561744	7400000	0	62973140
300000	145744208	7500000	0	63090234
300000	145926656	7600000	0	62427822
300000	146109120	7700000	0	63132984
300000	146291584	7800000	0	65229092
300000	146474048	7900000	0	62674104
300000	133519312	800000	0	62745106
300000	146656512	8000000	0	62977345
300000	146838960	8100000	0	63247439
300000	147021424	8200000	0	63422042
300000	147203888	8300000	0	63532860
300000	147386352	8400000	0	62386245
300000	147568816	8500000	0	63181027
300000	147751264	8600000	0	62626344
300000	147933728	8700000	0	62977924
300000	148116192	8800000	0	62801434
300000	148298656	8900000	0	63630300
300000	133701776	900000	0	61239845
300000	148481120	9000000	0	62801176
300000	148663584	9100000	0	63456768
300000	148846032	9200000	0	63423933
300000	149028496	9300000	0	63015138
300000	149210960	9400000	0	63043924
300000	149393424	9500000	0	63775073
300000	149575888	9600000	0	63745780
300000	149758336	9700000	0	62400343
300000	149940800	9800000	0	63228744
300000	150123264	9900000	0	62854276
30000	13442048	100000	0	4596254
30000	15084224	1000000	0	4586669
30000	15266672	1100000	0	4592953
30000	15449136	1200000	0	4566915
30000	15631600	1300000	0	5574222
30000	15814064	1400000	0	4628159
30000	15996528	1500000	0	4560575
30000	16178992	1600000	0	4580156
30000	16361440	1700000	0	4567984
30000	16543904	1800000	0	4596594
30000	16726368	1900000	0	4560590
30000	13624512	200000	0	4581447
30000	16908832	2000000	0	4569841
30000	13806976	300000	0	4645559
30000	13989440	400000	0	4583588
30000	14171904	500000	0	4574801
30000	14354352	600000	0	4646129
30000	14536816	700000	0	5860347
30000	14719280	800000	0	4600345
30000	14901744	900000	0	4587061
400000	132242080	100000	0	86909738
400000	133884240	1000000	0	87044485
400000	150305728	10000000	0	88241336
400000	134066688	1100000	0	87012952
400000	134249152	1200000	0	87488948
400000	134431616	1300000	0	87736124
400000	134614080	1400000	0	87190934
400000	134796544	1500000	0	88462417
400000	134979008	1600000	0	87398902
400000	135161456	1700000	0	87376428
400000	135343920	1800000	0	88384923
400000	135526384	1900000	0	87766777
400000	132424544	200000	0	86227976
400000	135708848	2000000	0	88059416
400000	135891312	2100000	0	89412883
400000	136073760	2200000	0	88133297
400000	136256224	2300000	0	88330479
400000	136438688	2400000	0	90127521
400000	136621152	2500000	0	87961282
400000	136803616	2600000	0	88910408
400000	136986064	2700000	0	87544284
400000	137168528	2800000	0	88581946
400000	137350992	2900000	0	87809937
400000	132607008	300000	0	86111605
400000	137533456	3000000	0	87530412
400000	137715920	3100000	0	89309499
400000	137898384	3200000	0	88441316
400000	138080832	3300000	0	88300583
400000	138263296	3400000	0	86944719
400000	138445760	3500000	0	88552755
400000	138628224	3600000	0	89199964
400000	138810688	3700000	0	88953692
400000	138993136	3800000	0	88455115
400000	139175600	3900000	0	87211716
400000	132789472	400000	0	87250643
400000	139358064	4000000	0	87413961
400000	139540528	4100000	0	87509402
400000	139722992	4200000	0	86961619
400000	139905440	4300000	0	88312604
400000	140087904	4400000	0	87500703
400000	140270368	4500000	0	88483324
400000	140452832	4600000	0	88660259
400000	140635296	4700000	0	88573995
400000	140817760	4800000	0	88366892
400000	141000208	4900000	0	88673776
400000	132971936	500000	0	87239813
400000	141182672	5000000	0	87592301
400000	141365136	5100000	0	89348201
400000	141547600	5200000	0	87105413
400000	141730064	5300000	0	87740794
400000	141912512	5400000	0	87553909
400000	142094976	5500000	0	87016072
400000	142277440	5600000	0	88239663
400000	142459904	5700000	0	86767551
400000	142642368	5800000	0	87064122
400000	142824816	5900000	0	88756964
400000	133154384	600000	0	87465467
400000	143007280	6000000	0	88141500
400000	143189744	6100000	0	88415616
400000	143372208	6200000	0	88583808
400000	143554672	6300000	0	87645247
400000	143737136	6400000	0	88016229
400000	143919584	6500000	0	86962364
400000	144102048	6600000	0	87170156
400000	144284512	6700000	0	88075185
400000	144466976	6800000	0	87109843
400000	144649440	6900000	0	87580357
400000	133336848	700000	0	86812658
400000	144831888	7000000	0	87959969
400000	145014352	7100000	0	88285096
400000	145196816	7200000	0	87910710
400000	145379280	7300000	0	87300870
400000	145561744	7400000	0	87219114
400000	145744208	7500000	0	88415540
400000	145926656	7600000	0	87569344
400000	146109120	7700000	0	87071523
400000	146291584	7800000	0	90344280
400000	146474048	7900000	0	87977593
400000	133519312	800000	0	87871729
400000	146656512	8000000	0	88364200
400000	146838960	8100000	0	89111239
400000	147021424	8200000	0	88026908
400000	147203888	8300000	0	89215209
400000	147386352	8400000	0	88470394
400000	147568816	8500000	0	88061229
400000	147751264	8600000	0	88341123
400000	147933728	8700000	0	87343428
400000	148116192	8800000	0	87443624
400000	148298656	8900000	0	88089943
400000	133701776	900000	0	86821699
400000	148481120	9000000	0	87504695
400000	148663584	9100000	0	87473833
400000	148846032	9200000	0	88379223
400000	149028496	9300000	0	88269887
400000	149210960	9400000	0	87422155
400000	149393424	9500000	0	88426160
400000	149575888	9600000	0	87128873
400000	149758336	9700000	0	88580419
400000	149940800	9800000	0	88438687
400000	150123264	9900000	0	87063051
40000	13442048	100000	0	6196747
40000	15084224	1000000	0	6119132
40000	15266672	1100000	0	6163835
40000	15449136	1200000	0	6152779
40000	15631600	1300000	0	6156334
40000	15814064	1400000	0	6289305
40000	15996528	1500000	0	6122945
40000	16178992	1600000	0	6169852
40000	16361440	1700000	0	6231491
40000	16543904	1800000	0	6117312
40000	16726368	1900000	0	6156044
40000	13624512	200000	0	6135130
40000	16908832	2000000	0	6153680
40000	13806976	300000	0	6145771
40000	13989440	400000	0	6213228
40000	14171904	500000	0	6144657
40000	14354352	600000	0	6375294
40000	14536816	700000	0	6132321
40000	14719280	800000	0	6139818
40000	14901744	900000	0	6196344
500000	132242080	100000	0	111496250
500000	133884240	1000000	0	112424054
500000	150305728	10000000	0	112762990
500000	134066688	1100000	0	112415089
500000	134249152	1200000	0	112584335
500000	134431616	1300000	0	112908449
500000	134614080	1400000	0	111806586
500000	134796544	1500000	0	113268954
500000	134979008	1600000	0	113136638
500000	135161456	1700000	0	111914382
500000	135343920	1800000	0	113661019
500000	135526384	1900000	0	113337522
500000	132424544	200000	0	112121851
500000	135708848	2000000	0	113703505
500000	135891312	2100000	0	113681326
500000	136073760	2200000	0	114616547
500000	136256224	2300000	0	115481722
500000	136438688	2400000	0	114126125
500000	136621152	2500000	0	113797126
500000	136803616	2600000	0	113746115
500000	136986064	2700000	0	112561693
500000	137168528	2800000	0	113203855
500000	137350992	2900000	0	112580092
500000	132607008	300000	0	111011348
500000	137533456	3000000	0	112833474
500000	137715920	3100000	0	114313644
500000	137898384	3200000	0	114102111
500000	138080832	3300000	0	114088293
500000	138263296	3400000	0	112297530
500000	138445760	3500000	0	114222786
500000	138628224	3600000	0	113667741
500000	138810688	3700000	0	114004272
500000	138993136	3800000	0	113494548
500000	139175600	3900000	0	112663836
500000	132789472	400000	0	112684722
500000	139358064	4000000	0	112657653
500000	139540528	4100000	0	112604169
500000	139722992	4200000	0	112520804
500000	139905440	4300000	0	113715232
500000	140087904	4400000	0	113474892
500000	140270368	4500000	0	114452072
500000	140452832	4600000	0	115195405
500000	140635296	4700000	0	114224613
500000	140817760	4800000	0	114118502
500000	141000208	4900000	0	113712189
500000	132971936	500000	0	111602028
500000	141182672	5000000	0	112972423
500000	141365136	5100000	0	112224369
500000	141547600	5200000	0	112703028
500000	141730064	5300000	0	113031459
500000	141912512	5400000	0	112200917
500000	142094976	5500000	0	112628765
500000	142277440	5600000	0	113768830
500000	142459904	5700000	0	111700642
500000	142642368	5800000	0	112432228
500000	142824816	5900000	0	113149677
500000	133154384	600000	0	112232802
500000	143007280	6000000	0	113151379
500000	143189744	6100000	0	113258845
500000	143372208	6200000	0	112863705
500000	143554672	6300000	0	112822578
500000	143737136	6400000	0	113449526
500000	143919584	6500000	0	112441025
500000	144102048	6600000	0	112762726
500000	144284512	6700000	0	114376373
500000	144466976	6800000	0	112517168
500000	144649440	6900000	0	112588266
500000	133336848	700000	0	111604284
500000	144831888	7000000	0	112361240
500000	145014352	7100000	0	113872706
500000	145196816	7200000	0	113786330
500000	145379280	7300000	0	112971135
500000	145561744	7400000	0	111718249
500000	145744208	7500000	0	113270673
500000	145926656	7600000	0	112841043
500000	146109120	7700000	0	111934043
500000	146291584	7800000	0	113643762
500000	146474048	7900000	0	113165651
500000	133519312	800000	0	112695021
500000	146656512	8000000	0	113513907
500000	146838960	8100000	0	113653274
500000	147021424	8200000	0	113744980
500000	147203888	8300000	0	113693618
500000	147386352	8400000	0	114086688
500000	147568816	8500000	0	113749979
500000	147751264	8600000	0	113664550
500000	147933728	8700000	0	113098082
500000	148116192	8800000	0	112576340
500000	148298656	8900000	0	112604402
500000	133701776	900000	0	111605102
500000	148481120	9000000	0	112770210
500000	148663584	9100000	0	112608547
500000	148846032	9200000	0	114386432
500000	149028496	9300000	0	113748647
500000	149210960	9400000	0	112137512
500000	149393424	9500000	0	114144069
500000	149575888	9600000	0	114528921
500000	149758336	9700000	0	114193337
500000	149940800	9800000	0	113781188
500000	150123264	9900000	0	112636247
50000	13442048	100000	0	7686524
50000	15084224	1000000	0	7719965
50000	15266672	1100000	0	7787336
50000	15449136	1200000	0	7711067
50000	15631600	1300000	0	7711952
50000	15814064	1400000	0	7705278
50000	15996528	1500000	0	7748853
50000	16178992	1600000	0	7685327
50000	16361440	1700000	0	7731216
50000	16543904	1800000	0	7701302
50000	16726368	1900000	0	7716966
50000	13624512	200000	0	7687140
50000	16908832	2000000	0	7727854
50000	13806976	300000	0	7674950
50000	13989440	400000	0	7754738
50000	14171904	500000	0	8957605
50000	14354352	600000	0	8510873
50000	14536816	700000	0	7664497
50000	14719280	800000	0	7713118
50000	14901744	900000	0	7695055
600000	132242080	100000	0	136871698
600000	133884240	1000000	0	140443127
600000	150305728	10000000	0	139975170
600000	134066688	1100000	0	139164636
600000	134249152	1200000	0	138363698
600000	134431616	1300000	0	140128532
600000	134614080	1400000	0	141392147
600000	134796544	1500000	0	140621113
600000	134979008	1600000	0	139560804
600000	135161456	1700000	0	138018417
600000	135343920	1800000	0	139290546
600000	135526384	1900000	0	138764713
600000	132424544	200000	0	139350855
600000	135708848	2000000	0	137651943
600000	135891312	2100000	0	140284335
600000	136073760	2200000	0	140885065
600000	136256224	2300000	0	140630156
600000	136438688	2400000	0	141129449
600000	136621152	2500000	0	140616838
600000	136803616	2600000	0	140250396
600000	136986064	2700000	0	140849882
600000	137168528	2800000	0	141332117
600000	137350992	2900000	0	140506317
600000	132607008	300000	0	138272172
600000	137533456	3000000	0	139958871
600000	137715920	3100000	0	138716832
600000	137898384	3200000	0	138543118
600000	138080832	3300000	0	139609048
600000	138263296	3400000	0	139130926
600000	138445760	3500000	0	140515109
600000	138628224	3600000	0	140152247
600000	138810688	3700000	0	140118351
600000	138993136	3800000	0	142360467
600000	139175600	3900000	0	139493605
600000	132789472	400000	0	138041005
600000	139358064	4000000	0	140874190
600000	139540528	4100000	0	139075308
600000	139722992	4200000	0	139270201
600000	139905440	4300000	0	139880327
600000	140087904	4400000	0	138456421
600000	140270368	4500000	0	137275801
600000	140452832	4600000	0	139901751
600000	140635296	4700000	0	139514244
600000	140817760	4800000	0	138713549
600000	141000208	4900000	0	139092924
600000	132971936	500000	0	137614716
600000	141182672	5000000	0	141099561
600000	141365136	5100000	0	138687335
600000	141547600	5200000	0	138939895
600000	141730064	5300000	0	139749670
600000	141912512	5400000	0	137993286
600000	142094976	5500000	0	139045577
600000	142277440	5600000	0	139772056
600000	142459904	5700000	0	138924403
600000	142642368	5800000	0	139216766
600000	142824816	5900000	0	138191882
600000	133154384	600000	0	139232980
600000	143007280	6000000	0	139197881
600000	143189744	6100000	0	139142521
600000	143372208	6200000	0	138811853
600000	143554672	6300000	0	139385360
600000	143737136	6400000	0	138734373
600000	143919584	6500000	0	138535644
600000	144102048	6600000	0	139539829
600000	144284512	6700000	0	140515517
600000	144466976	6800000	0	139041603
600000	144649440	6900000	0	139561923
600000	133336848	700000	0	138305712
600000	144831888	7000000	0	140462463
600000	145014352	7100000	0	142067449
600000	145196816	7200000	0	140800962
600000	145379280	7300000	0	139497290
600000	145561744	7400000	0	140398012
600000	145744208	7500000	0	140815597
600000	145926656	7600000	0	138414604
600000	146109120	7700000	0	137688282
600000	146291584	7800000	0	139131418
600000	146474048	7900000	0	138677041
600000	133519312	800000	0	137820262
600000	146656512	8000000	0	137931318
600000	146838960	8100000	0	140304569
600000	147021424	8200000	0	140339813
600000	147203888	8300000	0	140154120
600000	147386352	8400000	0	140625305
600000	147568816	8500000	0	140769216
600000	147751264	8600000	0	140250197
600000	147933728	8700000	0	140474875
600000	148116192	8800000	0	139077587
600000	148298656	8900000	0	140566159
600000	133701776	900000	0	139446554
600000	148481120	9000000	0	139677219
600000	148663584	9100000	0	138541142
600000	148846032	9200000	0	137435072
600000	149028496	9300000	0	141792804
600000	149210960	9400000	0	138717249
600000	149393424	9500000	0	140498979
600000	149575888	9600000	0	140069904
600000	149758336	9700000	0	139043142
600000	149940800	9800000	0	140560252
600000	150123264	9900000	0	139037981
60000	13442048	100000	0	9314782
60000	15084224	1000000	0	9279916
60000	15266672	1100000	0	9290650
60000	15449136	1200000	0	9270317
60000	15631600	1300000	0	9260812
60000	15814064	1400000	0	9289976
60000	15996528	1500000	0	9262724
60000	16178992	1600000	0	9269837
60000	16361440	1700000	0	9304491
60000	16543904	1800000	0	9298290
60000	16726368	1900000	0	9330509
60000	13624512	200000	0	9240739
60000	16908832	2000000	0	9284650
60000	13806976	300000	0	9262917
60000	13989440	400000	0	9347625
60000	14171904	500000	0	9271447
60000	14354352	600000	0	9277818
60000	14536816	700000	0	9340969
60000	14719280	800000	0	9299374
60000	14901744	900000	0	9219327
700000	132242080	100000	0	162616249
700000	133884240	1000000	0	166152518
700000	150305728	10000000	0	165271126
700000	134066688	1100000	0	164470923
700000	134249152	1200000	0	163422663
700000	134431616	1300000	0	164568483
700000	134614080	1400000	0	164687164
700000	134796544	1500000	0	165461626
700000	134979008	1600000	0	164720122
700000	135161456	1700000	0	162880619
700000	135343920	1800000	0	165382095
700000	135526384	1900000	0	162791254
700000	132424544	200000	0	164222251
700000	135708848	2000000	0	162811389
700000	135891312	2100000	0	166324221
700000	136073760	2200000	0	165226126
700000	136256224	2300000	0	167787623
700000	136438688	2400000	0	166299481
700000	136621152	2500000	0	165645010
700000	136803616	2600000	0	166191554
700000	136986064	2700000	0	164542218
700000	137168528	2800000	0	165455518
700000	137350992	2900000	0	165717278
700000	132607008	300000	0	163090086
700000	137533456	3000000	0	164967087
700000	137715920	3100000	0	164103740
700000	137898384	3200000	0	162601947
700000	138080832	3300000	0	165085491
700000	138263296	3400000	0	164992394
700000	138445760	3500000	0	164972363
700000	138628224	3600000	0	164856007
700000	138810688	3700000	0	164499536
700000	138993136	3800000	0	165000435
700000	139175600	3900000	0	163674344
700000	132789472	400000	0	163707385
700000	139358064	4000000	0	164447798
700000	139540528	4100000	0	163151774
700000	139722992	4200000	0	163421348
700000	139905440	4300000	0	165060790
700000	140087904	4400000	0	163913376
700000	140270368	4500000	0	162119871
700000	140452832	4600000	0	164555713
700000	140635296	4700000	0	163327844
700000	140817760	4800000	0	164337240
700000	141000208	4900000	0	163553913
700000	132971936	500000	0	162035103
700000	141182672	5000000	0	166065674
700000	141365136	5100000	0	165035330
700000	141547600	5200000	0	163292889
700000	141730064	5300000	0	165489902
700000	141912512	5400000	0	162988974
700000	142094976	5500000	0	164734144
700000	142277440	5600000	0	165030828
700000	142459904	5700000	0	162787183
700000	142642368	5800000	0	164312205
700000	142824816	5900000	0	163207287
700000	133154384	600000	0	164518005
700000	143007280	6000000	0	164356589
700000	143189744	6100000	0	164223432
700000	143372208	6200000	0	162704238
700000	143554672	6300000	0	163652668
700000	143737136	6400000	0	164471249
700000	143919584	6500000	0	163017344
700000	144102048	6600000	0	164403272
700000	144284512	6700000	0	166422461
700000	144466976	6800000	0	164288774
700000	144649440	6900000	0	163778119
700000	133336848	700000	0	163854049
700000	144831888	7000000	0	166315616
700000	145014352	7100000	0	166609458
700000	145196816	7200000	0	165203683
700000	145379280	7300000	0	164355297
700000	145561744	7400000	0	164847010
700000	145744208	7500000	0	165424692
700000	145926656	7600000	0	163037536
700000	146109120	7700000	0	162589684
700000	146291584	7800000	0	163733349
700000	146474048	7900000	0	162508704
700000	133519312	800000	0	163688078
700000	146656512	8000000	0	163847055
700000	146838960	8100000	0	166250827
700000	147021424	8200000	0	165017772
700000	147203888	8300000	0	164329505
700000	147386352	8400000	0	165775333
700000	147568816	8500000	0	165356233
700000	147751264	8600000	0	165981621
700000	147933728	8700000	0	164287197
700000	148116192	8800000	0	163274425
700000	148298656	8900000	0	165925203
700000	133701776	900000	0	163858060
700000	148481120	9000000	0	165558799
700000	148663584	9100000	0	164433451
700000	148846032	9200000	0	162051786
700000	149028496	9300000	0	165295953
700000	149210960	9400000	0	163924576
700000	149393424	9500000	0	165072114
700000	149575888	9600000	0	164811232
700000	149758336	9700000	0	165350645
700000	149940800	9800000	0	164852385
700000	150123264	9900000	0	165100599
70000	13442048	100000	0	10869079
70000	15084224	1000000	0	10841201
70000	15266672	1100000	0	10936576
70000	15449136	1200000	0	10872287
70000	15631600	1300000	0	10903369
70000	15814064	1400000	0	10827019
70000	15996528	1500000	0	10848974
70000	16178992	1600000	0	10857316
70000	16361440	1700000	0	10835487
70000	16543904	1800000	0	10843355
70000	16726368	1900000	0	10871838
70000	13624512	200000	0	10854141
70000	16908832	2000000	0	11056903
70000	13806976	300000	0	10897607
70000	13989440	400000	0	10871133
70000	14171904	500000	0	10865554
70000	14354352	600000	0	10964552
70000	14536816	700000	0	10856309
70000	14719280	800000	0	10875459
70000	14901744	900000	0	10872448
800000	132242080	100000	0	191693201
800000	133884240	1000000	0	193917355
800000	150305728	10000000	0	192222133
800000	134066688	1100000	0	192132982
800000	134249152	1200000	0	191525694
800000	134431616	1300000	0	192030540
800000	134614080	1400000	0	192821241
800000	134796544	1500000	0	193123233
800000	134979008	1600000	0	192246870
800000	135161456	1700000	0	190820755
800000	135343920	1800000	0	192112895
800000	135526384	1900000	0	190737013
800000	132424544	200000	0	191390310
800000	135708848	2000000	0	190908096
800000	135891312	2100000	0	192423875
800000	136073760	2200000	0	192605089
800000	136256224	2300000	0	193903490
800000	136438688	2400000	0	193548651
800000	136621152	2500000	0	192537568
800000	136803616	2600000	0	193550626
800000	136986064	2700000	0	194246711
800000	137168528	2800000	0	193196818
800000	137350992	2900000	0	195290420
800000	132607008	300000	0	192033184
800000	137533456	3000000	0	193716044
800000	137715920	3100000	0	192740414
800000	137898384	3200000	0	190943427
800000	138080832	3300000	0	193313986
800000	138263296	3400000	0	192766583
800000	138445760	3500000	0	192117994
800000	138628224	3600000	0	192612981
800000	138810688	3700000	0	192379857
800000	138993136	3800000	0	193206515
800000	139175600	3900000	0	192276504
800000	132789472	400000	0	190648243
800000	139358064	4000000	0	199810422
800000	139540528	4100000	0	191940516
800000	139722992	4200000	0	191915384
800000	139905440	4300000	0	192420041
800000	140087904	4400000	0	191889323
800000	140270368	4500000	0	191457532
800000	140452832	4600000	0	191905763
800000	140635296	4700000	0	191386594
800000	140817760	4800000	0	190465161
800000	141000208	4900000	0	191909008
800000	132971936	500000	0	191084301
800000	141182672	5000000	0	193853126
800000	141365136	5100000	0	192069067
800000	141547600	5200000	0	191054302
800000	141730064	5300000	0	193582261
800000	141912512	5400000	0	191422635
800000	142094976	5500000	0	192194483
800000	142277440	5600000	0	193372970
800000	142459904	5700000	0	191254706
800000	142642368	5800000	0	192546307
800000	142824816	5900000	0	192163824
800000	133154384	600000	0	191934514
800000	143007280	6000000	0	193044067
800000	143189744	6100000	0	191905041
800000	143372208	6200000	0	191698856
800000	143554672	6300000	0	191262283
800000	143737136	6400000	0	191804565
800000	143919584	6500000	0	191188716
800000	144102048	6600000	0	191983831
800000	144284512	6700000	0	193884115
800000	144466976	6800000	0	192117600
800000	144649440	6900000	0	191594822
800000	133336848	700000	0	193481779
800000	144831888	7000000	0	194039524
800000	145014352	7100000	0	193641718
800000	145196816	7200000	0	193059138
800000	145379280	7300000	0	191981817
800000	145561744	7400000	0	192828775
800000	145744208	7500000	0	192989178
800000	145926656	7600000	0	193514918
800000	146109120	7700000	0	191706714
800000	146291584	7800000	0	192626111
800000	146474048	7900000	0	191280988
800000	133519312	800000	0	191125275
800000	146656512	8000000	0	190866975
800000	146838960	8100000	0	192239005
800000	147021424	8200000	0	192677927
800000	147203888	8300000	0	192642291
800000	147386352	8400000	0	193515053
800000	147568816	8500000	0	192534638
800000	147751264	8600000	0	193400993
800000	147933728	8700000	0	192736698
800000	148116192	8800000	0	191803897
800000	148298656	8900000	0	193699565
800000	133701776	900000	0	191658606
800000	148481120	9000000	0	192291214
800000	148663584	9100000	0	192775889
800000	148846032	9200000	0	190428098
800000	149028496	9300000	0	193143665
800000	149210960	9400000	0	192553651
800000	149393424	9500000	0	190581455
800000	149575888	9600000	0	192431585
800000	149758336	9700000	0	192482652
800000	149940800	9800000	0	192668283
800000	150123264	9900000	0	190967799
80000	13442048	100000	0	12476338
80000	15084224	1000000	0	12669371
80000	15266672	1100000	0	12577814
80000	15449136	1200000	0	12465901
80000	15631600	1300000	0	12437805
80000	15814064	1400000	0	12779662
80000	15996528	1500000	0	12457275
80000	16178992	1600000	0	12706652
80000	16361440	1700000	0	12486425
80000	16543904	1800000	0	12547649
80000	16726368	1900000	0	12453355
80000	13624512	200000	0	12560121
80000	16908832	2000000	0	12451291
80000	13806976	300000	0	12501689
80000	13989440	400000	0	12532810
80000	14171904	500000	0	12454151
80000	14354352	600000	0	12470870
80000	14536816	700000	0	12427443
80000	14719280	800000	0	12481046
80000	14901744	900000	0	13689766
900000	132242080	100000	0	217345737
900000	133884240	1000000	0	220680069
900000	150305728	10000000	0	217524241
900000	134066688	1100000	0	219452818
900000	134249152	1200000	0	217573646
900000	134431616	1300000	0	219307357
900000	134614080	1400000	0	218295556
900000	134796544	1500000	0	218721958
900000	134979008	1600000	0	218883034
900000	135161456	1700000	0	216512677
900000	135343920	1800000	0	219101641
900000	135526384	1900000	0	217329090
900000	132424544	200000	0	217005060
900000	135708848	2000000	0	216751495
900000	135891312	2100000	0	218859519
900000	136073760	2200000	0	218904098
900000	136256224	2300000	0	220330990
900000	136438688	2400000	0	219581031
900000	136621152	2500000	0	218262839
900000	136803616	2600000	0	219633042
900000	136986064	2700000	0	217297592
900000	137168528	2800000	0	218711446
900000	137350992	2900000	0	219667022
900000	132607008	300000	0	216772971
900000	137533456	3000000	0	217264345
900000	137715920	3100000	0	219267550
900000	137898384	3200000	0	217056650
900000	138080832	3300000	0	218750841
900000	138263296	3400000	0	219128160
900000	138445760	3500000	0	217760421
900000	138628224	3600000	0	218020838
900000	138810688	3700000	0	218947919
900000	138993136	3800000	0	218006723
900000	139175600	3900000	0	218060668
900000	132789472	400000	0	215843744
900000	139358064	4000000	0	217305810
900000	139540528	4100000	0	217891967
900000	139722992	4200000	0	216801593
900000	139905440	4300000	0	219733289
900000	140087904	4400000	0	217047540
900000	140270368	4500000	0	216488868
900000	140452832	4600000	0	217358572
900000	140635296	4700000	0	216693192
900000	140817760	4800000	0	216907473
900000	141000208	4900000	0	216831870
900000	132971936	500000	0	218030467
900000	141182672	5000000	0	218720227
900000	141365136	5100000	0	217009627
900000	141547600	5200000	0	216831214
900000	141730064	5300000	0	219476194
900000	141912512	5400000	0	216692126
900000	142094976	5500000	0	219314728
900000	142277440	5600000	0	217567402
900000	142459904	5700000	0	216668486
900000	142642368	5800000	0	220311302
900000	142824816	5900000	0	217642156
900000	133154384	600000	0	216999454
900000	143007280	6000000	0	219191594
900000	143189744	6100000	0	217687047
900000	143372208	6200000	0	217638096
900000	143554672	6300000	0	217404772
900000	143737136	6400000	0	217483693
900000	143919584	6500000	0	217186655
900000	144102048	6600000	0	217167849
900000	144284512	6700000	0	219952264
900000	144466976	6800000	0	219465493
900000	144649440	6900000	0	217018458
900000	133336848	700000	0	218477534
900000	144831888	7000000	0	219838508
900000	145014352	7100000	0	219769640
900000	145196816	7200000	0	219791304
900000	145379280	7300000	0	219171846
900000	145561744	7400000	0	217878760
900000	145744208	7500000	0	218777322
900000	145926656	7600000	0	219481993
900000	146109120	7700000	0	217076544
900000	146291584	7800000	0	218952800
900000	146474048	7900000	0	217184338
900000	133519312	800000	0	217545698
900000	146656512	8000000	0	216601954
900000	146838960	8100000	0	218871140
900000	147021424	8200000	0	218125822
900000	147203888	8300000	0	217858910
900000	147386352	8400000	0	219561837
900000	147568816	8500000	0	218241520
900000	147751264	8600000	0	219353443
900000	147933728	8700000	0	217265544
900000	148116192	8800000	0	217031195
900000	148298656	8900000	0	219395878
900000	133701776	900000	0	217099101
900000	148481120	9000000	0	218786136
900000	148663584	9100000	0	218477026
900000	148846032	9200000	0	216814053
900000	149028496	9300000	0	219392244
900000	149210960	9400000	0	218356624
900000	149393424	9500000	0	216342501
900000	149575888	9600000	0	219390178
900000	149758336	9700000	0	218200362
900000	149940800	9800000	0	217921862
900000	150123264	9900000	0	217052746
90000	13442048	100000	0	14076217
90000	15084224	1000000	0	14062894
90000	15266672	1100000	0	14066619
90000	15449136	1200000	0	14076188
90000	15631600	1300000	0	14991391
90000	15814064	1400000	0	14089645
90000	15996528	1500000	0	14100835
90000	16178992	1600000	0	14062085
90000	16361440	1700000	0	14941185
90000	16543904	1800000	0	14087300
90000	16726368	1900000	0	14101465
90000	13624512	200000	0	14102929
90000	16908832	2000000	0	14241534
90000	13806976	300000	0	14046410
90000	13989440	400000	0	14019529
90000	14171904	500000	0	14033951
90000	14354352	600000	0	14307947
90000	14536816	700000	0	14061209
90000	14719280	800000	0	14058736
90000	14901744	900000	0	14091487
