1000000	124583272	864352951	0
100000	12773224	169143918	0
10000	1284200	90143693	0
200000	25546088	156671439	0
20000	2568040	24295303	0
300000	38843240	248900428	0
30000	3753576	14554655	0
400000	51091816	351689341	0
40000	5135720	22341426	0
500000	62291816	418670746	0
50000	6386792	29338407	0
600000	77686120	559978365	0
60000	7506792	35692034	0
700000	88886120	623216512	0
70000	9151080	47530932	0
800000	102183272	757682190	0
80000	10271080	53388496	0
900000	113383272	843000261	0
90000	11391080	59189859	0
