1000000	132077680	10000	4709840	8868831690
1000000	132241888	100000	2291394	4260338168
1000000	132095920	20000	4420950	7854876982
1000000	132114176	30000	4132838	7407976926
1000000	132132416	40000	3841858	7194381145
1000000	132150656	50000	3556540	6903967563
1000000	132168912	60000	3275444	5900946437
1000000	132187152	70000	3007568	5565021659
1000000	132205408	80000	2749456	5414123804
1000000	132223648	90000	2512180	5138922758
100000	13277680	10000	229526	352829292
100000	13441888	100000	2622	120620241
100000	13295920	20000	99412	224521673
100000	13314176	30000	52422	177168105
100000	13332416	40000	30196	152590142
100000	13350656	50000	18612	139967074
100000	13368912	60000	12030	132596445
100000	13387152	70000	8174	127948654
100000	13405408	80000	5420	124449787
100000	13423648	90000	3844	122331114
10000	13277680	10000	286	357027158
10000	13441888	100000	0	10657445
10000	13295920	20000	22	11090883
10000	13314176	30000	2	10896806
10000	13332416	40000	0	10800402
10000	13350656	50000	0	10719991
10000	13368912	60000	0	10708412
10000	13387152	70000	0	10687274
10000	13405408	80000	0	10646154
10000	13423648	90000	0	11509882
200000	132077680	10000	712056	971862626
200000	132241888	100000	37728	284199856
200000	132095920	20000	457160	722312670
200000	132114176	30000	294494	550220941
200000	132132416	40000	199356	454156576
200000	132150656	50000	141964	394649014
200000	132168912	60000	104180	355161242
200000	132187152	70000	79256	329010900
200000	132205408	80000	61064	309387582
200000	132223648	90000	48008	295925017
20000	13277680	10000	3780	59747465
20000	13441888	100000	2	21788795
20000	13295920	20000	554	23294506
20000	13314176	30000	110	22645644
20000	13332416	40000	48	23604051
20000	13350656	50000	4	22142708
20000	13368912	60000	10	22027405
20000	13387152	70000	0	21936439
20000	13405408	80000	6	21869777
20000	13423648	90000	0	23133658
300000	132077680	10000	1211162	1588979938
300000	132241888	100000	130722	508710816
300000	132095920	20000	929092	1558802003
300000	132114176	30000	687524	1317742126
300000	132132416	40000	510878	896974673
300000	132150656	50000	386886	775150314
300000	132168912	60000	300722	685352410
300000	132187152	70000	237592	620246704
300000	132205408	80000	192840	573865638
300000	132223648	90000	156890	536384059
30000	13277680	10000	13154	83473933
30000	13441888	100000	6	33048755
30000	13295920	20000	2646	37588767
30000	13314176	30000	818	35237025
30000	13332416	40000	276	34289326
30000	13350656	50000	136	33858537
30000	13368912	60000	46	33528177
30000	13387152	70000	32	33398878
30000	13405408	80000	18	33288102
30000	13423648	90000	10	33128922
400000	132077680	10000	1707954	2605686997
400000	132241888	100000	282904	798246133
400000	132095920	20000	1419060	2206349673
400000	132114176	30000	1148046	1926292241
400000	132132416	40000	917208	1671236224
400000	132150656	50000	732168	1455137532
400000	132168912	60000	587852	1287094389
400000	132187152	70000	482420	1167484220
400000	132205408	80000	397530	918135649
400000	132223648	90000	334472	853722746
40000	13277680	10000	27936	91115742
40000	13441888	100000	30	44635191
40000	13295920	20000	7588	54895518
40000	13314176	30000	2708	49392482
40000	13332416	40000	1100	49694739
40000	13350656	50000	484	46166421
40000	13368912	60000	248	45674901
40000	13387152	70000	132	45193690
40000	13405408	80000	86	45069263
40000	13423648	90000	64	44817842
500000	132077680	10000	2214484	3837527893
500000	132241888	100000	499416	1293927019
500000	132095920	20000	1923712	3452648194
500000	132114176	30000	1642798	2550660654
500000	132132416	40000	1378168	2285991619
500000	132150656	50000	1150890	2026936968
500000	132168912	60000	958538	1821282711
500000	132187152	70000	803646	1634972403
500000	132205408	80000	680604	1493553630
500000	132223648	90000	581098	1387001099
50000	13277680	10000	49794	119371297
50000	13441888	100000	144	56561015
50000	13295920	20000	15182	75270806
50000	13314176	30000	5970	65003795
50000	13332416	40000	2648	61084316
50000	13350656	50000	1468	59475031
50000	13368912	60000	722	58201632
50000	13387152	70000	428	57524978
50000	13405408	80000	268	57149140
50000	13423648	90000	152	56785298
600000	132077680	10000	2710108	4923875543
600000	132241888	100000	770438	1722322451
600000	132095920	20000	2418710	4025127553
600000	132114176	30000	2131944	3753789885
600000	132132416	40000	1853976	3477355269
600000	132150656	50000	1598212	2623950513
600000	132168912	60000	1376010	2382770515
600000	132187152	70000	1183960	2162144651
600000	132205408	80000	1019290	1989809464
600000	132223648	90000	884780	1851206096
60000	13277680	10000	76664	150600699
60000	13441888	100000	266	68756270
60000	13295920	20000	25736	98746781
60000	13314176	30000	11102	82794576
60000	13332416	40000	5572	76681189
60000	13350656	50000	2848	73190035
60000	13368912	60000	1586	71524525
60000	13387152	70000	974	72908546
60000	13405408	80000	570	69619226
60000	13423648	90000	434	69178064
700000	132077680	10000	3210448	5488581940
700000	132241888	100000	1099170	2202351151
700000	132095920	20000	2921888	5301856093
700000	132114176	30000	2633326	4394450705
700000	132132416	40000	2349348	4060487282
700000	132150656	50000	2078338	3763245982
700000	132168912	60000	1829702	3515806490
700000	132187152	70000	1605564	3288435728
700000	132205408	80000	1411784	2533385200
700000	132223648	90000	1242322	2357419555
70000	13277680	10000	108876	195384678
70000	13441888	100000	592	81287715
70000	13295920	20000	39822	126742447
70000	13314176	30000	18306	103093432
70000	13332416	40000	9600	93403594
70000	13350656	50000	5522	88495366
70000	13368912	60000	2940	85277094
70000	13387152	70000	2000	83880152
70000	13405408	80000	1300	82699424
70000	13423648	90000	894	81930305
800000	132077680	10000	3711634	6767185466
800000	132241888	100000	1466092	2732809239
800000	132095920	20000	3421576	5937157871
800000	132114176	30000	3137240	5692289977
800000	132132416	40000	2850816	5335279695
800000	132150656	50000	2568074	4396903116
800000	132168912	60000	2304834	4164812706
800000	132187152	70000	2060862	3810222838
800000	132205408	80000	1840216	3659276185
800000	132223648	90000	1640566	3473171496
80000	13277680	10000	146580	245867911
80000	13441888	100000	994	93893552
80000	13295920	20000	56912	155834243
80000	13314176	30000	27624	125150779
80000	13332416	40000	14952	111323684
80000	13350656	50000	8712	104255354
80000	13368912	60000	5336	100253683
80000	13387152	70000	3376	97651376
80000	13405408	80000	2172	95978831
80000	13423648	90000	1404	94766717
900000	132077680	10000	4210632	7464023505
900000	132241888	100000	1864490	3777920501
900000	132095920	20000	3920894	7215484535
900000	132114176	30000	3636070	6915110762
900000	132132416	40000	3344534	5896885981
900000	132150656	50000	3059842	5613061150
900000	132168912	60000	2786148	5593765716
900000	132187152	70000	2526680	5083176587
900000	132205408	80000	2284140	4161536269
900000	132223648	90000	2064754	3928511844
90000	13277680	10000	186058	298408358
90000	13441888	100000	1740	108035706
90000	13295920	20000	76282	189114435
90000	13314176	30000	38924	149928406
90000	13332416	40000	22084	131914728
90000	13350656	50000	13410	122115196
90000	13368912	60000	8256	116083474
90000	13387152	70000	5368	112468716
90000	13405408	80000	3490	110050641
90000	13423648	90000	2522	108513409
