1000000	124583272	863122278	0
100000	12773224	68479689	0
10000	1284200	4599432	0
200000	25546088	153032990	0
20000	2568040	9359481	0
300000	38843240	255550380	0
30000	3753576	14097755	0
400000	51091816	344115729	0
40000	5135720	21966610	0
500000	62291816	416862779	0
50000	6386792	28359708	0
600000	77686120	562083966	0
60000	7506792	35238398	0
700000	88886120	631049446	0
70000	9151080	46071276	0
800000	102183272	766100281	0
80000	10271080	55647986	0
900000	113383272	813886629	0
90000	11391080	57777063	0
