100000	13261424	1000	0	18202391
100000	13277840	10000	0	17487636
100000	13263248	2000	0	16693607
100000	13265072	3000	0	15766158
100000	13266896	4000	0	15743222
100000	13268720	5000	0	17866422
100000	13270544	6000	0	18808472
100000	13272368	7000	0	15981910
100000	13274192	8000	0	16238570
100000	13276016	9000	0	16234181
10000	13261424	1000	0	1973283
10000	13277840	10000	0	1960251
10000	13263248	2000	0	1961031
10000	13265072	3000	0	1954620
10000	13266896	4000	0	1945616
10000	13268720	5000	0	1955744
10000	13270544	6000	0	1623800
10000	13272368	7000	0	1953198
10000	13274192	8000	0	1954112
10000	13276016	9000	0	1536638
20000	13261424	1000	0	3081395
20000	13277840	10000	0	3252999
20000	13263248	2000	0	3098776
20000	13265072	3000	0	3937430
20000	13266896	4000	0	3922575
20000	13268720	5000	0	3935617
20000	13270544	6000	0	3921232
20000	13272368	7000	0	3083266
20000	13274192	8000	0	3779180
20000	13276016	9000	0	3926294
30000	13261424	1000	0	5829132
30000	13277840	10000	0	5851867
30000	13263248	2000	0	4613126
30000	13265072	3000	0	5854293
30000	13266896	4000	0	5815307
30000	13268720	5000	0	5816012
30000	13270544	6000	0	5844839
30000	13272368	7000	0	5850228
30000	13274192	8000	0	5828474
30000	13276016	9000	0	5843350
40000	13261424	1000	0	7809037
40000	13277840	10000	0	6176941
40000	13263248	2000	0	6179382
40000	13265072	3000	0	7782600
40000	13266896	4000	0	7698511
40000	13268720	5000	0	6395553
40000	13270544	6000	0	6644635
40000	13272368	7000	0	6582686
40000	13274192	8000	0	7033776
40000	13276016	9000	0	7889865
50000	13261424	1000	0	8625156
50000	13277840	10000	0	8094904
50000	13263248	2000	0	8240139
50000	13265072	3000	0	9057350
50000	13266896	4000	0	9681116
50000	13268720	5000	0	9784807
50000	13270544	6000	0	8696582
50000	13272368	7000	0	8427795
50000	13274192	8000	0	8430693
50000	13276016	9000	0	8381014
60000	13261424	1000	0	11640120
60000	13277840	10000	0	10799094
60000	13263248	2000	0	11733985
60000	13265072	3000	0	9338957
60000	13266896	4000	0	9995621
60000	13268720	5000	0	11052833
60000	13270544	6000	0	10834730
60000	13272368	7000	0	9289402
60000	13274192	8000	0	9995921
60000	13276016	9000	0	10482320
70000	13261424	1000	0	12010575
70000	13277840	10000	0	10868208
70000	13263248	2000	0	13719776
70000	13265072	3000	0	12780255
70000	13266896	4000	0	11059289
70000	13268720	5000	0	11210240
70000	13270544	6000	0	11613444
70000	13272368	7000	0	12316101
70000	13274192	8000	0	11063816
70000	13276016	9000	0	11708235
80000	13261424	1000	0	14705213
80000	13277840	10000	0	15194755
80000	13263248	2000	0	12665513
80000	13265072	3000	0	12491021
80000	13266896	4000	0	13588168
80000	13268720	5000	0	15046744
80000	13270544	6000	0	13086668
80000	13272368	7000	0	12471902
80000	13274192	8000	0	12753635
80000	13276016	9000	0	14716228
90000	13261424	1000	0	14090149
90000	13277840	10000	0	14389169
90000	13263248	2000	0	15824291
90000	13265072	3000	0	16058266
90000	13266896	4000	0	16228177
90000	13268720	5000	0	14314136
90000	13270544	6000	0	16145693
90000	13272368	7000	0	15929257
90000	13274192	8000	0	15596792
90000	13276016	9000	0	14987427
