1000000	115270024	10169465197	1000000	100000
1000000	115270024	4983474652	1000000	10000
1000000	115270024	3638980251	1000000	20000
1000000	115270024	4533003948	1000000	30000
1000000	115270024	9104180552	1000000	40000
1000000	115270024	9686714910	1000000	50000
1000000	115270024	7091283191	1000000	60000
1000000	115270024	8278180689	1000000	70000
1000000	115270024	7755017538	1000000	80000
1000000	115270024	9644979499	1000000	90000
100000	11843624	856451107	100000	100000
100000	11843624	1042607759	100000	10000
100000	11843624	285760677	100000	20000
100000	11843624	476213269	100000	30000
100000	11843624	428834110	100000	40000
100000	11843624	498205971	100000	50000
100000	11843624	643063162	100000	60000
100000	11843624	640162264	100000	70000
100000	11843624	709511629	100000	80000
100000	11843624	928842566	100000	90000
200000	23682240	1711673462	200000	100000
200000	23682240	434601777	200000	10000
200000	23682240	581134014	200000	20000
200000	23682240	1197766363	200000	30000
200000	23682240	865460987	200000	40000
200000	23682240	1102450265	200000	50000
200000	23682240	1149214020	200000	60000
200000	23682240	1283607347	200000	70000
200000	23682240	1429237160	200000	80000
200000	23682240	1615481133	200000	90000
300000	37091368	2595533596	300000	100000
300000	37091368	828078240	300000	10000
300000	37091368	899156687	300000	20000
300000	37091368	1104660117	300000	30000
300000	37091368	1320686103	300000	40000
300000	37091368	1706365265	300000	50000
300000	37091368	1741923682	300000	60000
300000	37091368	1955901610	300000	70000
300000	37091368	2352274802	300000	80000
300000	37091368	2371812943	300000	90000
400000	47367368	3739537497	400000	100000
400000	47367368	1135260843	400000	10000
400000	47367368	3854419098	400000	20000
400000	47367368	1471593242	400000	30000
400000	47367368	1744545184	400000	40000
400000	47367368	2042062562	400000	50000
400000	47367368	2324891372	400000	60000
400000	47367368	2596453211	400000	70000
400000	47367368	3057059907	400000	80000
400000	47367368	3334229808	400000	90000
500000	57638888	4299512197	500000	100000
500000	57638888	2066314401	500000	10000
500000	57638888	1795419808	500000	20000
500000	57638888	2049146204	500000	30000
500000	57638888	2328652714	500000	40000
500000	57638888	2639444294	500000	50000
500000	57638888	2950703262	500000	60000
500000	57638888	3242388963	500000	70000
500000	57638888	3618996872	500000	80000
500000	57638888	3964129951	500000	90000
600000	74200576	5236734650	600000	100000
600000	74200576	1639354667	600000	10000
600000	74200576	1860143940	600000	20000
600000	74200576	2632177624	600000	30000
600000	74200576	2703322386	600000	40000
600000	74200576	3380370782	600000	50000
600000	74200576	9332715749	600000	60000
600000	74200576	7093003464	600000	70000
600000	74200576	5182397862	600000	80000
600000	74200576	4886495720	600000	90000
700000	84468624	6330862997	700000	100000
700000	84468624	1979168125	700000	10000
700000	84468624	8842151763	700000	20000
700000	84468624	15298642774	700000	30000
700000	84468624	16511838761	700000	40000
700000	84468624	11388199031	700000	50000
700000	84468624	4123106188	700000	60000
700000	84468624	19861222269	700000	70000
700000	84468624	6837301497	700000	80000
700000	84468624	5606690208	700000	90000
800000	94738240	9703558207	800000	100000
800000	94738240	4353019788	800000	10000
800000	94738240	2878040275	800000	20000
800000	94738240	4431439292	800000	30000
800000	94738240	3934713509	800000	40000
800000	94738240	4760822109	800000	50000
800000	94738240	5211235434	800000	60000
800000	94738240	5682909013	800000	70000
800000	94738240	8978532303	800000	80000
800000	94738240	7424585949	800000	90000
900000	105008080	12840715770	900000	100000
900000	105008080	3616818410	900000	10000
900000	105008080	4084164626	900000	20000
900000	105008080	4392217364	900000	30000
900000	105008080	9530743332	900000	40000
900000	105008080	5293979251	900000	50000
900000	105008080	5777739674	900000	60000
900000	105008080	6285835987	900000	70000
900000	105008080	6979733903	900000	80000
900000	105008080	9334695660	900000	90000
