1000000	192	7163372200	0	100000
1000000	192	799629594	0	10000
1000000	192	1507094407	0	20000
1000000	192	2215433827	0	30000
1000000	192	2921663388	0	40000
1000000	192	3628515144	0	50000
1000000	192	4335742882	0	60000
1000000	192	5042385622	0	70000
1000000	192	6296889674	0	80000
1000000	192	9021054158	0	90000
100000	192	716699675	0	100000
100000	192	78967822	0	10000
100000	192	149508439	0	20000
100000	192	220083589	0	30000
100000	192	290713648	0	40000
100000	192	361438874	0	50000
100000	192	455743876	0	60000
100000	192	503115304	0	70000
100000	192	643952934	0	80000
100000	192	643847835	0	90000
200000	192	1431406894	0	100000
200000	192	157758288	0	10000
200000	192	299008171	0	20000
200000	192	441603583	0	30000
200000	192	581784102	0	40000
200000	192	727270287	0	50000
200000	192	864408742	0	60000
200000	192	1005795138	0	70000
200000	192	1146905518	0	80000
200000	192	1288200395	0	90000
300000	192	2144611257	0	100000
300000	192	236894837	0	10000
300000	192	448583602	0	20000
300000	192	662351486	0	30000
300000	192	872801606	0	40000
300000	192	1085222434	0	50000
300000	192	1298130863	0	60000
300000	192	1510575248	0	70000
300000	192	1720626761	0	80000
300000	192	1932622134	0	90000
400000	192	2860313698	0	100000
400000	192	320689573	0	10000
400000	192	598773987	0	20000
400000	192	881997985	0	30000
400000	192	1163972778	0	40000
400000	192	1446945118	0	50000
400000	192	1730159335	0	60000
400000	192	2012378552	0	70000
400000	192	2294953366	0	80000
400000	192	2577967300	0	90000
500000	192	3576409536	0	100000
500000	192	968118700	0	10000
500000	192	1284938817	0	20000
500000	192	1103749231	0	30000
500000	192	1459885688	0	40000
500000	192	1809444408	0	50000
500000	192	2163029776	0	60000
500000	192	2516110209	0	70000
500000	192	2869362707	0	80000
500000	192	3222457408	0	90000
600000	192	4333817745	0	100000
600000	192	475660641	0	10000
600000	192	899808869	0	20000
600000	192	1326317249	0	30000
600000	192	1751221062	0	40000
600000	192	2172554449	0	50000
600000	192	2597064181	0	60000
600000	192	3021716087	0	70000
600000	192	3445570748	0	80000
600000	192	3869179471	0	90000
700000	192	5009140526	0	100000
700000	192	558937941	0	10000
700000	192	1051229441	0	20000
700000	192	1546354918	0	30000
700000	192	2041119591	0	40000
700000	192	2535896184	0	50000
700000	192	3030843875	0	60000
700000	192	3525260040	0	70000
700000	192	4020105437	0	80000
700000	192	4517194989	0	90000
800000	192	5726582269	0	100000
800000	192	637695517	0	10000
800000	192	1203538117	0	20000
800000	192	1768833940	0	30000
800000	192	2580667150	0	40000
800000	192	3016276817	0	50000
800000	192	3465839548	0	60000
800000	192	4031885275	0	70000
800000	192	4604734540	0	80000
800000	192	5161795256	0	90000
900000	192	6444172596	0	100000
900000	192	731431869	0	10000
900000	192	1355090532	0	20000
900000	192	1991855347	0	30000
900000	192	2631926659	0	40000
900000	192	3264527292	0	50000
900000	192	3903717916	0	60000
900000	192	4576153651	0	70000
900000	192	5173312462	0	80000
900000	192	5808306611	0	90000
