1000000	18246496	10000000	1000000	26298017962	100000
1000000	18246496	10000000	1000000	15640588097	10000
1000000	18246496	10000000	1000000	7692492169	20000
1000000	18246496	10000000	1000000	6236014648	30000
1000000	18246496	10000000	1000000	6233244139	40000
1000000	18246496	10000000	1000000	26074377540	50000
1000000	18246496	10000000	1000000	30629882808	60000
1000000	18246496	10000000	1000000	23239658944	70000
1000000	18246496	10000000	1000000	16378306022	80000
1000000	18246496	10000000	1000000	12063982070	90000
100000	1825008	1000000	100000	936085697	100000
100000	1825008	1000000	100000	1919153336	10000
100000	1825008	1000000	100000	2686137545	20000
100000	1825008	1000000	100000	440859377	30000
100000	1825008	1000000	100000	511238497	40000
100000	1825008	1000000	100000	581981732	50000
100000	1825008	1000000	100000	652614458	60000
100000	1825008	1000000	100000	759881156	70000
100000	1825008	1000000	100000	794756075	80000
100000	1825008	1000000	100000	866887796	90000
200000	3649616	2000000	200000	1909248492	100000
200000	3649616	2000000	200000	630800405	10000
200000	3649616	2000000	200000	843220817	20000
200000	3649616	2000000	200000	914157264	30000
200000	3649616	2000000	200000	1056279744	40000
200000	3649616	2000000	200000	1198770922	50000
200000	3649616	2000000	200000	1355525616	60000
200000	3649616	2000000	200000	1480773893	70000
200000	3649616	2000000	200000	1623346879	80000
200000	3649616	2000000	200000	1825686345	90000
300000	5474224	3000000	300000	3103036806	100000
300000	5474224	3000000	300000	982729629	10000
300000	5474224	3000000	300000	1304787892	20000
300000	5474224	3000000	300000	1420934359	30000
300000	5474224	3000000	300000	1632216389	40000
300000	5474224	3000000	300000	1869253649	50000
300000	5474224	3000000	300000	2048354599	60000
300000	5474224	3000000	300000	2393594303	70000
300000	5474224	3000000	300000	2469782868	80000
300000	5474224	3000000	300000	2681751887	90000
400000	7298832	4000000	400000	3887888947	100000
400000	7298832	4000000	400000	1331839157	10000
400000	7298832	4000000	400000	1863417663	20000
400000	7298832	4000000	400000	1898229243	30000
400000	7298832	4000000	400000	2320424300	40000
400000	7298832	4000000	400000	2465164318	50000
400000	7298832	4000000	400000	2792297741	60000
400000	7298832	4000000	400000	3035029442	70000
400000	7298832	4000000	400000	3331615779	80000
400000	7298832	4000000	400000	3599631355	90000
500000	9123440	5000000	500002	4941790169	100000
500000	9123440	5000000	500002	1800423616	10000
500000	9123440	5000000	500002	2041371037	20000
500000	9123440	5000000	500002	2413694990	30000
500000	9123440	5000000	500002	2844622847	40000
500000	9123440	5000000	500002	3110739830	50000
500000	9123440	5000000	500002	3462561415	60000
500000	9123440	5000000	500002	3889337579	70000
500000	9123440	5000000	500002	4168096896	80000
500000	9123440	5000000	500002	4522301104	90000
600000	10948048	6000000	600000	6081367739	100000
600000	10948048	6000000	600000	2200373621	10000
600000	10948048	6000000	600000	2694652856	20000
600000	10948048	6000000	600000	2890294733	30000
600000	10948048	6000000	600000	3621798621	40000
600000	10948048	6000000	600000	3776842713	50000
600000	10948048	6000000	600000	4205078807	60000
600000	10948048	6000000	600000	4658288170	70000
600000	10948048	6000000	600000	5133998073	80000
600000	10948048	6000000	600000	5614202937	90000
700000	12772656	7000000	700002	6871587533	100000
700000	12772656	7000000	700002	2637963137	10000
700000	12772656	7000000	700002	3097595500	20000
700000	12772656	7000000	700002	3561660512	30000
700000	12772656	7000000	700002	4009759097	40000
700000	12772656	7000000	700002	4467717393	50000
700000	12772656	7000000	700002	4947057372	60000
700000	12772656	7000000	700002	5415272153	70000
700000	12772656	7000000	700002	5897917021	80000
700000	12772656	7000000	700002	6381222930	90000
800000	14597280	8000000	800000	8088731926	100000
800000	14597280	8000000	800000	3044594719	10000
800000	14597280	8000000	800000	3920346149	20000
800000	14597280	8000000	800000	4083599636	30000
800000	14597280	8000000	800000	4836256671	40000
800000	14597280	8000000	800000	5577880117	50000
800000	14597280	8000000	800000	5702804531	60000
800000	14597280	8000000	800000	6467312905	70000
800000	14597280	8000000	800000	7215731897	80000
800000	14597280	8000000	800000	7416915530	90000
900000	16421888	9000000	900000	9380326828	100000
900000	16421888	9000000	900000	3574159878	10000
900000	16421888	9000000	900000	3971097727	20000
900000	16421888	9000000	900000	4863540760	30000
900000	16421888	9000000	900000	6601513829	40000
900000	16421888	9000000	900000	6038816957	50000
900000	16421888	9000000	900000	10822093716	60000
900000	16421888	9000000	900000	7284577381	70000
900000	16421888	9000000	900000	9165346730	80000
900000	16421888	9000000	900000	10135818449	90000
