1000000	8388784	7162913302	0	100000
1000000	8388784	801658293	0	10000
1000000	8388784	1548449869	0	20000
1000000	8388784	2214904147	0	30000
1000000	8388784	2921940791	0	40000
1000000	8388784	3628342560	0	50000
1000000	8388784	4335595663	0	60000
1000000	8388784	5048479913	0	70000
1000000	8388784	5751210517	0	80000
1000000	8388784	6460180098	0	90000
100000	1048752	715094403	0	100000
100000	1048752	81004775	0	10000
100000	1048752	149596824	0	20000
100000	1048752	220181074	0	30000
100000	1048752	290984929	0	40000
100000	1048752	362067217	0	50000
100000	1048752	432254536	0	60000
100000	1048752	502914544	0	70000
100000	1048752	573556204	0	80000
100000	1048752	644143691	0	90000
200000	2097328	1429858312	0	100000
200000	2097328	157680081	0	10000
200000	2097328	299237514	0	20000
200000	2097328	440564542	0	30000
200000	2097328	581947068	0	40000
200000	2097328	723271575	0	50000
200000	2097328	864624128	0	60000
200000	2097328	1005974346	0	70000
200000	2097328	1147129703	0	80000
200000	2097328	1288525526	0	90000
300000	4194480	2145152900	0	100000
300000	4194480	236617960	0	10000
300000	4194480	449842202	0	20000
300000	4194480	661254557	0	30000
300000	4194480	872937456	0	40000
300000	4194480	1085767928	0	50000
300000	4194480	1297382342	0	60000
300000	4194480	1511774411	0	70000
300000	4194480	1723737507	0	80000
300000	4194480	1933303254	0	90000
400000	4194480	2860226464	0	100000
400000	4194480	316105077	0	10000
400000	4194480	599437944	0	20000
400000	4194480	881927837	0	30000
400000	4194480	1205657386	0	40000
400000	4194480	1447447756	0	50000
400000	4194480	1730148318	0	60000
400000	4194480	2012524661	0	70000
400000	4194480	2297976045	0	80000
400000	4194480	2577623357	0	90000
500000	4194480	3576824495	0	100000
500000	4194480	397250420	0	10000
500000	4194480	749431311	0	20000
500000	4194480	1102765072	0	30000
500000	4194480	1458586693	0	40000
500000	4194480	1809944163	0	50000
500000	4194480	2163378908	0	60000
500000	4194480	2516566687	0	70000
500000	4194480	2870076627	0	80000
500000	4194480	3223719591	0	90000
600000	8388784	4295762051	0	100000
600000	8388784	477560552	0	10000
600000	8388784	900806630	0	20000
600000	8388784	1605969013	0	30000
600000	8388784	1817227802	0	40000
600000	8388784	2173590982	0	50000
600000	8388784	2597536055	0	60000
600000	8388784	3025024915	0	70000
600000	8388784	3445208072	0	80000
600000	8388784	3869328623	0	90000
700000	8388784	5009835506	0	100000
700000	8388784	556318871	0	10000
700000	8388784	1051526475	0	20000
700000	8388784	1546937289	0	30000
700000	8388784	2043892173	0	40000
700000	8388784	2536962080	0	50000
700000	8388784	3031653675	0	60000
700000	8388784	3526464004	0	70000
700000	8388784	4061208817	0	80000
700000	8388784	4515558363	0	90000
800000	8388784	5727646149	0	100000
800000	8388784	637089071	0	10000
800000	8388784	1203198625	0	20000
800000	8388784	1769460361	0	30000
800000	8388784	2334941386	0	40000
800000	8388784	2900508281	0	50000
800000	8388784	3466212636	0	60000
800000	8388784	4031951779	0	70000
800000	8388784	4597037257	0	80000
800000	8388784	5162586753	0	90000
900000	8388784	6444580910	0	100000
900000	8388784	760073087	0	10000
900000	8388784	1354794587	0	20000
900000	8388784	1991830171	0	30000
900000	8388784	2628456441	0	40000
900000	8388784	3266230704	0	50000
900000	8388784	3900626539	0	60000
900000	8388784	4538326130	0	70000
900000	8388784	5172663810	0	80000
900000	8388784	5808270787	0	90000
