1000000	115270024	9033499785	1000000	100000
1000000	115270024	3945756134	1000000	10000
1000000	115270024	3275473754	1000000	20000
1000000	115270024	8444678333	1000000	30000
1000000	115270024	4881646031	1000000	40000
1000000	115270024	6914863261	1000000	50000
1000000	115270024	8229343072	1000000	60000
1000000	115270024	6866656865	1000000	70000
1000000	115270024	9167692805	1000000	80000
1000000	115270024	8419332109	1000000	90000
100000	11581480	852027650	100000	100000
100000	11581480	1470562691	100000	10000
100000	11581480	290192620	100000	20000
100000	11581480	357829630	100000	30000
100000	11581480	425587343	100000	40000
100000	11581480	499942477	100000	50000
100000	11581480	570204633	100000	60000
100000	11581480	639463927	100000	70000
100000	11581480	708825537	100000	80000
100000	11581480	779524751	100000	90000
200000	23157952	1856851958	200000	100000
200000	23157952	554370005	200000	10000
200000	23157952	592874195	200000	20000
200000	23157952	741457270	200000	30000
200000	23157952	871586231	200000	40000
200000	23157952	1018543349	200000	50000
200000	23157952	1162271089	200000	60000
200000	23157952	1296339082	200000	70000
200000	23157952	1455868566	200000	80000
200000	23157952	1583617907	200000	90000
300000	36042792	2618816318	300000	100000
300000	36042792	696450902	300000	10000
300000	36042792	961253667	300000	20000
300000	36042792	1124911716	300000	30000
300000	36042792	1333118129	300000	40000
300000	36042792	1672093927	300000	50000
300000	36042792	1759673463	300000	60000
300000	36042792	1969287038	300000	70000
300000	36042792	2190056954	300000	80000
300000	36042792	2396321839	300000	90000
400000	46318792	3495153576	400000	100000
400000	46318792	958694605	400000	10000
400000	46318792	1230430010	400000	20000
400000	46318792	1516499057	400000	30000
400000	46318792	1814611292	400000	40000
400000	46318792	2106016993	400000	50000
400000	46318792	2507540029	400000	60000
400000	46318792	2929821421	400000	70000
400000	46318792	2931108597	400000	80000
400000	46318792	3211470918	400000	90000
500000	57638888	4358110580	500000	100000
500000	57638888	1174072114	500000	10000
500000	57638888	1515286727	500000	20000
500000	57638888	1880252210	500000	30000
500000	57638888	2229950206	500000	40000
500000	57638888	3875542101	500000	50000
500000	57638888	3131873905	500000	60000
500000	57638888	3315551834	500000	70000
500000	57638888	3652602785	500000	80000
500000	57638888	4001059952	500000	90000
600000	72103424	5289864151	600000	100000
600000	72103424	1650216231	600000	10000
600000	72103424	1891978356	600000	20000
600000	72103424	2535262380	600000	30000
600000	72103424	2747539515	600000	40000
600000	72103424	3401368244	600000	50000
600000	72103424	3603221413	600000	60000
600000	72103424	4217130574	600000	70000
600000	72103424	4443307693	600000	80000
600000	72103424	4998781119	600000	90000
700000	82371472	17476824193	700000	100000
700000	82371472	1867877850	700000	10000
700000	82371472	17460733899	700000	20000
700000	82371472	7289140671	700000	30000
700000	82371472	7404365073	700000	40000
700000	82371472	3668771041	700000	50000
700000	82371472	4182406652	700000	60000
700000	82371472	4671622053	700000	70000
700000	82371472	5709906599	700000	80000
700000	82371472	7314404344	700000	90000
800000	94738240	7492169194	800000	100000
800000	94738240	2713264826	800000	10000
800000	94738240	2589186916	800000	20000
800000	94738240	4214920773	800000	30000
800000	94738240	5629647591	800000	40000
800000	94738240	5294883344	800000	50000
800000	94738240	6508231069	800000	60000
800000	94738240	6533504840	800000	70000
800000	94738240	6339753638	800000	80000
800000	94738240	6522075834	800000	90000
900000	102910928	8434786556	900000	100000
900000	102910928	2618422933	900000	10000
900000	102910928	4153902299	900000	20000
900000	102910928	5907232617	900000	30000
900000	102910928	4676918891	900000	40000
900000	102910928	5537917185	900000	50000
900000	102910928	8746715395	900000	60000
900000	102910928	8606080013	900000	70000
900000	102910928	8201274430	900000	80000
900000	102910928	8409961023	900000	90000
