1000000	18246496	10000000	0	7164582400	100000
1000000	18246496	10000000	0	799013660	10000
1000000	18246496	10000000	0	1507122913	20000
1000000	18246496	10000000	0	2213793534	30000
1000000	18246496	10000000	0	3405336175	40000
1000000	18246496	10000000	0	3626598185	50000
1000000	18246496	10000000	0	4333422421	60000
1000000	18246496	10000000	0	5039976539	70000
1000000	18246496	10000000	0	5752374617	80000
1000000	18246496	10000000	0	6456610133	90000
100000	1825008	1000000	0	716299704	100000
100000	1825008	1000000	0	143677199	10000
100000	1825008	1000000	0	149436935	20000
100000	1825008	1000000	0	220095960	30000
100000	1825008	1000000	0	290826584	40000
100000	1825008	1000000	0	361624645	50000
100000	1825008	1000000	0	433829790	60000
100000	1825008	1000000	0	503745393	70000
100000	1825008	1000000	0	573605448	80000
100000	1825008	1000000	0	644802744	90000
200000	3649616	2000000	0	1430901894	100000
200000	3649616	2000000	0	272340811	10000
200000	3649616	2000000	0	299337386	20000
200000	3649616	2000000	0	440791919	30000
200000	3649616	2000000	0	582076729	40000
200000	3649616	2000000	0	723359199	50000
200000	3649616	2000000	0	864677761	60000
200000	3649616	2000000	0	1005901317	70000
200000	3649616	2000000	0	1147149197	80000
200000	3649616	2000000	0	1288500187	90000
300000	5474224	3000000	0	2144890313	100000
300000	5474224	3000000	0	305524037	10000
300000	5474224	3000000	0	448989708	20000
300000	5474224	3000000	0	661157314	30000
300000	5474224	3000000	0	929354332	40000
300000	5474224	3000000	0	1084744677	50000
300000	5474224	3000000	0	1297161104	60000
300000	5474224	3000000	0	1509910893	70000
300000	5474224	3000000	0	1721069160	80000
300000	5474224	3000000	0	1933065816	90000
400000	7298832	4000000	0	2860735029	100000
400000	7298832	4000000	0	394662632	10000
400000	7298832	4000000	0	598801014	20000
400000	7298832	4000000	0	881792730	30000
400000	7298832	4000000	0	1165443936	40000
400000	7298832	4000000	0	1447424048	50000
400000	7298832	4000000	0	1730028570	60000
400000	7298832	4000000	0	2013798034	70000
400000	7298832	4000000	0	2650070734	80000
400000	7298832	4000000	0	2577600442	90000
500000	9123440	5000000	0	3576599020	100000
500000	9123440	5000000	0	635091678	10000
500000	9123440	5000000	0	753162195	20000
500000	9123440	5000000	0	1102638703	30000
500000	9123440	5000000	0	1456438079	40000
500000	9123440	5000000	0	1809938919	50000
500000	9123440	5000000	0	2163302960	60000
500000	9123440	5000000	0	2516863931	70000
500000	9123440	5000000	0	2870701139	80000
500000	9123440	5000000	0	3222837257	90000
600000	10948048	6000000	0	4293141342	100000
600000	10948048	6000000	0	641986776	10000
600000	10948048	6000000	0	900483005	20000
600000	10948048	6000000	0	1324470130	30000
600000	10948048	6000000	0	1750134287	40000
600000	10948048	6000000	0	2173621352	50000
600000	10948048	6000000	0	2597762614	60000
600000	10948048	6000000	0	3026406197	70000
600000	10948048	6000000	0	3445358886	80000
600000	10948048	6000000	0	3869231807	90000
700000	12772656	7000000	0	5012568972	100000
700000	12772656	7000000	0	903265163	10000
700000	12772656	7000000	0	1052748413	20000
700000	12772656	7000000	0	1551120049	30000
700000	12772656	7000000	0	2044809858	40000
700000	12772656	7000000	0	2538147548	50000
700000	12772656	7000000	0	3110512618	60000
700000	12772656	7000000	0	3542923800	70000
700000	12772656	7000000	0	4077704242	80000
700000	12772656	7000000	0	4520302165	90000
800000	14597280	8000000	0	5728278040	100000
800000	14597280	8000000	0	931803547	10000
800000	14597280	8000000	0	1204223025	20000
800000	14597280	8000000	0	1811267381	30000
800000	14597280	8000000	0	2335339526	40000
800000	14597280	8000000	0	2900471722	50000
800000	14597280	8000000	0	3466187846	60000
800000	14597280	8000000	0	4031137474	70000
800000	14597280	8000000	0	4597229877	80000
800000	14597280	8000000	0	5162364808	90000
900000	16421888	9000000	0	6442150822	100000
900000	16421888	9000000	0	1882305851	10000
900000	16421888	9000000	0	1359727280	20000
900000	16421888	9000000	0	1993064794	30000
900000	16421888	9000000	0	2631714158	40000
900000	16421888	9000000	0	3264512447	50000
900000	16421888	9000000	0	3901043890	60000
900000	16421888	9000000	0	4540349988	70000
900000	16421888	9000000	0	5170354906	80000
900000	16421888	9000000	0	5807552666	90000
