1000000	182848	100000	2749060	5225966032
1000000	1825008	1000000	619592	2232371191
1000000	18246496	10000000	600002	2573264553
1000000	2007456	1100000	614348	2246404638
1000000	2189920	1200000	610218	2257944186
1000000	2372384	1300000	607690	2271841266
1000000	2554848	1400000	605704	2282466045
1000000	2737312	1500000	604414	2294938295
1000000	2919776	1600000	603436	2307748665
1000000	3102224	1700000	602704	2318013958
1000000	3284688	1800000	602198	2342109289
1000000	3467152	1900000	601736	2342207918
1000000	365312	200000	1506202	3459480879
1000000	3649616	2000000	601468	2348882074
1000000	3832080	2100000	601238	2360323244
1000000	4014528	2200000	600938	2369659528
1000000	4196992	2300000	600822	2380628923
1000000	4379456	2400000	600632	2383313242
1000000	4561920	2500000	600500	2395276674
1000000	4744384	2600000	600530	2398065968
1000000	4926832	2700000	600364	2411897869
1000000	5109296	2800000	600278	2414393026
1000000	5291760	2900000	600304	2422683175
1000000	547776	300000	1052508	2528237422
1000000	5474224	3000000	600254	2424711593
1000000	5656688	3100000	600248	2432405163
1000000	5839152	3200000	600172	2437962844
1000000	6021600	3300000	600202	2445368069
1000000	6204064	3400000	600138	2446397566
1000000	6386528	3500000	600106	2454650353
1000000	6568992	3600000	600122	2455391148
1000000	6751456	3700000	600124	2463453983
1000000	6933904	3800000	600104	2464549485
1000000	7116368	3900000	600066	2471050262
1000000	730240	400000	851430	2337680844
1000000	7298832	4000000	600048	2474546310
1000000	7481296	4100000	600056	2478986542
1000000	7663760	4200000	600056	2482233657
1000000	7846208	4300000	600054	2487727163
1000000	8028672	4400000	600038	2487830600
1000000	8211136	4500000	600032	2491700056
1000000	8393600	4600000	600040	2493311121
1000000	8576064	4700000	600048	2497528352
1000000	8758528	4800000	600022	2498480437
1000000	8940976	4900000	600020	2504262361
1000000	912704	500000	749744	2264025562
1000000	9123440	5000000	600020	2502169390
1000000	9305904	5100000	600020	2506718077
1000000	9488368	5200000	600024	2509429770
1000000	9670832	5300000	600024	2516186328
1000000	9853280	5400000	600020	2515720739
1000000	10035744	5500000	600020	2518921633
1000000	10218208	5600000	600018	2517141770
1000000	10400672	5700000	600016	2522541161
1000000	10583136	5800000	600012	2521652386
1000000	10765584	5900000	600010	2526555418
1000000	1095152	600000	693258	2226857038
1000000	10948048	6000000	600008	2526822604
1000000	11130512	6100000	600014	2531933814
1000000	11312976	6200000	600004	2531982658
1000000	11495440	6300000	600010	2531188904
1000000	11677904	6400000	600012	2531379030
1000000	11860352	6500000	600006	2537416929
1000000	12042816	6600000	600004	2537238049
1000000	12225280	6700000	600006	2539750670
1000000	12407744	6800000	600004	2538250187
1000000	12590208	6900000	600004	2542053334
1000000	1277616	700000	659938	2214768000
1000000	12772656	7000000	600004	2544508076
1000000	12955120	7100000	600008	2547087020
1000000	13137584	7200000	600002	2544801492
1000000	13320048	7300000	600006	2548529875
1000000	13502512	7400000	600006	2549470199
1000000	13684976	7500000	600006	2552193376
1000000	13867424	7600000	600004	2551335028
1000000	14049888	7700000	600002	2552902135
1000000	14232352	7800000	600002	2552082125
1000000	14414816	7900000	600002	2556250661
1000000	1460080	800000	640124	2213640880
1000000	14597280	8000000	600006	2592915699
1000000	14779728	8100000	600006	2556620706
1000000	14962192	8200000	600006	2554769511
1000000	15144656	8300000	600000	2558426470
1000000	15327120	8400000	600004	2558991474
1000000	15509584	8500000	600000	2560607069
1000000	15692032	8600000	600002	2562878273
1000000	15874496	8700000	600002	2565094746
1000000	16056960	8800000	600004	2560431723
1000000	16239424	8900000	600000	2563598863
1000000	1642544	900000	627438	2223605581
1000000	16421888	9000000	600004	2563200382
1000000	16604352	9100000	600000	2565016145
1000000	16786800	9200000	600000	2564316407
1000000	16969264	9300000	600000	2568326675
1000000	17151728	9400000	600002	2568650131
1000000	17334192	9500000	600000	2583414557
1000000	17516656	9600000	600000	2568099441
1000000	17699104	9700000	600002	2572888387
1000000	17881568	9800000	600000	2572546640
1000000	18064032	9900000	600000	2573858333
100000	182848	100000	61982	453509617
100000	1825008	1000000	60000	198390947
100000	18246496	10000000	60000	239489466
100000	2007456	1100000	60000	199802243
100000	2189920	1200000	60000	202122060
100000	2372384	1300000	60000	205347631
100000	2554848	1400000	60000	204116629
100000	2737312	1500000	60000	206951052
100000	2919776	1600000	60000	207819962
100000	3102224	1700000	60000	208955942
100000	3284688	1800000	60000	212418450
100000	3467152	1900000	60000	211225048
100000	365312	200000	60150	182437178
100000	3649616	2000000	60000	211535332
100000	3832080	2100000	60000	214346322
100000	4014528	2200000	60000	216597585
100000	4196992	2300000	60000	215415452
100000	4379456	2400000	60000	216376555
100000	4561920	2500000	60000	217191836
100000	4744384	2600000	60000	217769653
100000	4926832	2700000	60000	220503050
100000	5109296	2800000	60000	221541735
100000	5291760	2900000	60000	219263649
100000	547776	300000	60036	182142537
100000	5474224	3000000	60000	219988000
100000	5656688	3100000	60000	223712595
100000	5839152	3200000	60000	222421921
100000	6021600	3300000	60000	224154099
100000	6204064	3400000	60000	222462465
100000	6386528	3500000	60000	223976871
100000	6568992	3600000	60000	223486208
100000	6751456	3700000	60000	224920605
100000	6933904	3800000	60000	226097449
100000	7116368	3900000	60000	226281358
100000	730240	400000	60010	186055191
100000	7298832	4000000	60000	226628179
100000	7481296	4100000	60000	228441117
100000	7663760	4200000	60000	228249904
100000	7846208	4300000	60000	227542253
100000	8028672	4400000	60000	228623936
100000	8211136	4500000	60000	227837546
100000	8393600	4600000	60000	228669336
100000	8576064	4700000	60000	230788326
100000	8758528	4800000	60000	231737890
100000	8940976	4900000	60000	232559626
100000	912704	500000	60002	185321113
100000	9123440	5000000	60000	229690692
100000	9305904	5100000	60000	230918588
100000	9488368	5200000	60000	231987128
100000	9670832	5300000	60000	231186008
100000	9853280	5400000	60000	230722144
100000	10035744	5500000	60000	231268795
100000	10218208	5600000	60000	233131900
100000	10400672	5700000	60000	231179127
100000	10583136	5800000	60000	231924585
100000	10765584	5900000	60000	232075202
100000	1095152	600000	60000	187538415
100000	10948048	6000000	60000	234076950
100000	11130512	6100000	60000	232513082
100000	11312976	6200000	60000	232802887
100000	11495440	6300000	60000	232798661
100000	11677904	6400000	60000	232617638
100000	11860352	6500000	60000	233274728
100000	12042816	6600000	60000	234088493
100000	12225280	6700000	60000	233742027
100000	12407744	6800000	60000	235507813
100000	12590208	6900000	60000	235837551
100000	1277616	700000	60000	192190827
100000	12772656	7000000	60000	234476532
100000	12955120	7100000	60000	236045026
100000	13137584	7200000	60000	234264072
100000	13320048	7300000	60000	234410989
100000	13502512	7400000	60000	234786215
100000	13684976	7500000	60000	234860877
100000	13867424	7600000	60000	234643321
100000	14049888	7700000	60000	236992608
100000	14232352	7800000	60000	236727914
100000	14414816	7900000	60000	235487281
100000	1460080	800000	60000	192028575
100000	14597280	8000000	60000	235455366
100000	14779728	8100000	60000	237773536
100000	14962192	8200000	60000	237533584
100000	15144656	8300000	60000	235835407
100000	15327120	8400000	60000	235830046
100000	15509584	8500000	60000	237727089
100000	15692032	8600000	60000	236321378
100000	15874496	8700000	60000	236248091
100000	16056960	8800000	60000	237873980
100000	16239424	8900000	60000	237989784
100000	1642544	900000	60000	196226641
100000	16421888	9000000	60000	236573445
100000	16604352	9100000	60000	236747753
100000	16786800	9200000	60000	239167600
100000	16969264	9300000	60000	238489480
100000	17151728	9400000	60000	238342526
100000	17334192	9500000	60000	238395737
100000	17516656	9600000	60000	236992310
100000	17699104	9700000	60000	237456104
100000	17881568	9800000	60000	237375925
100000	18064032	9900000	60000	239220555
200000	182848	100000	150698	406953890
200000	1825008	1000000	120002	400471193
200000	18246496	10000000	120000	479971776
200000	2007456	1100000	120002	404431131
200000	2189920	1200000	120002	407464926
200000	2372384	1300000	120000	411263008
200000	2554848	1400000	120000	413928979
200000	2737312	1500000	120000	419407485
200000	2919776	1600000	120000	420901741
200000	3102224	1700000	120000	423082566
200000	3284688	1800000	120000	425301946
200000	3467152	1900000	120000	427549500
200000	365312	200000	124044	378236501
200000	3649616	2000000	120000	431150605
200000	3832080	2100000	120000	432300530
200000	4014528	2200000	120000	434031501
200000	4196992	2300000	120000	437560201
200000	4379456	2400000	120000	438576642
200000	4561920	2500000	120000	440643240
200000	4744384	2600000	120000	440976442
200000	4926832	2700000	120000	442997539
200000	5109296	2800000	120000	443794290
200000	5291760	2900000	120000	445653489
200000	547776	300000	120862	374506455
200000	5474224	3000000	120000	447512259
200000	5656688	3100000	120000	447903246
200000	5839152	3200000	120000	450327110
200000	6021600	3300000	120000	450685270
200000	6204064	3400000	120000	451872837
200000	6386528	3500000	120000	452800143
200000	6568992	3600000	120000	453864117
200000	6751456	3700000	120000	456014638
200000	6933904	3800000	120000	456055062
200000	7116368	3900000	120000	457584867
200000	730240	400000	120280	376177266
200000	7298832	4000000	120000	457696569
200000	7481296	4100000	120000	459121817
200000	7663760	4200000	120000	459622963
200000	7846208	4300000	120000	460292819
200000	8028672	4400000	120000	460811935
200000	8211136	4500000	120000	461771302
200000	8393600	4600000	120000	462543284
200000	8576064	4700000	120000	463368807
200000	8758528	4800000	120000	463541849
200000	8940976	4900000	120000	465422367
200000	912704	500000	120120	379449312
200000	9123440	5000000	120000	464461944
200000	9305904	5100000	120000	466533577
200000	9488368	5200000	120000	466259640
200000	9670832	5300000	120000	466333397
200000	9853280	5400000	120000	467618332
200000	10035744	5500000	120000	467455208
200000	10218208	5600000	120000	468956965
200000	10400672	5700000	120000	468947071
200000	10583136	5800000	120000	468916589
200000	10765584	5900000	120000	471065316
200000	1095152	600000	120056	383439829
200000	10948048	6000000	120000	470920875
200000	11130512	6100000	120000	470673022
200000	11312976	6200000	120000	471188274
200000	11495440	6300000	120000	472211378
200000	11677904	6400000	120000	471675999
200000	11860352	6500000	120000	472675524
200000	12042816	6600000	120000	472331482
200000	12225280	6700000	120000	473113237
200000	12407744	6800000	120000	473833097
200000	12590208	6900000	120000	477873871
200000	1277616	700000	120026	388116406
200000	12772656	7000000	120000	473441053
200000	12955120	7100000	120000	474025881
200000	13137584	7200000	120000	474349315
200000	13320048	7300000	120000	474719198
200000	13502512	7400000	120000	475522410
200000	13684976	7500000	120000	477354859
200000	13867424	7600000	120000	475556476
200000	14049888	7700000	120000	476004051
200000	14232352	7800000	120000	476289323
200000	14414816	7900000	120000	476253393
200000	1460080	800000	120014	392131197
200000	14597280	8000000	120000	477444573
200000	14779728	8100000	120000	476479051
200000	14962192	8200000	120000	477386071
200000	15144656	8300000	120000	477346609
200000	15327120	8400000	120000	476533751
200000	15509584	8500000	120000	477868940
200000	15692032	8600000	120000	478037235
200000	15874496	8700000	120000	478207100
200000	16056960	8800000	120000	477867109
200000	16239424	8900000	120000	478438216
200000	1642544	900000	120004	396485388
200000	16421888	9000000	120000	479234533
200000	16604352	9100000	120000	478997936
200000	16786800	9200000	120000	480668131
200000	16969264	9300000	120000	478930801
200000	17151728	9400000	120000	479851158
200000	17334192	9500000	120000	479608946
200000	17516656	9600000	120000	480309837
200000	17699104	9700000	120000	480000968
200000	17881568	9800000	120000	480636898
200000	18064032	9900000	120000	479996687
300000	182848	100000	290356	673225841
300000	1825008	1000000	180040	604811654
300000	18246496	10000000	180000	722299023
300000	2007456	1100000	180030	610963505
300000	2189920	1200000	180026	614923681
300000	2372384	1300000	180020	620846847
300000	2554848	1400000	180006	625409584
300000	2737312	1500000	180002	629313519
300000	2919776	1600000	180008	633920382
300000	3102224	1700000	180006	637221659
300000	3284688	1800000	180004	641580100
300000	3467152	1900000	180006	644826048
300000	365312	200000	201208	588608000
300000	3649616	2000000	180006	647943628
300000	3832080	2100000	180000	650858476
300000	4014528	2200000	180000	654045879
300000	4196992	2300000	180000	657076773
300000	4379456	2400000	180000	659683717
300000	4561920	2500000	180000	661970222
300000	4744384	2600000	180000	664483614
300000	4926832	2700000	180000	666651100
300000	5109296	2800000	180000	668733870
300000	5291760	2900000	180000	671317381
300000	547776	300000	185780	571308778
300000	5474224	3000000	180000	673345095
300000	5656688	3100000	180000	676850167
300000	5839152	3200000	180000	677119579
300000	6021600	3300000	180000	678361293
300000	6204064	3400000	180000	681114254
300000	6386528	3500000	180000	682867847
300000	6568992	3600000	180000	682943406
300000	6751456	3700000	180000	685104993
300000	6933904	3800000	180000	686051112
300000	7116368	3900000	180000	687554621
300000	730240	400000	182210	571821883
300000	7298832	4000000	180000	691100037
300000	7481296	4100000	180000	690923047
300000	7663760	4200000	180000	692000140
300000	7846208	4300000	180000	692152157
300000	8028672	4400000	180000	693133376
300000	8211136	4500000	180000	694688053
300000	8393600	4600000	180000	696257430
300000	8576064	4700000	180000	697117993
300000	8758528	4800000	180000	698186896
300000	8940976	4900000	180000	697834083
300000	912704	500000	180972	575873527
300000	9123440	5000000	180000	699148858
300000	9305904	5100000	180000	700950925
300000	9488368	5200000	180000	700520245
300000	9670832	5300000	180000	701670718
300000	9853280	5400000	180000	702671282
300000	10035744	5500000	180000	703771787
300000	10218208	5600000	180000	704417044
300000	10400672	5700000	180000	704468302
300000	10583136	5800000	180000	705622526
300000	10765584	5900000	180000	706565198
300000	1095152	600000	180358	582315711
300000	10948048	6000000	180000	706988586
300000	11130512	6100000	180000	708698706
300000	11312976	6200000	180000	708571918
300000	11495440	6300000	180000	708269216
300000	11677904	6400000	180000	710142426
300000	11860352	6500000	180000	709962028
300000	12042816	6600000	180000	710881148
300000	12225280	6700000	180000	710647707
300000	12407744	6800000	180000	711944947
300000	12590208	6900000	180000	712083594
300000	1277616	700000	180206	588637210
300000	12772656	7000000	180000	712289144
300000	12955120	7100000	180000	713338627
300000	13137584	7200000	180000	713149535
300000	13320048	7300000	180000	713184152
300000	13502512	7400000	180000	715239738
300000	13684976	7500000	180000	714809835
300000	13867424	7600000	180000	714662091
300000	14049888	7700000	180000	715254463
300000	14232352	7800000	180000	715552231
300000	14414816	7900000	180000	716335128
300000	1460080	800000	180142	594553124
300000	14597280	8000000	180000	716992729
300000	14779728	8100000	180000	716059735
300000	14962192	8200000	180000	716841554
300000	15144656	8300000	180000	717977642
300000	15327120	8400000	180000	718468725
300000	15509584	8500000	180000	717985007
300000	15692032	8600000	180000	718929892
300000	15874496	8700000	180000	717784934
300000	16056960	8800000	180000	720312907
300000	16239424	8900000	180000	720130979
300000	1642544	900000	180076	601303750
300000	16421888	9000000	180000	719676245
300000	16604352	9100000	180000	720344652
300000	16786800	9200000	180000	721404139
300000	16969264	9300000	180000	721365464
300000	17151728	9400000	180000	720834382
300000	17334192	9500000	180000	720678833
300000	17516656	9600000	180000	720807431
300000	17699104	9700000	180000	721897279
300000	17881568	9800000	180000	723021457
300000	18064032	9900000	180000	721947299
400000	182848	100000	490986	1001910907
400000	1825008	1000000	240204	813216029
400000	18246496	10000000	240000	966840887
400000	2007456	1100000	240134	820526380
400000	2189920	1200000	240084	826381468
400000	2372384	1300000	240060	833030878
400000	2554848	1400000	240030	838443525
400000	2737312	1500000	240034	844926738
400000	2919776	1600000	240032	850596144
400000	3102224	1700000	240030	855714229
400000	3284688	1800000	240010	860444084
400000	3467152	1900000	240016	864995310
400000	365312	200000	299962	816866970
400000	3649616	2000000	240006	871439481
400000	3832080	2100000	240006	874835624
400000	4014528	2200000	240006	877483301
400000	4196992	2300000	240006	881044510
400000	4379456	2400000	240000	884841524
400000	4561920	2500000	240002	888819234
400000	4744384	2600000	240002	890967371
400000	4926832	2700000	240004	895611230
400000	5109296	2800000	240004	897300806
400000	5291760	2900000	240002	901093267
400000	547776	300000	259782	778806243
400000	5474224	3000000	240000	902605595
400000	5656688	3100000	240002	922056454
400000	5839152	3200000	240004	907498330
400000	6021600	3300000	240000	910199361
400000	6204064	3400000	240004	911710118
400000	6386528	3500000	240000	914372353
400000	6568992	3600000	240000	916110485
400000	6751456	3700000	240000	919249619
400000	6933904	3800000	240000	919240192
400000	7116368	3900000	240002	921005253
400000	730240	400000	247812	775317235
400000	7298832	4000000	240000	923662629
400000	7481296	4100000	240000	925539665
400000	7663760	4200000	240002	925689229
400000	7846208	4300000	240000	928231568
400000	8028672	4400000	240000	928657679
400000	8211136	4500000	240000	929514078
400000	8393600	4600000	240000	931333633
400000	8576064	4700000	240004	934219402
400000	8758528	4800000	240000	934364360
400000	8940976	4900000	240000	935453390
400000	912704	500000	243554	776027675
400000	9123440	5000000	240000	936872433
400000	9305904	5100000	240000	938236581
400000	9488368	5200000	240000	939374373
400000	9670832	5300000	240000	940118175
400000	9853280	5400000	240000	940992875
400000	10035744	5500000	240000	941794871
400000	10218208	5600000	240000	942291316
400000	10400672	5700000	240000	943376598
400000	10583136	5800000	240000	945372223
400000	10765584	5900000	240000	944926384
400000	1095152	600000	241756	781939366
400000	10948048	6000000	240000	946275803
400000	11130512	6100000	240000	947476727
400000	11312976	6200000	240000	947495520
400000	11495440	6300000	240000	948110049
400000	11677904	6400000	240000	948852963
400000	11860352	6500000	240000	950692676
400000	12042816	6600000	240000	950650849
400000	12225280	6700000	240000	951270575
400000	12407744	6800000	240000	952872434
400000	12590208	6900000	240000	953043851
400000	1277616	700000	240954	789331758
400000	12772656	7000000	240000	953147408
400000	12955120	7100000	240000	954018984
400000	13137584	7200000	240000	953804190
400000	13320048	7300000	240000	954773141
400000	13502512	7400000	240000	955326719
400000	13684976	7500000	240000	957640120
400000	13867424	7600000	240000	956645040
400000	14049888	7700000	240000	957819939
400000	14232352	7800000	240000	957823949
400000	14414816	7900000	240000	959378915
400000	1460080	800000	240548	800994972
400000	14597280	8000000	240000	959128458
400000	14779728	8100000	240000	958444928
400000	14962192	8200000	240000	959346905
400000	15144656	8300000	240000	961850582
400000	15327120	8400000	240000	960639720
400000	15509584	8500000	240000	962715864
400000	15692032	8600000	240000	962859386
400000	15874496	8700000	240000	962096229
400000	16056960	8800000	240000	963696220
400000	16239424	8900000	240000	961997819
400000	1642544	900000	240396	807675513
400000	16421888	9000000	240000	962301276
400000	16604352	9100000	240000	962750949
400000	16786800	9200000	240000	964965995
400000	16969264	9300000	240000	963442330
400000	17151728	9400000	240000	965010615
400000	17334192	9500000	240000	966697433
400000	17516656	9600000	240000	963954480
400000	17699104	9700000	240000	967174066
400000	17881568	9800000	240000	965256304
400000	18064032	9900000	240000	965985586
500000	182848	100000	754134	1634666198
500000	1825008	1000000	300670	1025408871
500000	18246496	10000000	300000	1215712119
500000	2007456	1100000	300466	1035152422
500000	2189920	1200000	300310	1040461172
500000	2372384	1300000	300220	1048402256
500000	2554848	1400000	300182	1055861767
500000	2737312	1500000	300122	1063900313
500000	2919776	1600000	300104	1070286161
500000	3102224	1700000	300056	1076338418
500000	3284688	1800000	300062	1081627876
500000	3467152	1900000	300036	1089036675
500000	365312	200000	426390	1223020001
500000	3649616	2000000	300058	1094572776
500000	3832080	2100000	300024	1097668428
500000	4014528	2200000	300034	1102112401
500000	4196992	2300000	300022	1108994529
500000	4379456	2400000	300014	1111292963
500000	4561920	2500000	300020	1115893381
500000	4744384	2600000	300002	1120816534
500000	4926832	2700000	300010	1123514163
500000	5109296	2800000	300018	1126430722
500000	5291760	2900000	300002	1130880429
500000	547776	300000	346452	1001586379
500000	5474224	3000000	300006	1133671289
500000	5656688	3100000	300010	1139001961
500000	5839152	3200000	300006	1139896004
500000	6021600	3300000	300006	1142509526
500000	6204064	3400000	300000	1145263523
500000	6386528	3500000	300006	1146723327
500000	6568992	3600000	300002	1150109014
500000	6751456	3700000	300002	1151992211
500000	6933904	3800000	300000	1154311248
500000	7116368	3900000	300000	1156364579
500000	730240	400000	320582	983528864
500000	7298832	4000000	300004	1158589278
500000	7481296	4100000	300002	1161986971
500000	7663760	4200000	300000	1164031003
500000	7846208	4300000	300002	1165177885
500000	8028672	4400000	300000	1166688554
500000	8211136	4500000	300000	1169350274
500000	8393600	4600000	300000	1168577453
500000	8576064	4700000	300000	1171324314
500000	8758528	4800000	300000	1175740866
500000	8940976	4900000	300000	1173770577
500000	912704	500000	310004	983028869
500000	9123440	5000000	300004	1175004304
500000	9305904	5100000	300000	1177368107
500000	9488368	5200000	300000	1178468228
500000	9670832	5300000	300000	1179295531
500000	9853280	5400000	300000	1181116469
500000	10035744	5500000	300002	1183613605
500000	10218208	5600000	300004	1184245024
500000	10400672	5700000	300000	1183747003
500000	10583136	5800000	300000	1185800672
500000	10765584	5900000	300000	1185679261
500000	1095152	600000	305144	989575051
500000	10948048	6000000	300000	1186926676
500000	11130512	6100000	300000	1189340766
500000	11312976	6200000	300000	1188276987
500000	11495440	6300000	300000	1189476504
500000	11677904	6400000	300000	1192364527
500000	11860352	6500000	300000	1192178026
500000	12042816	6600000	300000	1192657350
500000	12225280	6700000	300000	1193434519
500000	12407744	6800000	300000	1195704047
500000	12590208	6900000	300000	1196369415
500000	1277616	700000	302970	996935310
500000	12772656	7000000	300000	1196941024
500000	12955120	7100000	300000	1197762211
500000	13137584	7200000	300000	1197438688
500000	13320048	7300000	300000	1196971364
500000	13502512	7400000	300000	1199529202
500000	13684976	7500000	300000	1200249341
500000	13867424	7600000	300000	1200551598
500000	14049888	7700000	300002	1201256375
500000	14232352	7800000	300000	1202750949
500000	14414816	7900000	300000	1200804797
500000	1460080	800000	301728	1005764114
500000	14597280	8000000	300000	1203097214
500000	14779728	8100000	300000	1203711973
500000	14962192	8200000	300000	1206219072
500000	15144656	8300000	300000	1207608216
500000	15327120	8400000	300000	1205701022
500000	15509584	8500000	300000	1208095530
500000	15692032	8600000	300000	1209309836
500000	15874496	8700000	300000	1208196925
500000	16056960	8800000	300000	1209634166
500000	16239424	8900000	300000	1210418660
500000	1642544	900000	301030	1015852787
500000	16421888	9000000	300000	1209996062
500000	16604352	9100000	300000	1210796726
500000	16786800	9200000	300000	1214679577
500000	16969264	9300000	300000	1212524507
500000	17151728	9400000	300000	1212978516
500000	17334192	9500000	300000	1213854180
500000	17516656	9600000	300000	1213118883
500000	17699104	9700000	300000	1215388975
500000	17881568	9800000	300000	1217503413
500000	18064032	9900000	300000	1215846851
600000	182848	100000	1072200	2059669279
600000	1825008	1000000	361844	1235842805
600000	18246496	10000000	360000	1457333901
600000	2007456	1100000	361312	1246548225
600000	2189920	1200000	360866	1252424371
600000	2372384	1300000	360698	1262697060
600000	2554848	1400000	360458	1270237514
600000	2737312	1500000	360324	1278316307
600000	2919776	1600000	360234	1288936093
600000	3102224	1700000	360212	1294481341
600000	3284688	1800000	360150	1301381811
600000	3467152	1900000	360140	1310059157
600000	365312	200000	581564	1515101057
600000	3649616	2000000	360088	1315930523
600000	3832080	2100000	360082	1320158443
600000	4014528	2200000	360060	1328267172
600000	4196992	2300000	360044	1330698659
600000	4379456	2400000	360072	1337892900
600000	4561920	2500000	360024	1341773177
600000	4744384	2600000	360056	1345660476
600000	4926832	2700000	360034	1349979552
600000	5109296	2800000	360024	1356926618
600000	5291760	2900000	360020	1358298343
600000	547776	300000	451056	1236521590
600000	5474224	3000000	360024	1361673949
600000	5656688	3100000	360010	1366101535
600000	5839152	3200000	360012	1369321880
600000	6021600	3300000	360008	1372516697
600000	6204064	3400000	360006	1375835187
600000	6386528	3500000	360012	1379715723
600000	6568992	3600000	360002	1382813966
600000	6751456	3700000	360010	1384855960
600000	6933904	3800000	360006	1387296141
600000	7116368	3900000	360004	1392619721
600000	730240	400000	401984	1201886644
600000	7298832	4000000	360004	1393311070
600000	7481296	4100000	360002	1397916170
600000	7663760	4200000	360008	1398486022
600000	7846208	4300000	360002	1399307351
600000	8028672	4400000	360000	1400730393
600000	8211136	4500000	360010	1402155620
600000	8393600	4600000	360002	1404865584
600000	8576064	4700000	360002	1406958769
600000	8758528	4800000	360002	1408744156
600000	8940976	4900000	360000	1412234313
600000	912704	500000	381304	1190471314
600000	9123440	5000000	360002	1414336145
600000	9305904	5100000	360000	1414020079
600000	9488368	5200000	360000	1414295966
600000	9670832	5300000	360000	1417546544
600000	9853280	5400000	360000	1418121363
600000	10035744	5500000	360002	1419223703
600000	10218208	5600000	360000	1420278264
600000	10400672	5700000	360000	1423265972
600000	10583136	5800000	360000	1423812897
600000	10765584	5900000	360000	1424292834
600000	1095152	600000	371770	1196464640
600000	10948048	6000000	360000	1428920418
600000	11130512	6100000	360000	1429667971
600000	11312976	6200000	360002	1427232734
600000	11495440	6300000	360000	1428670453
600000	11677904	6400000	360000	1431273360
600000	11860352	6500000	360000	1431766987
600000	12042816	6600000	360000	1431298216
600000	12225280	6700000	360004	1432652116
600000	12407744	6800000	360000	1433876732
600000	12590208	6900000	360000	1434322003
600000	1277616	700000	366862	1202598243
600000	12772656	7000000	360000	1436626771
600000	12955120	7100000	360000	1436975921
600000	13137584	7200000	360000	1437481510
600000	13320048	7300000	360000	1437821405
600000	13502512	7400000	360000	1439102153
600000	13684976	7500000	360000	1441168453
600000	13867424	7600000	360000	1440685217
600000	14049888	7700000	360002	1441739819
600000	14232352	7800000	360000	1443787696
600000	14414816	7900000	360000	1443326104
600000	1460080	800000	364112	1211881294
600000	14597280	8000000	360000	1443034509
600000	14779728	8100000	360000	1444891933
600000	14962192	8200000	360000	1444467708
600000	15144656	8300000	360000	1444759657
600000	15327120	8400000	360000	1448611490
600000	15509584	8500000	360000	1446675859
600000	15692032	8600000	360000	1447262926
600000	15874496	8700000	360000	1450011709
600000	16056960	8800000	360000	1449290004
600000	16239424	8900000	360000	1449696818
600000	1642544	900000	362478	1224851511
600000	16421888	9000000	360000	1449811928
600000	16604352	9100000	360000	1451975736
600000	16786800	9200000	360000	1450287446
600000	16969264	9300000	360002	1450366999
600000	17151728	9400000	360000	1451883786
600000	17334192	9500000	360000	1453148370
600000	17516656	9600000	360000	1452651338
600000	17699104	9700000	360000	1455709622
600000	17881568	9800000	360000	1456634686
600000	18064032	9900000	360000	1456394038
700000	182848	100000	1438398	2552175930
700000	1825008	1000000	423760	1443436084
700000	18246496	10000000	420000	1697200859
700000	2007456	1100000	422520	1455168889
700000	2189920	1200000	421806	1464443645
700000	2372384	1300000	421412	1476160705
700000	2554848	1400000	421050	1486232300
700000	2737312	1500000	420728	1493733527
700000	2919776	1600000	420636	1503263540
700000	3102224	1700000	420410	1512483294
700000	3284688	1800000	420384	1519047039
700000	3467152	1900000	420274	1528398974
700000	365312	200000	765940	1836502916
700000	3649616	2000000	420220	1536855529
700000	3832080	2100000	420196	1541535401
700000	4014528	2200000	420142	1547813581
700000	4196992	2300000	420126	1554034835
700000	4379456	2400000	420096	1560650833
700000	4561920	2500000	420084	1565653025
700000	4744384	2600000	420076	1570561511
700000	4926832	2700000	420056	1576437204
700000	5109296	2800000	420058	1580535948
700000	5291760	2900000	420048	1584443693
700000	547776	300000	571344	1649662555
700000	5474224	3000000	420042	1589663077
700000	5656688	3100000	420036	1594805620
700000	5839152	3200000	420016	1602136701
700000	6021600	3300000	420028	1602210851
700000	6204064	3400000	420014	1604636904
700000	6386528	3500000	420014	1609090114
700000	6568992	3600000	420018	1611062568
700000	6751456	3700000	420012	1615428276
700000	6933904	3800000	420016	1621076188
700000	7116368	3900000	420006	1621724819
700000	730240	400000	494680	1607470321
700000	7298832	4000000	420008	1624819454
700000	7481296	4100000	420016	1626990888
700000	7663760	4200000	420004	1630071280
700000	7846208	4300000	420002	1633252428
700000	8028672	4400000	420004	1634805397
700000	8211136	4500000	420010	1637510108
700000	8393600	4600000	420006	1638032644
700000	8576064	4700000	420014	1641297877
700000	8758528	4800000	420006	1644446386
700000	8940976	4900000	420004	1645659369
700000	912704	500000	460312	1405320152
700000	9123440	5000000	420004	1646040001
700000	9305904	5100000	420010	1648988304
700000	9488368	5200000	420002	1651919153
700000	9670832	5300000	420000	1652514421
700000	9853280	5400000	420000	1655028822
700000	10035744	5500000	420000	1656190693
700000	10218208	5600000	420000	1658235975
700000	10400672	5700000	420004	1659411457
700000	10583136	5800000	420004	1660753471
700000	10765584	5900000	420002	1661882065
700000	1095152	600000	443116	1405405679
700000	10948048	6000000	420000	1662557145
700000	11130512	6100000	420000	1667060937
700000	11312976	6200000	420002	1666495336
700000	11495440	6300000	420002	1665823528
700000	11677904	6400000	420000	1671883319
700000	11860352	6500000	420000	1670360939
700000	12042816	6600000	420000	1671962435
700000	12225280	6700000	420002	1671568956
700000	12407744	6800000	420000	1674067032
700000	12590208	6900000	420000	1673355752
700000	1277616	700000	433670	1411709606
700000	12772656	7000000	420000	1675648719
700000	12955120	7100000	420000	1677307965
700000	13137584	7200000	420000	1676602347
700000	13320048	7300000	420000	1678603942
700000	13502512	7400000	420000	1678350569
700000	13684976	7500000	420000	1679614121
700000	13867424	7600000	420000	1681655644
700000	14049888	7700000	420000	1680650013
700000	14232352	7800000	420000	1681155894
700000	14414816	7900000	420000	1683154219
700000	1460080	800000	428896	1420263254
700000	14597280	8000000	420002	1684825825
700000	14779728	8100000	420000	1686122493
700000	14962192	8200000	420000	1685771471
700000	15144656	8300000	420000	1685166062
700000	15327120	8400000	420000	1688113181
700000	15509584	8500000	420000	1687175730
700000	15692032	8600000	420000	1691627399
700000	15874496	8700000	420000	1691411169
700000	16056960	8800000	420000	1689566011
700000	16239424	8900000	420000	1689673072
700000	1642544	900000	425650	1434569887
700000	16421888	9000000	420000	1691910323
700000	16604352	9100000	420000	1691797939
700000	16786800	9200000	420000	1692466288
700000	16969264	9300000	420000	1692371201
700000	17151728	9400000	420000	1694389093
700000	17334192	9500000	420000	1696018989
700000	17516656	9600000	420002	1693632960
700000	17699104	9700000	420000	1697395424
700000	17881568	9800000	420000	1697444095
700000	18064032	9900000	420000	1695811177
800000	182848	100000	1844960	3569524398
800000	1825008	1000000	487274	1842110030
800000	18246496	10000000	480002	2125381459
800000	2007456	1100000	484756	1846175434
800000	2189920	1200000	483658	1863659924
800000	2372384	1300000	482636	1870501177
800000	2554848	1400000	481942	1888581324
800000	2737312	1500000	481460	1890832050
800000	2919776	1600000	481136	1909875481
800000	3102224	1700000	480930	1916612134
800000	3284688	1800000	480758	1931348839
800000	3467152	1900000	480478	1937310188
800000	365312	200000	983920	2198998344
800000	3649616	2000000	480454	1949392170
800000	3832080	2100000	480356	1954162199
800000	4014528	2200000	480268	1962422108
800000	4196992	2300000	480224	1964722279
800000	4379456	2400000	480232	1979200415
800000	4561920	2500000	480196	1976946306
800000	4744384	2600000	480160	1988937399
800000	4926832	2700000	480128	1992949875
800000	5109296	2800000	480132	2002474349
800000	5291760	2900000	480084	1998822450
800000	547776	300000	712628	1930645558
800000	5474224	3000000	480062	2011477810
800000	5656688	3100000	480076	2010013096
800000	5839152	3200000	480062	2019454281
800000	6021600	3300000	480036	2019221991
800000	6204064	3400000	480036	2027897856
800000	6386528	3500000	480046	2028411426
800000	6568992	3600000	480040	2035985676
800000	6751456	3700000	480026	2034619011
800000	6933904	3800000	480026	2043362852
800000	7116368	3900000	480008	2041545690
800000	730240	400000	600050	1847489332
800000	7298832	4000000	480012	2050638880
800000	7481296	4100000	480014	2047463781
800000	7663760	4200000	480018	2055332928
800000	7846208	4300000	480020	2053332342
800000	8028672	4400000	480014	2062230734
800000	8211136	4500000	480008	2059146505
800000	8393600	4600000	480006	2064991608
800000	8576064	4700000	480006	2062058276
800000	8758528	4800000	480010	2069942234
800000	8940976	4900000	480004	2067148137
800000	912704	500000	546798	1822391595
800000	9123440	5000000	480006	2073163064
800000	9305904	5100000	480012	2072298696
800000	9488368	5200000	480010	2078686658
800000	9670832	5300000	480002	2076154295
800000	9853280	5400000	480000	2098684763
800000	10035744	5500000	480006	2077322668
800000	10218208	5600000	480000	2084118694
800000	10400672	5700000	480010	2082253615
800000	10583136	5800000	480004	2091231896
800000	10765584	5900000	480004	2086435669
800000	1095152	600000	519654	1810473337
800000	10948048	6000000	480002	2091804253
800000	11130512	6100000	480002	2086686454
800000	11312976	6200000	480002	2093221570
800000	11495440	6300000	480010	2090614267
800000	11677904	6400000	480002	2099332020
800000	11860352	6500000	480000	2092029937
800000	12042816	6600000	480002	2100804468
800000	12225280	6700000	480000	2093809823
800000	12407744	6800000	480004	2103470858
800000	12590208	6900000	480002	2094969157
800000	1277616	700000	504316	1807013660
800000	12772656	7000000	480002	2103371098
800000	12955120	7100000	480002	2099363142
800000	13137584	7200000	480000	2105809625
800000	13320048	7300000	480000	2100879659
800000	13502512	7400000	480002	2108299325
800000	13684976	7500000	480002	2102417227
800000	13867424	7600000	480002	2108717203
800000	14049888	7700000	480000	2103163000
800000	14232352	7800000	480002	2111070999
800000	14414816	7900000	480004	2110002505
800000	1460080	800000	495606	1822249166
800000	14597280	8000000	480000	2113451036
800000	14779728	8100000	480000	2107636450
800000	14962192	8200000	480000	2112925273
800000	15144656	8300000	480000	2107716831
800000	15327120	8400000	480000	2115834181
800000	15509584	8500000	480000	2109166991
800000	15692032	8600000	480000	2117488209
800000	15874496	8700000	480000	2111772675
800000	16056960	8800000	480000	2116478708
800000	16239424	8900000	480000	2112409891
800000	1642544	900000	490404	1825680834
800000	16421888	9000000	480000	2119483714
800000	16604352	9100000	480000	2114631891
800000	16786800	9200000	480000	2145647410
800000	16969264	9300000	480000	2115763413
800000	17151728	9400000	480002	2125811580
800000	17334192	9500000	480000	2115489753
800000	17516656	9600000	480000	2122209912
800000	17699104	9700000	480000	2118579613
800000	17881568	9800000	480000	2121891111
800000	18064032	9900000	480000	2119913910
900000	182848	100000	2286318	4063410488
900000	1825008	1000000	552146	2031555080
900000	18246496	10000000	540000	2345477537
900000	2007456	1100000	548536	2041283876
900000	2189920	1200000	546390	2052641614
900000	2372384	1300000	544928	2064679916
900000	2554848	1400000	543448	2078530227
900000	2737312	1500000	542664	2087512642
900000	2919776	1600000	541968	2101733299
900000	3102224	1700000	541612	2107655103
900000	3284688	1800000	541274	2118850565
900000	3467152	1900000	541064	2129038011
900000	365312	200000	1229814	2569523361
900000	3649616	2000000	540772	2138356530
900000	3832080	2100000	540666	2144274924
900000	4014528	2200000	540542	2154198240
900000	4196992	2300000	540522	2162599667
900000	4379456	2400000	540470	2169052154
900000	4561920	2500000	540302	2174538631
900000	4744384	2600000	540276	2182721233
900000	4926832	2700000	540234	2195521983
900000	5109296	2800000	540242	2201538873
900000	5291760	2900000	540168	2200534065
900000	547776	300000	872488	2214785978
900000	5474224	3000000	540136	2207513912
900000	5656688	3100000	540112	2212530347
900000	5839152	3200000	540110	2218722119
900000	6021600	3300000	540106	2223712467
900000	6204064	3400000	540078	2230193996
900000	6386528	3500000	540078	2231833148
900000	6568992	3600000	540070	2236600713
900000	6751456	3700000	540060	2238561747
900000	6933904	3800000	540058	2243026049
900000	7116368	3900000	540042	2245988184
900000	730240	400000	718532	2075869893
900000	7298832	4000000	540036	2249883369
900000	7481296	4100000	540046	2256833942
900000	7663760	4200000	540030	2260432577
900000	7846208	4300000	540032	2258574949
900000	8028672	4400000	540030	2282855945
900000	8211136	4500000	540016	2263681668
900000	8393600	4600000	540020	2267014895
900000	8576064	4700000	540014	2270852724
900000	8758528	4800000	540022	2275351762
900000	8940976	4900000	540010	2275897123
900000	912704	500000	643166	2028440039
900000	9123440	5000000	540010	2276838761
900000	9305904	5100000	540012	2280057037
900000	9488368	5200000	540008	2285068646
900000	9670832	5300000	540012	2286143271
900000	9853280	5400000	540016	2290572173
900000	10035744	5500000	540008	2289119015
900000	10218208	5600000	540010	2289366021
900000	10400672	5700000	540018	2292698056
900000	10583136	5800000	540010	2294278569
900000	10765584	5900000	540004	2295659693
900000	1095152	600000	602436	2006793245
900000	10948048	6000000	540010	2301389862
900000	11130512	6100000	540006	2302636636
900000	11312976	6200000	540008	2302227766
900000	11495440	6300000	540002	2304597870
900000	11677904	6400000	540008	2303669005
900000	11860352	6500000	540006	2304683121
900000	12042816	6600000	540008	2308988929
900000	12225280	6700000	540002	2310630231
900000	12407744	6800000	540004	2310641805
900000	12590208	6900000	540006	2310014949
900000	1277616	700000	579876	2000753444
900000	12772656	7000000	540000	2313010129
900000	12955120	7100000	540000	2316703957
900000	13137584	7200000	540000	2315392419
900000	13320048	7300000	540006	2317264602
900000	13502512	7400000	540000	2317711409
900000	13684976	7500000	540000	2318668721
900000	13867424	7600000	540000	2319771162
900000	14049888	7700000	540002	2327841668
900000	14232352	7800000	540004	2322677008
900000	14414816	7900000	540002	2323860686
900000	1460080	800000	566026	2007111359
900000	14597280	8000000	540000	2324531998
900000	14779728	8100000	540000	2327475764
900000	14962192	8200000	540000	2342069244
900000	15144656	8300000	540000	2329146309
900000	15327120	8400000	540000	2330617382
900000	15509584	8500000	540002	2327629902
900000	15692032	8600000	540002	2335084501
900000	15874496	8700000	540000	2332953333
900000	16056960	8800000	540002	2331130830
900000	16239424	8900000	540000	2336187533
900000	1642544	900000	557842	2018180932
900000	16421888	9000000	540000	2334577208
900000	16604352	9100000	540000	2336565570
900000	16786800	9200000	540000	2338859837
900000	16969264	9300000	540002	2335943055
900000	17151728	9400000	540004	2339296413
900000	17334192	9500000	540000	2337813629
900000	17516656	9600000	540002	2342164010
900000	17699104	9700000	540000	2341092494
900000	17881568	9800000	540002	2342598743
900000	18064032	9900000	540000	2344688465
