1000000	182848	100000	0	196967426
1000000	1825008	1000000	0	196869732
1000000	18246496	10000000	0	197660555
1000000	2007456	1100000	0	197848086
1000000	2189920	1200000	0	196919961
1000000	2372384	1300000	0	197366514
1000000	2554848	1400000	0	196890044
1000000	2737312	1500000	0	196897180
1000000	2919776	1600000	0	196805690
1000000	3102224	1700000	0	196973876
1000000	3284688	1800000	0	196629816
1000000	3467152	1900000	0	196851907
1000000	365312	200000	0	197197955
1000000	3649616	2000000	0	197310500
1000000	3832080	2100000	0	196885376
1000000	4014528	2200000	0	196916441
1000000	4196992	2300000	0	196951620
1000000	4379456	2400000	0	196816184
1000000	4561920	2500000	0	197096750
1000000	4744384	2600000	0	197040544
1000000	4926832	2700000	0	197316301
1000000	5109296	2800000	0	196861437
1000000	5291760	2900000	0	196795613
1000000	547776	300000	0	197338401
1000000	5474224	3000000	0	197050928
1000000	5656688	3100000	0	197692036
1000000	5839152	3200000	0	197409808
1000000	6021600	3300000	0	197600477
1000000	6204064	3400000	0	196862236
1000000	6386528	3500000	0	196754552
1000000	6568992	3600000	0	198273768
1000000	6751456	3700000	0	196985054
1000000	6933904	3800000	0	197628995
1000000	7116368	3900000	0	197274592
1000000	730240	400000	0	197300774
1000000	7298832	4000000	0	196871426
1000000	7481296	4100000	0	197048106
1000000	7663760	4200000	0	197540796
1000000	7846208	4300000	0	196846011
1000000	8028672	4400000	0	197201770
1000000	8211136	4500000	0	197492198
1000000	8393600	4600000	0	197026108
1000000	8576064	4700000	0	196768374
1000000	8758528	4800000	0	197029120
1000000	8940976	4900000	0	196873862
1000000	912704	500000	0	196827003
1000000	9123440	5000000	0	196982676
1000000	9305904	5100000	0	196773720
1000000	9488368	5200000	0	196902842
1000000	9670832	5300000	0	197795472
1000000	9853280	5400000	0	197054729
1000000	10035744	5500000	0	197819848
1000000	10218208	5600000	0	197742918
1000000	10400672	5700000	0	198363646
1000000	10583136	5800000	0	197416645
1000000	10765584	5900000	0	197686690
1000000	1095152	600000	0	197258900
1000000	10948048	6000000	0	197465397
1000000	11130512	6100000	0	197263909
1000000	11312976	6200000	0	196731379
1000000	11495440	6300000	0	196978857
1000000	11677904	6400000	0	197540268
1000000	11860352	6500000	0	197591813
1000000	12042816	6600000	0	198043746
1000000	12225280	6700000	0	197148264
1000000	12407744	6800000	0	197337142
1000000	12590208	6900000	0	197173892
1000000	1277616	700000	0	197535602
1000000	12772656	7000000	0	197523873
1000000	12955120	7100000	0	198152600
1000000	13137584	7200000	0	196903059
1000000	13320048	7300000	0	197301600
1000000	13502512	7400000	0	200085174
1000000	13684976	7500000	0	198650397
1000000	13867424	7600000	0	197559423
1000000	14049888	7700000	0	198643414
1000000	14232352	7800000	0	197800045
1000000	14414816	7900000	0	198399232
1000000	1460080	800000	0	197692980
1000000	14597280	8000000	0	197316330
1000000	14779728	8100000	0	198204183
1000000	14962192	8200000	0	196672436
1000000	15144656	8300000	0	196883402
1000000	15327120	8400000	0	196880322
1000000	15509584	8500000	0	197172991
1000000	15692032	8600000	0	197013383
1000000	15874496	8700000	0	196958967
1000000	16056960	8800000	0	197445012
1000000	16239424	8900000	0	198980515
1000000	1642544	900000	0	197009809
1000000	16421888	9000000	0	196854638
1000000	16604352	9100000	0	196876530
1000000	16786800	9200000	0	197095269
1000000	16969264	9300000	0	197132634
1000000	17151728	9400000	0	199183418
1000000	17334192	9500000	0	197083711
1000000	17516656	9600000	0	197478682
1000000	17699104	9700000	0	197798484
1000000	17881568	9800000	0	197508890
1000000	18064032	9900000	0	196963458
100000	182848	100000	0	15169673
100000	1825008	1000000	0	15235908
100000	18246496	10000000	0	17436360
100000	2007456	1100000	0	15250666
100000	2189920	1200000	0	15262046
100000	2372384	1300000	0	15225481
100000	2554848	1400000	0	16952021
100000	2737312	1500000	0	17204235
100000	2919776	1600000	0	17012374
100000	3102224	1700000	0	17190627
100000	3284688	1800000	0	17173605
100000	3467152	1900000	0	15201035
100000	365312	200000	0	15179421
100000	3649616	2000000	0	17681170
100000	3832080	2100000	0	16856209
100000	4014528	2200000	0	19137406
100000	4196992	2300000	0	15216355
100000	4379456	2400000	0	16960784
100000	4561920	2500000	0	17232081
100000	4744384	2600000	0	15230156
100000	4926832	2700000	0	15225380
100000	5109296	2800000	0	17450145
100000	5291760	2900000	0	15546694
100000	547776	300000	0	15233801
100000	5474224	3000000	0	17697309
100000	5656688	3100000	0	16951068
100000	5839152	3200000	0	15784070
100000	6021600	3300000	0	16315769
100000	6204064	3400000	0	16003115
100000	6386528	3500000	0	15864765
100000	6568992	3600000	0	16823209
100000	6751456	3700000	0	15238482
100000	6933904	3800000	0	15256915
100000	7116368	3900000	0	16318195
100000	730240	400000	0	15178634
100000	7298832	4000000	0	17133034
100000	7481296	4100000	0	15240259
100000	7663760	4200000	0	17164865
100000	7846208	4300000	0	17664847
100000	8028672	4400000	0	16545976
100000	8211136	4500000	0	16233900
100000	8393600	4600000	0	15537070
100000	8576064	4700000	0	17204088
100000	8758528	4800000	0	17230572
100000	8940976	4900000	0	17669846
100000	912704	500000	0	15514288
100000	9123440	5000000	0	15254972
100000	9305904	5100000	0	17241625
100000	9488368	5200000	0	15233883
100000	9670832	5300000	0	16683868
100000	9853280	5400000	0	15238328
100000	10035744	5500000	0	16432816
100000	10218208	5600000	0	17902634
100000	10400672	5700000	0	17261400
100000	10583136	5800000	0	16554369
100000	10765584	5900000	0	15194858
100000	1095152	600000	0	15205125
100000	10948048	6000000	0	15431591
100000	11130512	6100000	0	15207897
100000	11312976	6200000	0	17398134
100000	11495440	6300000	0	16251615
100000	11677904	6400000	0	19212579
100000	11860352	6500000	0	16184855
100000	12042816	6600000	0	16187257
100000	12225280	6700000	0	16965592
100000	12407744	6800000	0	15333554
100000	12590208	6900000	0	16283476
100000	1277616	700000	0	15178474
100000	12772656	7000000	0	17396553
100000	12955120	7100000	0	19225075
100000	13137584	7200000	0	16058381
100000	13320048	7300000	0	17379904
100000	13502512	7400000	0	15104326
100000	13684976	7500000	0	17235075
100000	13867424	7600000	0	15098774
100000	14049888	7700000	0	16204037
100000	14232352	7800000	0	16213269
100000	14414816	7900000	0	17335510
100000	1460080	800000	0	17099962
100000	14597280	8000000	0	17311057
100000	14779728	8100000	0	17362513
100000	14962192	8200000	0	15204075
100000	15144656	8300000	0	16206729
100000	15327120	8400000	0	15067958
100000	15509584	8500000	0	16040509
100000	15692032	8600000	0	15759639
100000	15874496	8700000	0	15291049
100000	16056960	8800000	0	17319284
100000	16239424	8900000	0	15081590
100000	1642544	900000	0	17222208
100000	16421888	9000000	0	15109146
100000	16604352	9100000	0	17170212
100000	16786800	9200000	0	15309091
100000	16969264	9300000	0	15967023
100000	17151728	9400000	0	15081762
100000	17334192	9500000	0	17331141
100000	17516656	9600000	0	15220018
100000	17699104	9700000	0	15177117
100000	17881568	9800000	0	17350480
100000	18064032	9900000	0	16051502
200000	182848	100000	0	30862585
200000	1825008	1000000	0	30893091
200000	18246496	10000000	0	30858947
200000	2007456	1100000	0	32560240
200000	2189920	1200000	0	30891784
200000	2372384	1300000	0	30896455
200000	2554848	1400000	0	31387626
200000	2737312	1500000	0	31914080
200000	2919776	1600000	0	30818356
200000	3102224	1700000	0	31868357
200000	3284688	1800000	0	31607737
200000	3467152	1900000	0	30899575
200000	365312	200000	0	30891697
200000	3649616	2000000	0	30846731
200000	3832080	2100000	0	32999266
200000	4014528	2200000	0	30933848
200000	4196992	2300000	0	31546795
200000	4379456	2400000	0	30877844
200000	4561920	2500000	0	30860383
200000	4744384	2600000	0	30890245
200000	4926832	2700000	0	30918276
200000	5109296	2800000	0	30986055
200000	5291760	2900000	0	30998899
200000	547776	300000	0	31334515
200000	5474224	3000000	0	30877911
200000	5656688	3100000	0	30846547
200000	5839152	3200000	0	30877925
200000	6021600	3300000	0	30875615
200000	6204064	3400000	0	30894608
200000	6386528	3500000	0	31024052
200000	6568992	3600000	0	30885319
200000	6751456	3700000	0	32723742
200000	6933904	3800000	0	30905899
200000	7116368	3900000	0	30899158
200000	730240	400000	0	30867747
200000	7298832	4000000	0	31024599
200000	7481296	4100000	0	30876058
200000	7663760	4200000	0	31831070
200000	7846208	4300000	0	30874225
200000	8028672	4400000	0	30864720
200000	8211136	4500000	0	30872274
200000	8393600	4600000	0	30887527
200000	8576064	4700000	0	30865119
200000	8758528	4800000	0	30830992
200000	8940976	4900000	0	30871911
200000	912704	500000	0	30852385
200000	9123440	5000000	0	30874721
200000	9305904	5100000	0	30848146
200000	9488368	5200000	0	30943369
200000	9670832	5300000	0	31843957
200000	9853280	5400000	0	30888061
200000	10035744	5500000	0	30829617
200000	10218208	5600000	0	30868443
200000	10400672	5700000	0	31582983
200000	10583136	5800000	0	30959842
200000	10765584	5900000	0	30900452
200000	1095152	600000	0	30861443
200000	10948048	6000000	0	30884149
200000	11130512	6100000	0	30948945
200000	11312976	6200000	0	30873598
200000	11495440	6300000	0	30901055
200000	11677904	6400000	0	31874514
200000	11860352	6500000	0	31835965
200000	12042816	6600000	0	31179324
200000	12225280	6700000	0	31826181
200000	12407744	6800000	0	30891013
200000	12590208	6900000	0	31574895
200000	1277616	700000	0	32273470
200000	12772656	7000000	0	30863949
200000	12955120	7100000	0	30982360
200000	13137584	7200000	0	30876259
200000	13320048	7300000	0	31400293
200000	13502512	7400000	0	31754145
200000	13684976	7500000	0	30871314
200000	13867424	7600000	0	31773115
200000	14049888	7700000	0	30834544
200000	14232352	7800000	0	32541541
200000	14414816	7900000	0	30850216
200000	1460080	800000	0	30893448
200000	14597280	8000000	0	30955302
200000	14779728	8100000	0	31175338
200000	14962192	8200000	0	30882488
200000	15144656	8300000	0	31624612
200000	15327120	8400000	0	30871515
200000	15509584	8500000	0	31044332
200000	15692032	8600000	0	30890273
200000	15874496	8700000	0	30845760
200000	16056960	8800000	0	31803514
200000	16239424	8900000	0	31890756
200000	1642544	900000	0	30940561
200000	16421888	9000000	0	31567755
200000	16604352	9100000	0	31993618
200000	16786800	9200000	0	33777188
200000	16969264	9300000	0	31130855
200000	17151728	9400000	0	30890264
200000	17334192	9500000	0	31862527
200000	17516656	9600000	0	31395767
200000	17699104	9700000	0	31973522
200000	17881568	9800000	0	30884606
200000	18064032	9900000	0	31858999
300000	182848	100000	0	48594007
300000	1825008	1000000	0	48586938
300000	18246496	10000000	0	48517364
300000	2007456	1100000	0	48594091
300000	2189920	1200000	0	48538491
300000	2372384	1300000	0	48475236
300000	2554848	1400000	0	48746584
300000	2737312	1500000	0	48621671
300000	2919776	1600000	0	48618291
300000	3102224	1700000	0	48666638
300000	3284688	1800000	0	48469737
300000	3467152	1900000	0	48819372
300000	365312	200000	0	48569133
300000	3649616	2000000	0	48447609
300000	3832080	2100000	0	48581024
300000	4014528	2200000	0	48609886
300000	4196992	2300000	0	48822965
300000	4379456	2400000	0	48652272
300000	4561920	2500000	0	49710892
300000	4744384	2600000	0	48646432
300000	4926832	2700000	0	48578941
300000	5109296	2800000	0	48706957
300000	5291760	2900000	0	48509119
300000	547776	300000	0	48530219
300000	5474224	3000000	0	48818715
300000	5656688	3100000	0	48527374
300000	5839152	3200000	0	48537501
300000	6021600	3300000	0	48766220
300000	6204064	3400000	0	48494480
300000	6386528	3500000	0	48521005
300000	6568992	3600000	0	49307157
300000	6751456	3700000	0	48765058
300000	6933904	3800000	0	48719312
300000	7116368	3900000	0	48672777
300000	730240	400000	0	48530084
300000	7298832	4000000	0	48475164
300000	7481296	4100000	0	48532258
300000	7663760	4200000	0	48498302
300000	7846208	4300000	0	48783421
300000	8028672	4400000	0	51189273
300000	8211136	4500000	0	48593412
300000	8393600	4600000	0	48529779
300000	8576064	4700000	0	48561128
300000	8758528	4800000	0	50310555
300000	8940976	4900000	0	48547047
300000	912704	500000	0	48512171
300000	9123440	5000000	0	48574852
300000	9305904	5100000	0	48497659
300000	9488368	5200000	0	48591725
300000	9670832	5300000	0	48588486
300000	9853280	5400000	0	48569048
300000	10035744	5500000	0	48508344
300000	10218208	5600000	0	49532389
300000	10400672	5700000	0	48584936
300000	10583136	5800000	0	48653110
300000	10765584	5900000	0	48472246
300000	1095152	600000	0	48569957
300000	10948048	6000000	0	49445823
300000	11130512	6100000	0	48503630
300000	11312976	6200000	0	48506208
300000	11495440	6300000	0	48600404
300000	11677904	6400000	0	48816306
300000	11860352	6500000	0	48518543
300000	12042816	6600000	0	48527314
300000	12225280	6700000	0	48513638
300000	12407744	6800000	0	48488469
300000	12590208	6900000	0	48857829
300000	1277616	700000	0	48584097
300000	12772656	7000000	0	48546355
300000	12955120	7100000	0	49427085
300000	13137584	7200000	0	48813229
300000	13320048	7300000	0	48526346
300000	13502512	7400000	0	48554561
300000	13684976	7500000	0	48519640
300000	13867424	7600000	0	48536198
300000	14049888	7700000	0	48539051
300000	14232352	7800000	0	48576526
300000	14414816	7900000	0	49512139
300000	1460080	800000	0	48983362
300000	14597280	8000000	0	50727497
300000	14779728	8100000	0	49526433
300000	14962192	8200000	0	48546739
300000	15144656	8300000	0	48542702
300000	15327120	8400000	0	49224190
300000	15509584	8500000	0	48563771
300000	15692032	8600000	0	48546966
300000	15874496	8700000	0	48527252
300000	16056960	8800000	0	48521026
300000	16239424	8900000	0	48523408
300000	1642544	900000	0	48478865
300000	16421888	9000000	0	48580300
300000	16604352	9100000	0	49489034
300000	16786800	9200000	0	50539974
300000	16969264	9300000	0	49186791
300000	17151728	9400000	0	48816723
300000	17334192	9500000	0	48600987
300000	17516656	9600000	0	48581322
300000	17699104	9700000	0	48739724
300000	17881568	9800000	0	49520487
300000	18064032	9900000	0	48521415
400000	182848	100000	0	67614914
400000	1825008	1000000	0	67684384
400000	18246496	10000000	0	67721776
400000	2007456	1100000	0	67659457
400000	2189920	1200000	0	69554800
400000	2372384	1300000	0	67668295
400000	2554848	1400000	0	68059984
400000	2737312	1500000	0	67639157
400000	2919776	1600000	0	67652235
400000	3102224	1700000	0	67614612
400000	3284688	1800000	0	68007966
400000	3467152	1900000	0	67697972
400000	365312	200000	0	67582841
400000	3649616	2000000	0	67867328
400000	3832080	2100000	0	67695219
400000	4014528	2200000	0	67901649
400000	4196992	2300000	0	67610926
400000	4379456	2400000	0	67906600
400000	4561920	2500000	0	67560471
400000	4744384	2600000	0	69802092
400000	4926832	2700000	0	67594057
400000	5109296	2800000	0	67635142
400000	5291760	2900000	0	67768002
400000	547776	300000	0	67778986
400000	5474224	3000000	0	67834127
400000	5656688	3100000	0	67686250
400000	5839152	3200000	0	67872052
400000	6021600	3300000	0	67701771
400000	6204064	3400000	0	67696687
400000	6386528	3500000	0	67978020
400000	6568992	3600000	0	67772865
400000	6751456	3700000	0	68556919
400000	6933904	3800000	0	70770675
400000	7116368	3900000	0	67657919
400000	730240	400000	0	68004321
400000	7298832	4000000	0	67671699
400000	7481296	4100000	0	69125816
400000	7663760	4200000	0	67695550
400000	7846208	4300000	0	67821630
400000	8028672	4400000	0	67769947
400000	8211136	4500000	0	67696068
400000	8393600	4600000	0	68023282
400000	8576064	4700000	0	70000667
400000	8758528	4800000	0	67652297
400000	8940976	4900000	0	68616996
400000	912704	500000	0	67718265
400000	9123440	5000000	0	67635237
400000	9305904	5100000	0	67777818
400000	9488368	5200000	0	67635577
400000	9670832	5300000	0	68595497
400000	9853280	5400000	0	67641375
400000	10035744	5500000	0	67667427
400000	10218208	5600000	0	67663201
400000	10400672	5700000	0	67975281
400000	10583136	5800000	0	67603503
400000	10765584	5900000	0	67618011
400000	1095152	600000	0	67887956
400000	10948048	6000000	0	71602844
400000	11130512	6100000	0	68501230
400000	11312976	6200000	0	68466821
400000	11495440	6300000	0	67678912
400000	11677904	6400000	0	67774142
400000	11860352	6500000	0	67614610
400000	12042816	6600000	0	67889622
400000	12225280	6700000	0	67668868
400000	12407744	6800000	0	67751351
400000	12590208	6900000	0	68904236
400000	1277616	700000	0	67806526
400000	12772656	7000000	0	68552903
400000	12955120	7100000	0	67747494
400000	13137584	7200000	0	67693678
400000	13320048	7300000	0	67667587
400000	13502512	7400000	0	67629734
400000	13684976	7500000	0	68765093
400000	13867424	7600000	0	68872263
400000	14049888	7700000	0	67727313
400000	14232352	7800000	0	67933505
400000	14414816	7900000	0	67683968
400000	1460080	800000	0	67647845
400000	14597280	8000000	0	67620594
400000	14779728	8100000	0	68745284
400000	14962192	8200000	0	68525388
400000	15144656	8300000	0	68046563
400000	15327120	8400000	0	68199336
400000	15509584	8500000	0	68389555
400000	15692032	8600000	0	67742300
400000	15874496	8700000	0	69746186
400000	16056960	8800000	0	67710531
400000	16239424	8900000	0	67670739
400000	1642544	900000	0	67686962
400000	16421888	9000000	0	68573129
400000	16604352	9100000	0	67933132
400000	16786800	9200000	0	68529455
400000	16969264	9300000	0	67838364
400000	17151728	9400000	0	67691809
400000	17334192	9500000	0	68490639
400000	17516656	9600000	0	68302780
400000	17699104	9700000	0	67669258
400000	17881568	9800000	0	67731548
400000	18064032	9900000	0	68659910
500000	182848	100000	0	87973481
500000	1825008	1000000	0	88201454
500000	18246496	10000000	0	88267471
500000	2007456	1100000	0	87834194
500000	2189920	1200000	0	87873970
500000	2372384	1300000	0	88994500
500000	2554848	1400000	0	87982994
500000	2737312	1500000	0	88133927
500000	2919776	1600000	0	87986398
500000	3102224	1700000	0	88326733
500000	3284688	1800000	0	87852709
500000	3467152	1900000	0	88288074
500000	365312	200000	0	88196383
500000	3649616	2000000	0	87925476
500000	3832080	2100000	0	88184081
500000	4014528	2200000	0	88899470
500000	4196992	2300000	0	88060070
500000	4379456	2400000	0	87933746
500000	4561920	2500000	0	88238215
500000	4744384	2600000	0	87891304
500000	4926832	2700000	0	87958002
500000	5109296	2800000	0	88285787
500000	5291760	2900000	0	87913709
500000	547776	300000	0	87902958
500000	5474224	3000000	0	88262679
500000	5656688	3100000	0	88816538
500000	5839152	3200000	0	87835073
500000	6021600	3300000	0	87919099
500000	6204064	3400000	0	87847057
500000	6386528	3500000	0	87928269
500000	6568992	3600000	0	87896987
500000	6751456	3700000	0	88222565
500000	6933904	3800000	0	88258515
500000	7116368	3900000	0	87848864
500000	730240	400000	0	88133277
500000	7298832	4000000	0	87894388
500000	7481296	4100000	0	87856618
500000	7663760	4200000	0	87807900
500000	7846208	4300000	0	87977608
500000	8028672	4400000	0	88152796
500000	8211136	4500000	0	88020715
500000	8393600	4600000	0	88716096
500000	8576064	4700000	0	87928901
500000	8758528	4800000	0	89112524
500000	8940976	4900000	0	88190163
500000	912704	500000	0	89046818
500000	9123440	5000000	0	87859132
500000	9305904	5100000	0	88730406
500000	9488368	5200000	0	87895146
500000	9670832	5300000	0	88406180
500000	9853280	5400000	0	88179148
500000	10035744	5500000	0	88790904
500000	10218208	5600000	0	88796908
500000	10400672	5700000	0	88823356
500000	10583136	5800000	0	89863881
500000	10765584	5900000	0	87899565
500000	1095152	600000	0	87974781
500000	10948048	6000000	0	88020829
500000	11130512	6100000	0	87909176
500000	11312976	6200000	0	88694220
500000	11495440	6300000	0	88231704
500000	11677904	6400000	0	88620325
500000	11860352	6500000	0	88034266
500000	12042816	6600000	0	89514549
500000	12225280	6700000	0	88159393
500000	12407744	6800000	0	88546910
500000	12590208	6900000	0	87988530
500000	1277616	700000	0	87816480
500000	12772656	7000000	0	88109248
500000	12955120	7100000	0	88152908
500000	13137584	7200000	0	87998813
500000	13320048	7300000	0	88467871
500000	13502512	7400000	0	88129831
500000	13684976	7500000	0	87847154
500000	13867424	7600000	0	88252266
500000	14049888	7700000	0	88214138
500000	14232352	7800000	0	87901201
500000	14414816	7900000	0	88123075
500000	1460080	800000	0	88265632
500000	14597280	8000000	0	88000193
500000	14779728	8100000	0	88738670
500000	14962192	8200000	0	88949366
500000	15144656	8300000	0	88132401
500000	15327120	8400000	0	88480970
500000	15509584	8500000	0	87971355
500000	15692032	8600000	0	88369621
500000	15874496	8700000	0	87856455
500000	16056960	8800000	0	88684746
500000	16239424	8900000	0	88624069
500000	1642544	900000	0	88032313
500000	16421888	9000000	0	87955710
500000	16604352	9100000	0	88675390
500000	16786800	9200000	0	88115464
500000	16969264	9300000	0	88054880
500000	17151728	9400000	0	87813576
500000	17334192	9500000	0	88031451
500000	17516656	9600000	0	87956898
500000	17699104	9700000	0	87898866
500000	17881568	9800000	0	88211054
500000	18064032	9900000	0	88542039
600000	182848	100000	0	110043388
600000	1825008	1000000	0	110934078
600000	18246496	10000000	0	110417049
600000	2007456	1100000	0	111246581
600000	2189920	1200000	0	110177806
600000	2372384	1300000	0	110361621
600000	2554848	1400000	0	110131856
600000	2737312	1500000	0	110059783
600000	2919776	1600000	0	110238827
600000	3102224	1700000	0	110257266
600000	3284688	1800000	0	110252251
600000	3467152	1900000	0	110020670
600000	365312	200000	0	110231675
600000	3649616	2000000	0	110351091
600000	3832080	2100000	0	110070194
600000	4014528	2200000	0	110068577
600000	4196992	2300000	0	109993514
600000	4379456	2400000	0	110295901
600000	4561920	2500000	0	111001089
600000	4744384	2600000	0	110085346
600000	4926832	2700000	0	110361362
600000	5109296	2800000	0	110154540
600000	5291760	2900000	0	110200310
600000	547776	300000	0	110371475
600000	5474224	3000000	0	109978453
600000	5656688	3100000	0	110231793
600000	5839152	3200000	0	110286812
600000	6021600	3300000	0	111849151
600000	6204064	3400000	0	110139883
600000	6386528	3500000	0	110047900
600000	6568992	3600000	0	110452740
600000	6751456	3700000	0	110462121
600000	6933904	3800000	0	109934103
600000	7116368	3900000	0	110126448
600000	730240	400000	0	110405547
600000	7298832	4000000	0	110002485
600000	7481296	4100000	0	110426761
600000	7663760	4200000	0	110241849
600000	7846208	4300000	0	111215328
600000	8028672	4400000	0	110231535
600000	8211136	4500000	0	110793249
600000	8393600	4600000	0	110140620
600000	8576064	4700000	0	110004451
600000	8758528	4800000	0	110967699
600000	8940976	4900000	0	110189787
600000	912704	500000	0	111011623
600000	9123440	5000000	0	110216413
600000	9305904	5100000	0	110192391
600000	9488368	5200000	0	110130548
600000	9670832	5300000	0	109982751
600000	9853280	5400000	0	110061261
600000	10035744	5500000	0	110251765
600000	10218208	5600000	0	110965430
600000	10400672	5700000	0	111232513
600000	10583136	5800000	0	110136539
600000	10765584	5900000	0	110338676
600000	1095152	600000	0	110119363
600000	10948048	6000000	0	110581018
600000	11130512	6100000	0	110227858
600000	11312976	6200000	0	109974608
600000	11495440	6300000	0	110358435
600000	11677904	6400000	0	111113160
600000	11860352	6500000	0	110064425
600000	12042816	6600000	0	110222762
600000	12225280	6700000	0	110013523
600000	12407744	6800000	0	110159367
600000	12590208	6900000	0	110457194
600000	1277616	700000	0	111107582
600000	12772656	7000000	0	110994328
600000	12955120	7100000	0	110207928
600000	13137584	7200000	0	111219764
600000	13320048	7300000	0	113054113
600000	13502512	7400000	0	110203168
600000	13684976	7500000	0	110339354
600000	13867424	7600000	0	110002618
600000	14049888	7700000	0	110126255
600000	14232352	7800000	0	111355057
600000	14414816	7900000	0	110630775
600000	1460080	800000	0	109998032
600000	14597280	8000000	0	110827078
600000	14779728	8100000	0	110117253
600000	14962192	8200000	0	110842466
600000	15144656	8300000	0	111493119
600000	15327120	8400000	0	110522576
600000	15509584	8500000	0	110434409
600000	15692032	8600000	0	111163364
600000	15874496	8700000	0	110794360
600000	16056960	8800000	0	110343874
600000	16239424	8900000	0	110890182
600000	1642544	900000	0	110237710
600000	16421888	9000000	0	110829654
600000	16604352	9100000	0	110015755
600000	16786800	9200000	0	110044453
600000	16969264	9300000	0	110155277
600000	17151728	9400000	0	110411804
600000	17334192	9500000	0	110066686
600000	17516656	9600000	0	109970089
600000	17699104	9700000	0	111169448
600000	17881568	9800000	0	110114583
600000	18064032	9900000	0	110131758
700000	182848	100000	0	131839324
700000	1825008	1000000	0	131066549
700000	18246496	10000000	0	131001281
700000	2007456	1100000	0	131019672
700000	2189920	1200000	0	130929557
700000	2372384	1300000	0	130970452
700000	2554848	1400000	0	131053471
700000	2737312	1500000	0	131039231
700000	2919776	1600000	0	130989221
700000	3102224	1700000	0	131002966
700000	3284688	1800000	0	131909918
700000	3467152	1900000	0	130877648
700000	365312	200000	0	130847687
700000	3649616	2000000	0	130966462
700000	3832080	2100000	0	130793824
700000	4014528	2200000	0	131188783
700000	4196992	2300000	0	131154638
700000	4379456	2400000	0	135355043
700000	4561920	2500000	0	130831689
700000	4744384	2600000	0	131078878
700000	4926832	2700000	0	130964885
700000	5109296	2800000	0	132589654
700000	5291760	2900000	0	130992608
700000	547776	300000	0	131605154
700000	5474224	3000000	0	130894494
700000	5656688	3100000	0	130947227
700000	5839152	3200000	0	130916983
700000	6021600	3300000	0	130869198
700000	6204064	3400000	0	131371409
700000	6386528	3500000	0	131144293
700000	6568992	3600000	0	131096658
700000	6751456	3700000	0	130964373
700000	6933904	3800000	0	132161914
700000	7116368	3900000	0	131200788
700000	730240	400000	0	131362165
700000	7298832	4000000	0	131033758
700000	7481296	4100000	0	130793402
700000	7663760	4200000	0	131675003
700000	7846208	4300000	0	130888379
700000	8028672	4400000	0	130729609
700000	8211136	4500000	0	130942687
700000	8393600	4600000	0	132391975
700000	8576064	4700000	0	131061195
700000	8758528	4800000	0	130972081
700000	8940976	4900000	0	130875515
700000	912704	500000	0	131151204
700000	9123440	5000000	0	130887050
700000	9305904	5100000	0	131245218
700000	9488368	5200000	0	131653070
700000	9670832	5300000	0	130912000
700000	9853280	5400000	0	130793323
700000	10035744	5500000	0	130833383
700000	10218208	5600000	0	130899742
700000	10400672	5700000	0	131838718
700000	10583136	5800000	0	130708278
700000	10765584	5900000	0	132608376
700000	1095152	600000	0	130849962
700000	10948048	6000000	0	131835265
700000	11130512	6100000	0	130896372
700000	11312976	6200000	0	131959300
700000	11495440	6300000	0	130920095
700000	11677904	6400000	0	131639114
700000	11860352	6500000	0	131396916
700000	12042816	6600000	0	131027899
700000	12225280	6700000	0	130828208
700000	12407744	6800000	0	131042857
700000	12590208	6900000	0	132280763
700000	1277616	700000	0	130891752
700000	12772656	7000000	0	131150246
700000	12955120	7100000	0	131676948
700000	13137584	7200000	0	130971431
700000	13320048	7300000	0	131069444
700000	13502512	7400000	0	130779723
700000	13684976	7500000	0	131230233
700000	13867424	7600000	0	131278190
700000	14049888	7700000	0	131604879
700000	14232352	7800000	0	131169779
700000	14414816	7900000	0	131676817
700000	1460080	800000	0	131971700
700000	14597280	8000000	0	131232542
700000	14779728	8100000	0	131869972
700000	14962192	8200000	0	131104806
700000	15144656	8300000	0	131590283
700000	15327120	8400000	0	132577054
700000	15509584	8500000	0	130911550
700000	15692032	8600000	0	132483490
700000	15874496	8700000	0	131202131
700000	16056960	8800000	0	130865033
700000	16239424	8900000	0	131324771
700000	1642544	900000	0	130749710
700000	16421888	9000000	0	130898444
700000	16604352	9100000	0	131223142
700000	16786800	9200000	0	130896598
700000	16969264	9300000	0	130799273
700000	17151728	9400000	0	131259641
700000	17334192	9500000	0	131642572
700000	17516656	9600000	0	131132727
700000	17699104	9700000	0	131280402
700000	17881568	9800000	0	130784689
700000	18064032	9900000	0	131213511
800000	182848	100000	0	152726302
800000	1825008	1000000	0	152174996
800000	18246496	10000000	0	152247329
800000	2007456	1100000	0	152286796
800000	2189920	1200000	0	153459141
800000	2372384	1300000	0	152141912
800000	2554848	1400000	0	153134267
800000	2737312	1500000	0	152920578
800000	2919776	1600000	0	152088772
800000	3102224	1700000	0	152556316
800000	3284688	1800000	0	153098297
800000	3467152	1900000	0	153821547
800000	365312	200000	0	153261764
800000	3649616	2000000	0	152090666
800000	3832080	2100000	0	152565050
800000	4014528	2200000	0	152288756
800000	4196992	2300000	0	152152548
800000	4379456	2400000	0	152120139
800000	4561920	2500000	0	152199468
800000	4744384	2600000	0	152465790
800000	4926832	2700000	0	152272947
800000	5109296	2800000	0	152481754
800000	5291760	2900000	0	152229959
800000	547776	300000	0	152339913
800000	5474224	3000000	0	152142902
800000	5656688	3100000	0	152387883
800000	5839152	3200000	0	152382541
800000	6021600	3300000	0	152108403
800000	6204064	3400000	0	152254127
800000	6386528	3500000	0	152278182
800000	6568992	3600000	0	152152541
800000	6751456	3700000	0	152734289
800000	6933904	3800000	0	152446992
800000	7116368	3900000	0	153422856
800000	730240	400000	0	152238981
800000	7298832	4000000	0	152297102
800000	7481296	4100000	0	153436013
800000	7663760	4200000	0	152152652
800000	7846208	4300000	0	152157895
800000	8028672	4400000	0	152238132
800000	8211136	4500000	0	152238267
800000	8393600	4600000	0	152642966
800000	8576064	4700000	0	152652201
800000	8758528	4800000	0	153288700
800000	8940976	4900000	0	152052098
800000	912704	500000	0	152343353
800000	9123440	5000000	0	152443761
800000	9305904	5100000	0	153031828
800000	9488368	5200000	0	152423698
800000	9670832	5300000	0	153556764
800000	9853280	5400000	0	153885582
800000	10035744	5500000	0	153449190
800000	10218208	5600000	0	152445579
800000	10400672	5700000	0	152749023
800000	10583136	5800000	0	152418772
800000	10765584	5900000	0	153774418
800000	1095152	600000	0	152216802
800000	10948048	6000000	0	152298102
800000	11130512	6100000	0	152431227
800000	11312976	6200000	0	152199263
800000	11495440	6300000	0	152376076
800000	11677904	6400000	0	152857477
800000	11860352	6500000	0	152354135
800000	12042816	6600000	0	152394078
800000	12225280	6700000	0	152139979
800000	12407744	6800000	0	152917682
800000	12590208	6900000	0	153638764
800000	1277616	700000	0	152834251
800000	12772656	7000000	0	152487231
800000	12955120	7100000	0	152900630
800000	13137584	7200000	0	152072814
800000	13320048	7300000	0	152411420
800000	13502512	7400000	0	152119728
800000	13684976	7500000	0	153098556
800000	13867424	7600000	0	152303488
800000	14049888	7700000	0	152379444
800000	14232352	7800000	0	153314076
800000	14414816	7900000	0	152125060
800000	1460080	800000	0	152348055
800000	14597280	8000000	0	152274455
800000	14779728	8100000	0	153867450
800000	14962192	8200000	0	152850431
800000	15144656	8300000	0	152393718
800000	15327120	8400000	0	152149982
800000	15509584	8500000	0	153232002
800000	15692032	8600000	0	152262674
800000	15874496	8700000	0	152654317
800000	16056960	8800000	0	152170694
800000	16239424	8900000	0	152433396
800000	1642544	900000	0	152864147
800000	16421888	9000000	0	152315805
800000	16604352	9100000	0	152503305
800000	16786800	9200000	0	152847972
800000	16969264	9300000	0	152987881
800000	17151728	9400000	0	152340740
800000	17334192	9500000	0	152120881
800000	17516656	9600000	0	152420594
800000	17699104	9700000	0	152825576
800000	17881568	9800000	0	153887887
800000	18064032	9900000	0	153137104
900000	182848	100000	0	176287840
900000	1825008	1000000	0	175014083
900000	18246496	10000000	0	174858702
900000	2007456	1100000	0	175621890
900000	2189920	1200000	0	174804678
900000	2372384	1300000	0	174652505
900000	2554848	1400000	0	174808439
900000	2737312	1500000	0	174916945
900000	2919776	1600000	0	174742732
900000	3102224	1700000	0	174861034
900000	3284688	1800000	0	175558988
900000	3467152	1900000	0	175855562
900000	365312	200000	0	175606140
900000	3649616	2000000	0	174675876
900000	3832080	2100000	0	174822418
900000	4014528	2200000	0	174801853
900000	4196992	2300000	0	174910178
900000	4379456	2400000	0	174727920
900000	4561920	2500000	0	175157499
900000	4744384	2600000	0	175616853
900000	4926832	2700000	0	175398954
900000	5109296	2800000	0	174780366
900000	5291760	2900000	0	174763828
900000	547776	300000	0	174620729
900000	5474224	3000000	0	174781931
900000	5656688	3100000	0	175015378
900000	5839152	3200000	0	174618341
900000	6021600	3300000	0	174977501
900000	6204064	3400000	0	174857055
900000	6386528	3500000	0	175269700
900000	6568992	3600000	0	174766140
900000	6751456	3700000	0	174746058
900000	6933904	3800000	0	175655658
900000	7116368	3900000	0	175586162
900000	730240	400000	0	174612700
900000	7298832	4000000	0	175010177
900000	7481296	4100000	0	175001716
900000	7663760	4200000	0	174706511
900000	7846208	4300000	0	174703220
900000	8028672	4400000	0	174651468
900000	8211136	4500000	0	176753169
900000	8393600	4600000	0	175161875
900000	8576064	4700000	0	175805133
900000	8758528	4800000	0	176082322
900000	8940976	4900000	0	176153663
900000	912704	500000	0	175598303
900000	9123440	5000000	0	174814484
900000	9305904	5100000	0	174875692
900000	9488368	5200000	0	174865124
900000	9670832	5300000	0	175639192
900000	9853280	5400000	0	175725797
900000	10035744	5500000	0	174988870
900000	10218208	5600000	0	174670793
900000	10400672	5700000	0	176692430
900000	10583136	5800000	0	175148558
900000	10765584	5900000	0	175115643
900000	1095152	600000	0	174856690
900000	10948048	6000000	0	175698679
900000	11130512	6100000	0	174856885
900000	11312976	6200000	0	174783739
900000	11495440	6300000	0	174543705
900000	11677904	6400000	0	175548673
900000	11860352	6500000	0	175033898
900000	12042816	6600000	0	175659887
900000	12225280	6700000	0	174860591
900000	12407744	6800000	0	176348254
900000	12590208	6900000	0	174882636
900000	1277616	700000	0	175583944
900000	12772656	7000000	0	174709867
900000	12955120	7100000	0	179583181
900000	13137584	7200000	0	175684187
900000	13320048	7300000	0	175035112
900000	13502512	7400000	0	175893975
900000	13684976	7500000	0	175629601
900000	13867424	7600000	0	175947575
900000	14049888	7700000	0	174620443
900000	14232352	7800000	0	174910851
900000	14414816	7900000	0	174977350
900000	1460080	800000	0	174646915
900000	14597280	8000000	0	175618358
900000	14779728	8100000	0	174547122
900000	14962192	8200000	0	174707736
900000	15144656	8300000	0	174783483
900000	15327120	8400000	0	174639228
900000	15509584	8500000	0	174712994
900000	15692032	8600000	0	174701457
900000	15874496	8700000	0	176433125
900000	16056960	8800000	0	174497046
900000	16239424	8900000	0	175603825
900000	1642544	900000	0	174700721
900000	16421888	9000000	0	174587060
900000	16604352	9100000	0	175010797
900000	16786800	9200000	0	174530790
900000	16969264	9300000	0	177688331
900000	17151728	9400000	0	175128331
900000	17334192	9500000	0	174857086
900000	17516656	9600000	0	174779047
900000	17699104	9700000	0	175659661
900000	17881568	9800000	0	174917202
900000	18064032	9900000	0	175557395
