1000000	18246496	10000000	1000000	3065984968
1000000	182461408	100000000	1000000	3549463846
1000000	36492592	20000000	1000000	3100934593
1000000	54738704	30000000	1000000	3500720311
1000000	72984800	40000000	1000000	3145802602
1000000	91230896	50000000	1000000	3534311292
1000000	109477008	60000000	1000000	3524749003
1000000	127723104	70000000	1000000	3563704986
1000000	145969216	80000000	1000000	3550971633
1000000	164215312	90000000	1000000	3576322478
100000	1825008	1000000	100000	636740769
100000	18246496	10000000	100000	284427450
100000	3649616	2000000	100000	258762734
100000	5474224	3000000	100000	267248402
100000	7298832	4000000	100000	274082714
100000	9123440	5000000	100000	276543949
100000	10948048	6000000	100000	279494507
100000	12772656	7000000	100000	281288606
100000	14597280	8000000	100000	282494324
100000	16421888	9000000	100000	283541442
200000	18246496	10000000	200000	573618304
200000	21895712	12000000	200000	575844755
200000	25544928	14000000	200000	577979921
200000	29194160	16000000	200000	579601265
200000	32843376	18000000	200000	580580952
200000	3649616	2000000	200000	523684162
200000	36492592	20000000	200000	582960611
200000	7298832	4000000	200000	550798990
200000	10948048	6000000	200000	563137398
200000	14597280	8000000	200000	568533491
300000	21895712	12000000	300000	869622688
300000	27369552	15000000	300000	873644553
300000	32843376	18000000	300000	877401718
300000	38317200	21000000	300000	880568112
300000	43791040	24000000	300000	881377292
300000	49264864	27000000	300000	882533014
300000	5474224	3000000	300000	818699242
300000	54738704	30000000	300000	882951089
300000	10948048	6000000	300000	849623615
300000	16421888	9000000	300000	860963262
400000	21895712	12000000	400000	1159113912
400000	29194160	16000000	400000	1167013232
400000	36492592	20000000	400000	1172876666
400000	43791040	24000000	400000	1174388050
400000	51089472	28000000	400000	1178549163
400000	58387920	32000000	400000	1179706105
400000	65686352	36000000	400000	1179934862
400000	7298832	4000000	400000	1111262404
400000	72984800	40000000	400000	1181636845
400000	14597280	8000000	400000	1146579812
500000	18246496	10000000	500000	1450208474
500000	27369552	15000000	500000	1463992658
500000	36492592	20000000	500000	1471754889
500000	45615648	25000000	500000	1476425421
500000	54738704	30000000	500000	1480962732
500000	63861744	35000000	500000	1479836194
500000	72984800	40000000	500000	1483153060
500000	82107856	45000000	500000	1485831677
500000	9123440	5000000	500000	1415847425
500000	91230896	50000000	500000	1488461348
600000	21895712	12000000	600000	1743295968
600000	32843376	18000000	600000	1760413769
600000	43791040	24000000	600000	1768296136
600000	54738704	30000000	600000	1773348746
600000	65686352	36000000	600000	1774811710
600000	76634016	42000000	600000	1777316000
600000	87581680	48000000	600000	1781784557
600000	98529344	54000000	600000	1784374646
600000	10948048	6000000	600000	1709633103
600000	109477008	60000000	600000	1786517447
700000	25544928	14000000	700000	2279699837
700000	38317200	21000000	700000	2278121492
700000	51089472	28000000	700000	2275889547
700000	63861744	35000000	700000	2287047795
700000	76634016	42000000	700000	2271928247
700000	89406288	49000000	700000	2270305019
700000	102178560	56000000	700000	2277742058
700000	114950832	63000000	700000	2266291282
700000	12772656	7000000	700000	2255578822
700000	127723104	70000000	700000	2263218216
800000	29194160	16000000	800000	2529085869
800000	43791040	24000000	800000	2550699193
800000	58387920	32000000	800000	2560330914
800000	72984800	40000000	800000	2563171406
800000	87581680	48000000	800000	2572118813
800000	102178560	56000000	800000	2565008250
800000	116775440	64000000	800000	2564386745
800000	131372320	72000000	800000	2571735915
800000	14597280	8000000	800000	2483475446
800000	145969216	80000000	800000	2572213334
900000	32843376	18000000	900000	2822492127
900000	49264864	27000000	900000	2838836287
900000	65686352	36000000	900000	2851925458
900000	82107856	45000000	900000	2861175162
900000	98529344	54000000	900000	2856706270
900000	114950832	63000000	900000	2855525435
900000	131372320	72000000	900000	2858954296
900000	147793824	81000000	900000	2861572891
900000	16421888	9000000	900006	2768931545
900000	164215312	90000000	900000	3230303553
