1000000	18246496	10000000	0	8708410359	100000
1000000	18246496	10000000	0	2331737779	10000
1000000	18246496	10000000	0	3019517563	20000
1000000	18246496	10000000	0	3712445409	30000
1000000	18246496	10000000	0	4392807287	40000
1000000	18246496	10000000	0	5155016557	50000
1000000	18246496	10000000	0	5839958725	60000
1000000	18246496	10000000	0	6514866233	70000
1000000	18246496	10000000	0	7277764388	80000
1000000	18246496	10000000	0	7973895084	90000
100000	1825008	1000000	0	818970328	100000
100000	1825008	1000000	0	1794481609	10000
100000	1825008	1000000	0	2562100578	20000
100000	1825008	1000000	0	322429009	30000
100000	1825008	1000000	0	392754615	40000
100000	1825008	1000000	0	463943031	50000
100000	1825008	1000000	0	534720065	60000
100000	1825008	1000000	0	605165101	70000
100000	1825008	1000000	0	675779591	80000
100000	1825008	1000000	0	746683881	90000
200000	3649616	2000000	0	1696498973	100000
200000	3649616	2000000	0	394469349	10000
200000	3649616	2000000	0	535751458	20000
200000	3649616	2000000	0	678525296	30000
200000	3649616	2000000	0	819098716	40000
200000	3649616	2000000	0	959899855	50000
200000	3649616	2000000	0	1102188225	60000
200000	3649616	2000000	0	1243275288	70000
200000	3649616	2000000	0	1384354969	80000
200000	3649616	2000000	0	1529873593	90000
300000	5474224	3000000	2	2530488359	100000
300000	5474224	3000000	2	630198849	10000
300000	5474224	3000000	2	841110086	20000
300000	5474224	3000000	2	1047287179	30000
300000	5474224	3000000	2	1259176596	40000
300000	5474224	3000000	2	1475504571	50000
300000	5474224	3000000	2	1685270673	60000
300000	5474224	3000000	2	1901764697	70000
300000	5474224	3000000	2	2108797462	80000
300000	5474224	3000000	2	2354117097	90000
400000	7298832	4000000	0	3405771246	100000
400000	7298832	4000000	0	855253965	10000
400000	7298832	4000000	0	1138066089	20000
400000	7298832	4000000	0	1427415895	30000
400000	7298832	4000000	0	1703599636	40000
400000	7298832	4000000	0	1989793936	50000
400000	7298832	4000000	0	2268469510	60000
400000	7298832	4000000	0	2557370063	70000
400000	7298832	4000000	0	2837497775	80000
400000	7298832	4000000	0	3124789127	90000
500000	9123440	5000000	0	4269687019	100000
500000	9123440	5000000	0	1094169829	10000
500000	9123440	5000000	0	1450385791	20000
500000	9123440	5000000	0	1808161241	30000
500000	9123440	5000000	0	2150314100	40000
500000	9123440	5000000	0	2508685001	50000
500000	9123440	5000000	0	2868618414	60000
500000	9123440	5000000	0	3211001174	70000
500000	9123440	5000000	0	3562394860	80000
500000	9123440	5000000	0	3923449475	90000
600000	10948048	6000000	0	5144670514	100000
600000	10948048	6000000	0	1340087763	10000
600000	10948048	6000000	0	1755131073	20000
600000	10948048	6000000	0	2180280538	30000
600000	10948048	6000000	0	2651213275	40000
600000	10948048	6000000	0	3026304995	50000
600000	10948048	6000000	0	3457850889	60000
600000	10948048	6000000	0	3871257461	70000
600000	10948048	6000000	0	4362690438	80000
600000	10948048	6000000	0	4729785462	90000
700000	12772656	7000000	2	6014987011	100000
700000	12772656	7000000	2	1570207329	10000
700000	12772656	7000000	2	2057680298	20000
700000	12772656	7000000	2	2561629659	30000
700000	12772656	7000000	2	3044711236	40000
700000	12772656	7000000	2	3549676813	50000
700000	12772656	7000000	2	4032967854	60000
700000	12772656	7000000	2	4544976374	70000
700000	12772656	7000000	2	5040247858	80000
700000	12772656	7000000	2	5526214040	90000
800000	14597280	8000000	0	6890263993	100000
800000	14597280	8000000	0	1838395571	10000
800000	14597280	8000000	0	2376308909	20000
800000	14597280	8000000	0	2930129001	30000
800000	14597280	8000000	0	3511332712	40000
800000	14597280	8000000	0	4074994667	50000
800000	14597280	8000000	0	4637884734	60000
800000	14597280	8000000	0	5192969281	70000
800000	14597280	8000000	0	5769518232	80000
800000	14597280	8000000	0	6409769228	90000
900000	16421888	9000000	4	7760705505	100000
900000	16421888	9000000	4	2048788065	10000
900000	16421888	9000000	4	2678357647	20000
900000	16421888	9000000	4	3428539399	30000
900000	16421888	9000000	4	4110774230	40000
900000	16421888	9000000	4	4585465692	50000
900000	16421888	9000000	4	5330899215	60000
900000	16421888	9000000	4	5867716145	70000
900000	16421888	9000000	4	6485811327	80000
900000	16421888	9000000	4	7237967452	90000
