1000000	8388784	7181379339	0	100000
1000000	8388784	821576111	0	10000
1000000	8388784	1525143285	0	20000
1000000	8388784	2325121840	0	30000
1000000	8388784	2938524461	0	40000
1000000	8388784	3645456431	0	50000
1000000	8388784	4353089840	0	60000
1000000	8388784	5060683821	0	70000
1000000	8388784	5773720672	0	80000
1000000	8388784	6472824912	0	90000
100000	1048752	715423912	0	100000
100000	1048752	80477407	0	10000
100000	1048752	150057132	0	20000
100000	1048752	220919397	0	30000
100000	1048752	291443596	0	40000
100000	1048752	362071967	0	50000
100000	1048752	432799606	0	60000
100000	1048752	503523430	0	70000
100000	1048752	574025457	0	80000
100000	1048752	644773325	0	90000
200000	2097328	1431184015	0	100000
200000	2097328	159210389	0	10000
200000	2097328	301874074	0	20000
200000	2097328	442032388	0	30000
200000	2097328	583349585	0	40000
200000	2097328	724641749	0	50000
200000	2097328	865787697	0	60000
200000	2097328	1007376160	0	70000
200000	2097328	1148605511	0	80000
200000	2097328	1290008625	0	90000
300000	4194480	2148394463	0	100000
300000	4194480	239639232	0	10000
300000	4194480	451900717	0	20000
300000	4194480	663774000	0	30000
300000	4194480	875852967	0	40000
300000	4194480	1087732702	0	50000
300000	4194480	1300289763	0	60000
300000	4194480	1512253037	0	70000
300000	4194480	1724006290	0	80000
300000	4194480	1938699249	0	90000
400000	4194480	2866672160	0	100000
400000	4194480	320931064	0	10000
400000	4194480	604189150	0	20000
400000	4194480	978584059	0	30000
400000	4194480	1169201579	0	40000
400000	4194480	1451908710	0	50000
400000	4194480	1734642211	0	60000
400000	4194480	2017512632	0	70000
400000	4194480	2300683828	0	80000
400000	4194480	2583945351	0	90000
500000	4194480	3585732003	0	100000
500000	4194480	406419592	0	10000
500000	4194480	755951953	0	20000
500000	4194480	1109504039	0	30000
500000	4194480	1469147833	0	40000
500000	4194480	1816293490	0	50000
500000	4194480	2170156742	0	60000
500000	4194480	2523089791	0	70000
500000	4194480	2877476596	0	80000
500000	4194480	3230329021	0	90000
600000	8388784	4304071922	0	100000
600000	8388784	488663635	0	10000
600000	8388784	909475458	0	20000
600000	8388784	1333730722	0	30000
600000	8388784	2261500991	0	40000
600000	8388784	2190787133	0	50000
600000	8388784	2605978630	0	60000
600000	8388784	3030125455	0	70000
600000	8388784	3454057013	0	80000
600000	8388784	3882365404	0	90000
700000	8388784	5020767805	0	100000
700000	8388784	568045474	0	10000
700000	8388784	1063149036	0	20000
700000	8388784	1557718212	0	30000
700000	8388784	2052221759	0	40000
700000	8388784	2547315752	0	50000
700000	8388784	3041658080	0	60000
700000	8388784	3538282351	0	70000
700000	8388784	4034283137	0	80000
700000	8388784	4526461255	0	90000
800000	8388784	5742722526	0	100000
800000	8388784	650880460	0	10000
800000	8388784	1216241675	0	20000
800000	8388784	1782500619	0	30000
800000	8388784	2347852884	0	40000
800000	8388784	2913181837	0	50000
800000	8388784	3483800893	0	60000
800000	8388784	4044230223	0	70000
800000	8388784	4609389452	0	80000
800000	8388784	5178215558	0	90000
900000	8388784	6461309853	0	100000
900000	8388784	811942049	0	10000
900000	8388784	1371234633	0	20000
900000	8388784	2007001742	0	30000
900000	8388784	2643545296	0	40000
900000	8388784	3279677946	0	50000
900000	8388784	3918028067	0	60000
900000	8388784	4554920080	0	70000
900000	8388784	5187398678	0	80000
900000	8388784	5824113272	0	90000
