1000000	192	7178643990	0	100000
1000000	192	818830362	0	10000
1000000	192	1524184983	0	20000
1000000	192	2234270497	0	30000
1000000	192	2938595463	0	40000
1000000	192	3645247516	0	50000
1000000	192	4362423446	0	60000
1000000	192	5218759149	0	70000
1000000	192	5945552115	0	80000
1000000	192	6475468264	0	90000
100000	192	715223717	0	100000
100000	192	80830614	0	10000
100000	192	150083506	0	20000
100000	192	220668322	0	30000
100000	192	291279829	0	40000
100000	192	361962354	0	50000
100000	192	432693022	0	60000
100000	192	503263084	0	70000
100000	192	574044958	0	80000
100000	192	647540910	0	90000
200000	192	1430776058	0	100000
200000	192	159214438	0	10000
200000	192	300244798	0	20000
200000	192	441639660	0	30000
200000	192	583194018	0	40000
200000	192	724304931	0	50000
200000	192	865430655	0	60000
200000	192	1008179329	0	70000
200000	192	1148420801	0	80000
200000	192	1289592673	0	90000
300000	192	2147706128	0	100000
300000	192	240804017	0	10000
300000	192	451203083	0	20000
300000	192	663169804	0	30000
300000	192	875662551	0	40000
300000	192	1087373914	0	50000
300000	192	1299746461	0	60000
300000	192	1514490889	0	70000
300000	192	1724415823	0	80000
300000	192	1935637401	0	90000
400000	192	2867819743	0	100000
400000	192	413029809	0	10000
400000	192	603184525	0	20000
400000	192	886093944	0	30000
400000	192	1172577490	0	40000
400000	192	1451590079	0	50000
400000	192	1734069382	0	60000
400000	192	2021414211	0	70000
400000	192	2299683468	0	80000
400000	192	2585977957	0	90000
500000	192	3585416698	0	100000
500000	192	402884864	0	10000
500000	192	756183784	0	20000
500000	192	1112571763	0	30000
500000	192	1463024607	0	40000
500000	192	1816544583	0	50000
500000	192	2169478880	0	60000
500000	192	2527451760	0	70000
500000	192	2876017624	0	80000
500000	192	3232902638	0	90000
600000	192	4305237433	0	100000
600000	192	492144107	0	10000
600000	192	908827052	0	20000
600000	192	1333753132	0	30000
600000	192	1853098778	0	40000
600000	192	2182029202	0	50000
600000	192	2605860758	0	60000
600000	192	3032256837	0	70000
600000	192	3453431328	0	80000
600000	192	3881507787	0	90000
700000	192	5027588629	0	100000
700000	192	570513927	0	10000
700000	192	1062597071	0	20000
700000	192	1556994661	0	30000
700000	192	2063298168	0	40000
700000	192	2569653830	0	50000
700000	192	3044988955	0	60000
700000	192	3538380164	0	70000
700000	192	4032028625	0	80000
700000	192	4527007786	0	90000
800000	192	5741400908	0	100000
800000	192	802610996	0	10000
800000	192	1216839329	0	20000
800000	192	1786520634	0	30000
800000	192	2349980612	0	40000
800000	192	2913697084	0	50000
800000	192	3481090024	0	60000
800000	192	4043404936	0	70000
800000	192	4610965914	0	80000
800000	192	5176631299	0	90000
900000	192	6460990214	0	100000
900000	192	738823425	0	10000
900000	192	1370538552	0	20000
900000	192	2017102962	0	30000
900000	192	2642601902	0	40000
900000	192	3370299624	0	50000
900000	192	3917335595	0	60000
900000	192	4554541166	0	70000
900000	192	5196839697	0	80000
900000	192	5826539210	0	90000
