1000000	18246496	10000000	0	7181640852	100000
1000000	18246496	10000000	0	817831716	10000
1000000	18246496	10000000	0	1528183373	20000
1000000	18246496	10000000	0	2231612684	30000
1000000	18246496	10000000	0	2943176165	40000
1000000	18246496	10000000	0	3651286941	50000
1000000	18246496	10000000	0	4353717230	60000
1000000	18246496	10000000	0	5153153251	70000
1000000	18246496	10000000	0	5767636008	80000
1000000	18246496	10000000	0	6474125665	90000
100000	1825008	1000000	0	715390457	100000
100000	1825008	1000000	0	82959942	10000
100000	1825008	1000000	0	150177383	20000
100000	1825008	1000000	0	220841528	30000
100000	1825008	1000000	0	291527135	40000
100000	1825008	1000000	0	362046782	50000
100000	1825008	1000000	0	435535879	60000
100000	1825008	1000000	0	503454266	70000
100000	1825008	1000000	0	574125703	80000
100000	1825008	1000000	0	644760927	90000
200000	3649616	2000000	0	1431190464	100000
200000	3649616	2000000	0	191301496	10000
200000	3649616	2000000	0	301238541	20000
200000	3649616	2000000	0	441907029	30000
200000	3649616	2000000	0	583325919	40000
200000	3649616	2000000	0	724670079	50000
200000	3649616	2000000	0	865811951	60000
200000	3649616	2000000	0	1007286834	70000
200000	3649616	2000000	0	1148623075	80000
200000	3649616	2000000	0	1289916721	90000
300000	5474224	3000000	0	2149740082	100000
300000	5474224	3000000	0	239372327	10000
300000	5474224	3000000	0	451639392	20000
300000	5474224	3000000	0	663926327	30000
300000	5474224	3000000	0	875801971	40000
300000	5474224	3000000	0	1087663415	50000
300000	5474224	3000000	0	1299926416	60000
300000	5474224	3000000	0	1512006203	70000
300000	5474224	3000000	0	1724425599	80000
300000	5474224	3000000	0	1935687062	90000
400000	7298832	4000000	0	2865237874	100000
400000	7298832	4000000	0	325573171	10000
400000	7298832	4000000	0	603562654	20000
400000	7298832	4000000	0	886458528	30000
400000	7298832	4000000	0	1169297507	40000
400000	7298832	4000000	0	1452033252	50000
400000	7298832	4000000	0	1745759844	60000
400000	7298832	4000000	0	2020799372	70000
400000	7298832	4000000	0	2302440313	80000
400000	7298832	4000000	0	2582618174	90000
500000	9123440	5000000	0	3583337287	100000
500000	9123440	5000000	0	404458001	10000
500000	9123440	5000000	0	774627377	20000
500000	9123440	5000000	0	1109293447	30000
500000	9123440	5000000	0	1463487712	40000
500000	9123440	5000000	0	1816732868	50000
500000	9123440	5000000	0	2172049793	60000
500000	9123440	5000000	0	2525710910	70000
500000	9123440	5000000	0	2879699295	80000
500000	9123440	5000000	0	3229997934	90000
600000	10948048	6000000	0	4306506786	100000
600000	10948048	6000000	0	487907503	10000
600000	10948048	6000000	0	910224180	20000
600000	10948048	6000000	0	1334763775	30000
600000	10948048	6000000	0	1757301972	40000
600000	10948048	6000000	0	2182180950	50000
600000	10948048	6000000	0	2609949551	60000
600000	10948048	6000000	0	3030428479	70000
600000	10948048	6000000	0	3453687023	80000
600000	10948048	6000000	0	3877668930	90000
700000	12772656	7000000	0	5020509517	100000
700000	12772656	7000000	0	638178899	10000
700000	12772656	7000000	0	1157171884	20000
700000	12772656	7000000	0	1558737085	30000
700000	12772656	7000000	0	2052216504	40000
700000	12772656	7000000	0	2547414858	50000
700000	12772656	7000000	0	3041821783	60000
700000	12772656	7000000	0	3537343963	70000
700000	12772656	7000000	0	4031472152	80000
700000	12772656	7000000	0	4526728067	90000
800000	14597280	8000000	0	5740623959	100000
800000	14597280	8000000	0	663121334	10000
800000	14597280	8000000	0	1308702835	20000
800000	14597280	8000000	0	1781999345	30000
800000	14597280	8000000	0	2347715768	40000
800000	14597280	8000000	0	2915035804	50000
800000	14597280	8000000	0	3481308624	60000
800000	14597280	8000000	0	4044050144	70000
800000	14597280	8000000	0	4609602746	80000
800000	14597280	8000000	0	5175900472	90000
900000	16421888	9000000	0	6462108427	100000
900000	16421888	9000000	0	829029750	10000
900000	16421888	9000000	0	1373276377	20000
900000	16421888	9000000	0	2009966900	30000
900000	16421888	9000000	0	2651682907	40000
900000	16421888	9000000	0	3282310609	50000
900000	16421888	9000000	0	3920122106	60000
900000	16421888	9000000	0	4552242789	70000
900000	16421888	9000000	0	5190938756	80000
900000	16421888	9000000	0	5827802481	90000
