1000000	124583272	7708268657	0	100000
1000000	124583272	1333959967	0	10000
1000000	124583272	2203971723	0	20000
1000000	124583272	2743057850	0	30000
1000000	124583272	3457733923	0	40000
1000000	124583272	4156094295	0	50000
1000000	124583272	5020515627	0	60000
1000000	124583272	5577696826	0	70000
1000000	124583272	6277024352	0	80000
1000000	124583272	6985419871	0	90000
100000	12773224	752135878	0	100000
100000	12773224	1121085135	0	10000
100000	12773224	508807199	0	20000
100000	12773224	256625075	0	30000
100000	12773224	323264677	0	40000
100000	12773224	393896216	0	50000
100000	12773224	464733173	0	60000
100000	12773224	535514338	0	70000
100000	12773224	606554268	0	80000
100000	12773224	676828473	0	90000
200000	25546088	1513754286	0	100000
200000	25546088	241010379	0	10000
200000	25546088	382392359	0	20000
200000	25546088	526024999	0	30000
200000	25546088	665641537	0	40000
200000	25546088	807541108	0	50000
200000	25546088	948826947	0	60000
200000	25546088	1090389403	0	70000
200000	25546088	1231327885	0	80000
200000	25546088	1373187830	0	90000
300000	39891816	2284684924	0	100000
300000	39891816	375429569	0	10000
300000	39891816	586526071	0	20000
300000	39891816	797374264	0	30000
300000	39891816	1011023074	0	40000
300000	39891816	1223236245	0	50000
300000	39891816	1434365178	0	60000
300000	39891816	1645488215	0	70000
300000	39891816	1857398978	0	80000
300000	39891816	2069491601	0	90000
400000	51091816	3037924735	0	100000
400000	51091816	941925261	0	10000
400000	51091816	775425292	0	20000
400000	51091816	1079228523	0	30000
400000	51091816	1340435916	0	40000
400000	51091816	1623635073	0	50000
400000	51091816	1907095262	0	60000
400000	51091816	2188713626	0	70000
400000	51091816	2570866221	0	80000
400000	51091816	2754348864	0	90000
500000	62291816	3812863315	0	100000
500000	62291816	631516647	0	10000
500000	62291816	993328735	0	20000
500000	62291816	1336526201	0	30000
500000	62291816	1693166186	0	40000
500000	62291816	2040952166	0	50000
500000	62291816	2394276460	0	60000
500000	62291816	2759790448	0	70000
500000	62291816	3103962775	0	80000
500000	62291816	3458862439	0	90000
600000	79783272	4618548410	0	100000
600000	79783272	885540974	0	10000
600000	79783272	1218442873	0	20000
600000	79783272	1647308849	0	30000
600000	79783272	2072029762	0	40000
600000	79783272	2495275965	0	50000
600000	79783272	3056651172	0	60000
600000	79783272	3345610699	0	70000
600000	79783272	3762475410	0	80000
600000	79783272	4189487015	0	90000
700000	90983272	5376942709	0	100000
700000	90983272	962313635	0	10000
700000	90983272	1403414517	0	20000
700000	90983272	1896616042	0	30000
700000	90983272	2406498885	0	40000
700000	90983272	2895259426	0	50000
700000	90983272	3384905807	0	60000
700000	90983272	3881188903	0	70000
700000	90983272	4375897375	0	80000
700000	90983272	4889222751	0	90000
800000	102183272	6134382685	0	100000
800000	102183272	1201359767	0	10000
800000	102183272	1740262143	0	20000
800000	102183272	2219401788	0	30000
800000	102183272	2744212380	0	40000
800000	102183272	3328532654	0	50000
800000	102183272	3874214174	0	60000
800000	102183272	4697441355	0	70000
800000	102183272	5010097209	0	80000
800000	102183272	5576261870	0	90000
900000	113383272	6901006891	0	100000
900000	113383272	1220340322	0	10000
900000	113383272	1851252376	0	20000
900000	113383272	2444560049	0	30000
900000	113383272	3110541274	0	40000
900000	113383272	3720600862	0	50000
900000	113383272	4688528276	0	60000
900000	113383272	4993968095	0	70000
900000	113383272	5636722378	0	80000
900000	113383272	6272157264	0	90000
