1000000	124583272	7879719245	0	100000
1000000	124583272	1502017588	0	10000
1000000	124583272	2214113042	0	20000
1000000	124583272	2952302189	0	30000
1000000	124583272	3629544343	0	40000
1000000	124583272	4331896841	0	50000
1000000	124583272	5062273948	0	60000
1000000	124583272	5806383494	0	70000
1000000	124583272	7150798403	0	80000
1000000	124583272	7162309708	0	90000
100000	12773224	759426107	0	100000
100000	12773224	160971078	0	10000
100000	12773224	193503062	0	20000
100000	12773224	264213390	0	30000
100000	12773224	337136606	0	40000
100000	12773224	405475928	0	50000
100000	12773224	478265107	0	60000
100000	12773224	547183555	0	70000
100000	12773224	619185795	0	80000
100000	12773224	688819920	0	90000
200000	25546088	1551820432	0	100000
200000	25546088	274010691	0	10000
200000	25546088	417998845	0	20000
200000	25546088	557129020	0	30000
200000	25546088	698255956	0	40000
200000	25546088	851009515	0	50000
200000	25546088	981329995	0	60000
200000	25546088	1126060950	0	70000
200000	25546088	1266586390	0	80000
200000	25546088	1423577663	0	90000
300000	38843240	2338853029	0	100000
300000	38843240	431207505	0	10000
300000	38843240	642015541	0	20000
300000	38843240	849843583	0	30000
300000	38843240	1063087163	0	40000
300000	38843240	1276127380	0	50000
300000	38843240	1490583355	0	60000
300000	38843240	1698676496	0	70000
300000	38843240	1914752085	0	80000
300000	38843240	2122793664	0	90000
400000	51091816	3122400210	0	100000
400000	51091816	587335417	0	10000
400000	51091816	856164789	0	20000
400000	51091816	1140502027	0	30000
400000	51091816	1422010934	0	40000
400000	51091816	1707321374	0	50000
400000	51091816	1991411674	0	60000
400000	51091816	2273966264	0	70000
400000	51091816	2554301372	0	80000
400000	51091816	2840541536	0	90000
500000	62291816	3895499035	0	100000
500000	62291816	713360984	0	10000
500000	62291816	1061422779	0	20000
500000	62291816	1411169529	0	30000
500000	62291816	1767613268	0	40000
500000	62291816	2123255722	0	50000
500000	62291816	2477508146	0	60000
500000	62291816	2832398242	0	70000
500000	62291816	3258235724	0	80000
500000	62291816	3546222352	0	90000
600000	77686120	4730067888	0	100000
600000	77686120	908418249	0	10000
600000	77686120	1335767118	0	20000
600000	77686120	1755427907	0	30000
600000	77686120	2184311554	0	40000
600000	77686120	2608892761	0	50000
600000	77686120	3029490672	0	60000
600000	77686120	3455784758	0	70000
600000	77686120	4086285781	0	80000
600000	77686120	4304182218	0	90000
700000	88886120	5486870230	0	100000
700000	88886120	1041231753	0	10000
700000	88886120	1527469367	0	20000
700000	88886120	2021483557	0	30000
700000	88886120	2516493353	0	40000
700000	88886120	3011962833	0	50000
700000	88886120	3507199902	0	60000
700000	88886120	4012767175	0	70000
700000	88886120	4498227111	0	80000
700000	88886120	4992399116	0	90000
800000	102183272	6318133578	0	100000
800000	102183272	1222251460	0	10000
800000	102183272	1861814922	0	20000
800000	102183272	2347159092	0	30000
800000	102183272	2912826233	0	40000
800000	102183272	3480646897	0	50000
800000	102183272	4042950587	0	60000
800000	102183272	4607295662	0	70000
800000	102183272	5208050982	0	80000
800000	102183272	5741989978	0	90000
900000	113383272	7090076377	0	100000
900000	113383272	1350255408	0	10000
900000	113383272	2050380652	0	20000
900000	113383272	2630591936	0	30000
900000	113383272	3252728219	0	40000
900000	113383272	3914497578	0	50000
900000	113383272	4525353478	0	60000
900000	113383272	5278290752	0	70000
900000	113383272	5800256757	0	80000
900000	113383272	6436212027	0	90000
