100000	13277296	10000	302944	424996872
100000	13441504	100000	101470	225543967
100000	13295536	20000	184254	304178690
100000	13313792	30000	140108	262129198
100000	13332032	40000	122024	245091262
100000	13350272	50000	112342	236547108
100000	13368528	60000	107756	232060803
100000	13386768	70000	104832	229192377
100000	13405024	80000	103260	227635463
100000	13423264	90000	102240	226393772
10000	13277296	10000	10182	354344265
10000	13441504	100000	10000	21516308
10000	13295536	20000	10002	21807327
10000	13313792	30000	10000	24558007
10000	13332032	40000	10000	23922687
10000	13350272	50000	10000	21807264
10000	13368528	60000	10000	21675537
10000	13386768	70000	10000	21550101
10000	13405024	80000	10000	21493170
10000	13423264	90000	10000	22345229
20000	13277296	10000	22576	48789489
20000	13441504	100000	20000	43715616
20000	13295536	20000	20278	45897260
20000	13313792	30000	20068	46509007
20000	13332032	40000	20028	44400162
20000	13350272	50000	20012	44972393
20000	13368528	60000	20002	43751504
20000	13386768	70000	20000	43742872
20000	13405024	80000	20000	43434745
20000	13423264	90000	20000	43468719
30000	13277296	10000	39836	77744452
30000	13441504	100000	30000	65908585
30000	13295536	20000	31652	68250898
30000	13313792	30000	30424	68224687
30000	13332032	40000	30128	66438135
30000	13350272	50000	30068	66224772
30000	13368528	60000	30042	66149742
30000	13386768	70000	30022	66810606
30000	13405024	80000	30000	66969626
30000	13423264	90000	30004	65790367
40000	13277296	10000	62422	112021410
40000	13441504	100000	40014	88189528
40000	13295536	20000	44958	93887619
40000	13313792	30000	41624	91468390
40000	13332032	40000	40652	89636631
40000	13350272	50000	40286	89137186
40000	13368528	60000	40132	88709978
40000	13386768	70000	40086	88690762
40000	13405024	80000	40056	88275016
40000	13423264	90000	40024	88080080
50000	13277296	10000	92030	151692141
50000	13441504	100000	50054	110971051
50000	13295536	20000	60926	122007184
50000	13313792	30000	53702	115107474
50000	13332032	40000	51632	113356778
50000	13350272	50000	50814	112296385
50000	13368528	60000	50414	114270182
50000	13386768	70000	50248	111174720
50000	13405024	80000	50118	110954459
50000	13423264	90000	50072	110601091
60000	13277296	10000	126932	199072665
60000	13441504	100000	60122	133570831
60000	13295536	20000	79604	152323740
60000	13313792	30000	67838	142250487
60000	13332032	40000	63512	138554881
60000	13350272	50000	61730	138325000
60000	13368528	60000	61008	137457417
60000	13386768	70000	60510	134216932
60000	13405024	80000	60342	133841928
60000	13423264	90000	60198	133466345
70000	13277296	10000	165930	247325238
70000	13441504	100000	70322	156378392
70000	13295536	20000	101220	185860697
70000	13313792	30000	83232	170712517
70000	13332032	40000	76174	162458617
70000	13350272	50000	73368	159982737
70000	13368528	60000	71788	159093996
70000	13386768	70000	71026	157420088
70000	13405024	80000	70682	156724997
70000	13423264	90000	70436	156224558
80000	13277296	10000	209328	301537954
80000	13441504	100000	80488	179473680
80000	13295536	20000	126080	222726555
80000	13313792	30000	100004	199033316
80000	13332032	40000	90156	190930629
80000	13350272	50000	85418	187630517
80000	13368528	60000	83386	186024949
80000	13386768	70000	81884	181303467
80000	13405024	80000	81264	180715994
80000	13423264	90000	80782	179951085
90000	13277296	10000	255710	362667621
90000	13441504	100000	90960	202041202
90000	13295536	20000	153640	262832966
90000	13313792	30000	119472	231761129
90000	13332032	40000	105366	216657605
90000	13350272	50000	98350	212068622
90000	13368528	60000	95278	206671072
90000	13386768	70000	93192	204382387
90000	13405024	80000	92100	204005124
90000	13423264	90000	91376	202716153
