1000000	132077680	10000	4709840	8788984148
1000000	132241904	100000	2291394	4260139940
1000000	133883840	1000000	0	190537581
1000000	132095920	20000	4420950	7812802253
1000000	132424144	200000	0	189626839
1000000	132114176	30000	4132838	7419308659
1000000	132606608	300000	0	189703416
1000000	132132416	40000	3841858	7221981189
1000000	132789072	400000	0	189552824
1000000	132150656	50000	3556540	6898490257
1000000	132971536	500000	0	189499050
1000000	132168912	60000	3275444	5906468799
1000000	133153984	600000	0	189780988
1000000	132187152	70000	3007568	5579037721
1000000	133336448	700000	0	190821650
1000000	132205408	80000	2749456	5385757703
1000000	133518912	800000	0	190771837
1000000	132223648	90000	2512180	5138228749
1000000	133701376	900000	0	190453665
100000	13277680	10000	229526	352494638
100000	13441888	100000	2622	120601083
100000	133883840	1000000	0	16432061
100000	13295920	20000	99412	224375197
100000	132424144	200000	0	15586930
100000	13314176	30000	52422	176128456
100000	132606608	300000	0	15569847
100000	13332416	40000	30196	152582359
100000	132789072	400000	0	15516063
100000	13350656	50000	18612	139894440
100000	132971536	500000	0	15558935
100000	13368912	60000	12030	132477254
100000	133153984	600000	0	15522032
100000	13387152	70000	8174	127866238
100000	133336448	700000	0	16614947
100000	13405408	80000	5420	124481295
100000	133518912	800000	0	15587643
100000	13423648	90000	3844	122456412
100000	133701376	900000	0	15520933
10000	13277680	10000	286	11501342
10000	13441888	100000	0	10638169
10000	13295920	20000	22	11015350
10000	13314176	30000	2	10878638
10000	13332416	40000	0	10769144
10000	13350656	50000	0	10730385
10000	13368912	60000	0	10693413
10000	13387152	70000	0	10688820
10000	13405408	80000	0	10673565
10000	13423648	90000	0	10666606
200000	132077680	10000	712056	958614526
200000	132241888	100000	37728	284015204
200000	133883840	1000000	0	33205867
200000	132095920	20000	457160	709807156
200000	132424144	200000	0	33657157
200000	132114176	30000	294494	550383557
200000	132606608	300000	0	33138268
200000	132132416	40000	199356	454972021
200000	132789072	400000	0	33115955
200000	132150656	50000	141964	394823087
200000	132971536	500000	0	33218972
200000	132168912	60000	104180	356288651
200000	133153984	600000	0	33131137
200000	132187152	70000	79256	329181817
200000	133336448	700000	0	33281639
200000	132205408	80000	61064	309675070
200000	133518912	800000	0	34147050
200000	132223648	90000	48008	295609574
200000	133701376	900000	0	33144274
20000	13277680	10000	3780	27035363
20000	13441888	100000	2	21729216
20000	13295920	20000	554	23305635
20000	13314176	30000	110	22573696
20000	13332416	40000	48	22297472
20000	13350656	50000	4	22127974
20000	13368912	60000	10	21919992
20000	13387152	70000	0	21977689
20000	13405408	80000	6	21813581
20000	13423648	90000	0	21808641
300000	132077680	10000	1211162	1957811365
300000	132241888	100000	130722	508594391
300000	133883840	1000000	0	51843066
300000	132095920	20000	929092	1555288306
300000	132424144	200000	0	51832287
300000	132114176	30000	687524	1317105815
300000	132606608	300000	0	51763894
300000	132132416	40000	510878	898099149
300000	132789072	400000	0	51682415
300000	132150656	50000	386886	773059072
300000	132971536	500000	0	51880737
300000	132168912	60000	300722	686164627
300000	133153984	600000	0	51713112
300000	132187152	70000	237592	620710045
300000	133336448	700000	0	51687521
300000	132205408	80000	192840	574092768
300000	133518912	800000	0	51814819
300000	132223648	90000	156890	536344492
300000	133701376	900000	0	52791473
30000	13277680	10000	13154	48928194
30000	13441888	100000	6	33141678
30000	13295920	20000	2646	37565093
30000	13314176	30000	818	35194882
30000	13332416	40000	276	34291843
30000	13350656	50000	136	33821477
30000	13368912	60000	46	33579726
30000	13387152	70000	32	33423081
30000	13405408	80000	18	33364993
30000	13423648	90000	10	33162886
400000	132077680	10000	1707954	2563127689
400000	132241888	100000	282904	800933959
400000	133883840	1000000	0	71506502
400000	132095920	20000	1419060	2206742722
400000	132424144	200000	0	71378468
400000	132114176	30000	1148046	1926141955
400000	132606608	300000	0	71003793
400000	132132416	40000	917208	1669907556
400000	132789072	400000	0	71085925
400000	132150656	50000	732168	1456022792
400000	132971536	500000	0	70954166
400000	132168912	60000	587852	1287866520
400000	133153984	600000	0	71125280
400000	132187152	70000	482420	1166143670
400000	133336448	700000	0	71450347
400000	132205408	80000	397530	918377383
400000	133518912	800000	0	71742701
400000	132223648	90000	334472	852274664
400000	133701376	900000	0	71357001
40000	13277680	10000	27936	76424093
40000	13441888	100000	30	44716406
40000	13295920	20000	7588	54941476
40000	13314176	30000	2708	49336843
40000	13332416	40000	1100	47172911
40000	13350656	50000	484	46159635
40000	13368912	60000	248	45619443
40000	13387152	70000	132	45189052
40000	13405408	80000	86	45105940
40000	13423648	90000	64	44828305
500000	132077680	10000	2214484	3728297386
500000	132241888	100000	499416	1292887277
500000	133883840	1000000	0	91794544
500000	132095920	20000	1923712	3435643577
500000	132424144	200000	0	90940067
500000	132114176	30000	1642798	2548777783
500000	132606608	300000	0	91059974
500000	132132416	40000	1378168	2283236989
500000	132789072	400000	0	90955860
500000	132150656	50000	1150890	2028071631
500000	132971536	500000	0	91115501
500000	132168912	60000	958538	1811164287
500000	133153984	600000	0	90977589
500000	132187152	70000	803646	1633597722
500000	133336448	700000	0	91448618
500000	132205408	80000	680604	1491836221
500000	133518912	800000	0	91430794
500000	132223648	90000	581098	1387708942
500000	133701376	900000	0	91606015
50000	13277680	10000	49794	111084544
50000	13441888	100000	144	56593325
50000	13295920	20000	15182	75126008
50000	13314176	30000	5970	64999948
50000	13332416	40000	2648	61095146
50000	13350656	50000	1468	59361558
50000	13368912	60000	722	58270188
50000	13387152	70000	428	57597812
50000	13405408	80000	268	57186752
50000	13423648	90000	152	56851298
600000	132077680	10000	2710108	4873814905
600000	132241888	100000	770438	1721353341
600000	133883840	1000000	0	118771045
600000	132095920	20000	2418710	4025239607
600000	132424144	200000	0	110989640
600000	132114176	30000	2131944	3741878231
600000	132606608	300000	0	110986965
600000	132132416	40000	1853976	3476815234
600000	132789072	400000	0	110931815
600000	132150656	50000	1598212	2627290899
600000	132971536	500000	0	110960947
600000	132168912	60000	1376010	2383267373
600000	133153984	600000	0	111021462
600000	132187152	70000	1183960	2163518404
600000	133336448	700000	0	111696138
600000	132205408	80000	1019290	1990854147
600000	133518912	800000	0	111401201
600000	132223648	90000	884780	1848243186
600000	133701376	900000	0	112346415
60000	13277680	10000	76664	150747377
60000	13441888	100000	266	68744128
60000	13295920	20000	25736	98587094
60000	13314176	30000	11102	82952042
60000	13332416	40000	5572	76612182
60000	13350656	50000	2848	73190208
60000	13368912	60000	1586	71428664
60000	13387152	70000	974	70326925
60000	13405408	80000	570	69585906
60000	13423648	90000	434	69173055
700000	132077680	10000	3210448	5466448985
700000	132241888	100000	1099170	2200152630
700000	133883840	1000000	0	131018256
700000	132095920	20000	2921888	5318068708
700000	132424144	200000	0	130009409
700000	132114176	30000	2633326	4348583186
700000	132606608	300000	0	130693084
700000	132132416	40000	2349348	4044733868
700000	132789072	400000	0	130780846
700000	132150656	50000	2078338	3769653782
700000	132971536	500000	0	129846944
700000	132168912	60000	1829702	3508830481
700000	133153984	600000	0	130084550
700000	132187152	70000	1605564	3275466365
700000	133336448	700000	0	130597294
700000	132205408	80000	1411784	2532038244
700000	133518912	800000	0	130532249
700000	132223648	90000	1242322	2352681024
700000	133701376	900000	0	130816553
70000	13277680	10000	108876	195576100
70000	13441888	100000	592	81224733
70000	13295920	20000	39822	125959586
70000	13314176	30000	18306	102937010
70000	13332416	40000	9600	93355445
70000	13350656	50000	5522	88630917
70000	13368912	60000	2940	85254890
70000	13387152	70000	2000	83849672
70000	13405408	80000	1300	82689870
70000	13423648	90000	894	81944778
800000	132077680	10000	3711634	6770912142
800000	132241888	100000	1466092	2730314433
800000	133883840	1000000	0	150926506
800000	132095920	20000	3421576	5897841374
800000	132424144	200000	0	151245689
800000	132114176	30000	3137240	5639579890
800000	132606608	300000	0	151045284
800000	132132416	40000	2850816	5359977261
800000	132789072	400000	0	152418522
800000	132150656	50000	2568074	4407839163
800000	132971536	500000	0	152012056
800000	132168912	60000	2304834	4101061662
800000	133153984	600000	0	152104832
800000	132187152	70000	2060862	3800409349
800000	133336448	700000	0	150705319
800000	132205408	80000	1840216	3659403489
800000	133518912	800000	0	150585392
800000	132223648	90000	1640566	3504488469
800000	133701376	900000	0	150728628
80000	13277680	10000	146580	245945393
80000	13441888	100000	994	93869980
80000	13295920	20000	56912	155839815
80000	13314176	30000	27624	125197762
80000	13332416	40000	14952	111417489
80000	13350656	50000	8712	104374737
80000	13368912	60000	5336	100313053
80000	13387152	70000	3376	97716293
80000	13405408	80000	2172	96002193
80000	13423648	90000	1404	94656525
900000	132077680	10000	4210632	7398743537
900000	132241888	100000	1864490	3791984090
900000	133883840	1000000	0	171557016
900000	132095920	20000	3920894	7234897079
900000	132424144	200000	0	170513317
900000	132114176	30000	3636070	6939237325
900000	132606608	300000	0	170094231
900000	132132416	40000	3344534	5918081156
900000	132789072	400000	0	169687045
900000	132150656	50000	3059842	5606180064
900000	132971536	500000	0	169962750
900000	132168912	60000	2786148	5316448750
900000	133153984	600000	0	170198532
900000	132187152	70000	2526680	5074331777
900000	133336448	700000	0	170593130
900000	132205408	80000	2284140	4167106206
900000	133518912	800000	0	170489096
900000	132223648	90000	2064754	3917161935
900000	133701376	900000	0	170758008
90000	13277680	10000	186058	298503563
90000	13441888	100000	1740	107268084
90000	13295920	20000	76282	188997346
90000	13314176	30000	38924	149942464
90000	13332416	40000	22084	131781732
90000	13350656	50000	13410	122120978
90000	13368912	60000	8256	116104410
90000	13387152	70000	5368	112442756
90000	13405408	80000	3490	110159200
90000	13423648	90000	2522	108597609
