1000000	124583272	872154954	0
100000	12773224	68193303	0
10000	1284200	284000120	0
200000	25546088	160562873	0
20000	2568040	25898812	0
300000	38843240	273593525	0
30000	3753576	13740416	0
400000	51091816	347516743	0
40000	5135720	21251681	0
500000	62291816	423055511	0
50000	6386792	27625871	0
600000	77686120	568760581	0
60000	7506792	34045788	0
700000	88886120	637202579	0
70000	9151080	44731934	0
800000	102183272	784237623	0
80000	10271080	53917201	0
900000	113383272	829889837	0
90000	11391080	55822059	0
