1000000	18246496	10000000	0	1724086000
1000000	182461408	100000000	0	1893958831
1000000	36492592	20000000	0	1765893768
1000000	54738704	30000000	0	1801239483
1000000	72984800	40000000	0	1819004810
1000000	91230896	50000000	0	1828843719
1000000	109477008	60000000	0	1838933988
1000000	127723104	70000000	0	1855118006
1000000	145969216	80000000	0	1864955035
1000000	164215312	90000000	0	1876424402
100000	1825008	1000000	0	418035535
100000	18246496	10000000	0	167200204
100000	3649616	2000000	0	140383997
100000	5474224	3000000	0	150150251
100000	7298832	4000000	0	154938025
100000	9123440	5000000	0	159096893
100000	10948048	6000000	0	161803275
100000	12772656	7000000	0	164737219
100000	14597280	8000000	0	165028529
100000	16421888	9000000	0	166226923
200000	18246496	10000000	0	337328482
200000	21895712	12000000	0	340889198
200000	25544928	14000000	0	342646468
200000	29194160	16000000	0	344448624
200000	32843376	18000000	0	346344718
200000	3649616	2000000	0	286570646
200000	36492592	20000000	0	347140987
200000	7298832	4000000	0	314486951
200000	10948048	6000000	0	326654483
200000	14597280	8000000	0	333814181
300000	21895712	12000000	0	513308669
300000	27369552	15000000	0	518197156
300000	32843376	18000000	0	521260486
300000	38317200	21000000	0	523622742
300000	43791040	24000000	0	525292608
300000	49264864	27000000	0	526371457
300000	5474224	3000000	0	459833957
300000	54738704	30000000	0	528699871
300000	10948048	6000000	0	493401996
300000	16421888	9000000	0	506878226
400000	21895712	12000000	0	687102991
400000	29194160	16000000	0	695012632
400000	36492592	20000000	0	699445246
400000	43791040	24000000	0	703046448
400000	51089472	28000000	0	705207913
400000	58387920	32000000	0	707044053
400000	65686352	36000000	0	708144678
400000	7298832	4000000	0	636325170
400000	72984800	40000000	0	709361124
400000	14597280	8000000	0	674002626
500000	18246496	10000000	0	855664151
500000	27369552	15000000	0	869728044
500000	36492592	20000000	0	877263078
500000	45615648	25000000	0	882319066
500000	54738704	30000000	0	886075007
500000	63861744	35000000	0	887461579
500000	72984800	40000000	0	890875609
500000	82107856	45000000	0	891431885
500000	9123440	5000000	2	821243188
500000	91230896	50000000	0	892941985
600000	21895712	12000000	0	1038817736
600000	32843376	18000000	0	1052483325
600000	43791040	24000000	0	1061703369
600000	54738704	30000000	0	1066236179
600000	65686352	36000000	0	1068823295
600000	76634016	42000000	0	1070317559
600000	87581680	48000000	0	1074118967
600000	98529344	54000000	0	1074061659
600000	10948048	6000000	4	1004292261
600000	109477008	60000000	0	1077807651
700000	25544928	14000000	0	1219170781
700000	38317200	21000000	0	1234578857
700000	51089472	28000000	0	1242649468
700000	63861744	35000000	0	1247524807
700000	76634016	42000000	0	1250577660
700000	89406288	49000000	0	1253936591
700000	102178560	56000000	0	1256890710
700000	114950832	63000000	0	1258822313
700000	12772656	7000000	0	1180911599
700000	127723104	70000000	0	1261691531
800000	29194160	16000000	0	1400154532
800000	43791040	24000000	0	1416303625
800000	58387920	32000000	0	1423720738
800000	72984800	40000000	0	1430320200
800000	87581680	48000000	0	1433157026
800000	102178560	56000000	0	1438563890
800000	116775440	64000000	0	1441072629
800000	131372320	72000000	0	1443302502
800000	14597280	8000000	0	1362001525
800000	145969216	80000000	0	1444512769
900000	32843376	18000000	0	1583657188
900000	49264864	27000000	0	1598702930
900000	65686352	36000000	0	1607273834
900000	82107856	45000000	0	1611260946
900000	98529344	54000000	0	1614860231
900000	114950832	63000000	0	1621472180
900000	131372320	72000000	0	1623738194
900000	147793824	81000000	0	1623267676
900000	16421888	9000000	0	1545106252
900000	164215312	90000000	0	1628086057
