1000000	182848	100000	2293844	4220407026
1000000	1825008	1000000	27646	1402717483
1000000	18246496	10000000	0	1716962708
1000000	2007456	1100000	19940	1409131524
1000000	2189920	1200000	14588	1417281168
1000000	2372384	1300000	11360	1425722967
1000000	2554848	1400000	8656	1436649796
1000000	2737312	1500000	6734	1446641324
1000000	2919776	1600000	5204	1456600359
1000000	3102224	1700000	4174	1465857908
1000000	3284688	1800000	3216	1476661816
1000000	3467152	1900000	2702	1484932526
1000000	365312	200000	997770	2449963946
1000000	3649616	2000000	2234	1498289207
1000000	3832080	2100000	1626	1506171215
1000000	4014528	2200000	1436	1510972757
1000000	4196992	2300000	1230	1518974395
1000000	4379456	2400000	1000	1526492256
1000000	4561920	2500000	858	1533963734
1000000	4744384	2600000	740	1541087575
1000000	4926832	2700000	604	1548003910
1000000	5109296	2800000	500	1556592001
1000000	5291760	2900000	454	1559768230
1000000	547776	300000	524264	1942681603
1000000	5474224	3000000	392	1566266616
1000000	5656688	3100000	348	1571967141
1000000	5839152	3200000	314	1575549267
1000000	6021600	3300000	286	1583578281
1000000	6204064	3400000	206	1587652305
1000000	6386528	3500000	212	1590820369
1000000	6568992	3600000	162	1595723646
1000000	6751456	3700000	156	1600992937
1000000	6933904	3800000	150	1605117889
1000000	7116368	3900000	142	1612218231
1000000	730240	400000	306018	1703066466
1000000	7298832	4000000	124	1613616884
1000000	7481296	4100000	116	1618907911
1000000	7663760	4200000	70	1618116981
1000000	7846208	4300000	106	1623629658
1000000	8028672	4400000	66	1627013725
1000000	8211136	4500000	70	1631160884
1000000	8393600	4600000	62	1632328177
1000000	8576064	4700000	50	1636692417
1000000	8758528	4800000	46	1639196108
1000000	8940976	4900000	34	1642753897
1000000	912704	500000	189860	1499097495
1000000	9123440	5000000	30	1654688132
1000000	9305904	5100000	32	1647402585
1000000	9488368	5200000	30	1649697381
1000000	9670832	5300000	22	1652052951
1000000	9853280	5400000	34	1654317024
1000000	10035744	5500000	36	1658619274
1000000	10218208	5600000	28	1660735792
1000000	10400672	5700000	12	1662004854
1000000	10583136	5800000	18	1663581713
1000000	10765584	5900000	14	1665389738
1000000	1095152	600000	121594	1443370255
1000000	10948048	6000000	20	1668693786
1000000	11130512	6100000	20	1673787116
1000000	11312976	6200000	10	1670813638
1000000	11495440	6300000	4	1671894361
1000000	11677904	6400000	10	1674173417
1000000	11860352	6500000	20	1677103253
1000000	12042816	6600000	18	1676661638
1000000	12225280	6700000	10	1680255000
1000000	12407744	6800000	6	1680656813
1000000	12590208	6900000	4	1682738558
1000000	1277616	700000	81244	1413347461
1000000	12772656	7000000	6	1684988849
1000000	12955120	7100000	6	1684958172
1000000	13137584	7200000	4	1691217726
1000000	13320048	7300000	8	1689678639
1000000	13502512	7400000	4	1690476783
1000000	13684976	7500000	6	1692336082
1000000	13867424	7600000	8	1693086124
1000000	14049888	7700000	10	1693376335
1000000	14232352	7800000	2	1694556577
1000000	14414816	7900000	8	1697296204
1000000	1460080	800000	55318	1400795215
1000000	14597280	8000000	2	1695814503
1000000	14779728	8100000	4	1698900406
1000000	14962192	8200000	8	1701284540
1000000	15144656	8300000	2	1716088010
1000000	15327120	8400000	0	1701952873
1000000	15509584	8500000	4	1704784663
1000000	15692032	8600000	6	1705032755
1000000	15874496	8700000	2	1705435502
1000000	16056960	8800000	0	1706737465
1000000	16239424	8900000	2	1707186164
1000000	1642544	900000	38494	1399837573
1000000	16421888	9000000	0	1708830241
1000000	16604352	9100000	0	1708791653
1000000	16786800	9200000	2	1709568676
1000000	16969264	9300000	4	1710795994
1000000	17151728	9400000	0	1712977616
1000000	17334192	9500000	0	1712341179
1000000	17516656	9600000	6	1713010227
1000000	17699104	9700000	4	1715350111
1000000	17881568	9800000	0	1717980705
1000000	18064032	9900000	4	1719041771
100000	182848	100000	2806	453933390
100000	1825008	1000000	0	127529461
100000	18246496	10000000	0	168731485
100000	2007456	1100000	0	130447803
100000	2189920	1200000	0	130805382
100000	2372384	1300000	0	132423767
100000	2554848	1400000	0	134858841
100000	2737312	1500000	0	136217617
100000	2919776	1600000	0	137855327
100000	3102224	1700000	0	138348998
100000	3284688	1800000	0	139510672
100000	3467152	1900000	0	141370544
100000	365312	200000	244	116723469
100000	3649616	2000000	0	141931705
100000	3832080	2100000	0	144242666
100000	4014528	2200000	0	146391606
100000	4196992	2300000	0	147823674
100000	4379456	2400000	0	149063116
100000	4561920	2500000	0	149900190
100000	4744384	2600000	0	147748140
100000	4926832	2700000	0	148681123
100000	5109296	2800000	0	150034312
100000	5291760	2900000	0	150982314
100000	547776	300000	34	115851031
100000	5474224	3000000	0	150748053
100000	5656688	3100000	0	152114657
100000	5839152	3200000	0	152865180
100000	6021600	3300000	0	153617465
100000	6204064	3400000	0	154786899
100000	6386528	3500000	0	154433296
100000	6568992	3600000	0	155315512
100000	6751456	3700000	0	155606453
100000	6933904	3800000	0	155733541
100000	7116368	3900000	0	156531972
100000	730240	400000	10	116603326
100000	7298832	4000000	0	156345217
100000	7481296	4100000	0	156884998
100000	7663760	4200000	0	157740114
100000	7846208	4300000	0	158548689
100000	8028672	4400000	0	158251123
100000	8211136	4500000	0	159388004
100000	8393600	4600000	0	159257346
100000	8576064	4700000	0	159886166
100000	8758528	4800000	0	159686270
100000	8940976	4900000	0	161122356
100000	912704	500000	6	119077543
100000	9123440	5000000	0	161055499
100000	9305904	5100000	0	161026358
100000	9488368	5200000	0	161034822
100000	9670832	5300000	0	161565439
100000	9853280	5400000	0	161854984
100000	10035744	5500000	0	162000765
100000	10218208	5600000	0	162616285
100000	10400672	5700000	0	162876295
100000	10583136	5800000	0	163139177
100000	10765584	5900000	0	163383570
100000	1095152	600000	0	119576226
100000	10948048	6000000	0	163642786
100000	11130512	6100000	0	163453704
100000	11312976	6200000	0	163433424
100000	11495440	6300000	0	163793392
100000	11677904	6400000	0	164262776
100000	11860352	6500000	0	163696763
100000	12042816	6600000	0	164473574
100000	12225280	6700000	0	164516682
100000	12407744	6800000	0	164882458
100000	12590208	6900000	0	164832001
100000	1277616	700000	0	121674791
100000	12772656	7000000	0	165314155
100000	12955120	7100000	0	165229828
100000	13137584	7200000	0	165441691
100000	13320048	7300000	0	165408471
100000	13502512	7400000	0	165538817
100000	13684976	7500000	0	166190142
100000	13867424	7600000	0	166534226
100000	14049888	7700000	0	166559576
100000	14232352	7800000	0	166250502
100000	14414816	7900000	0	166352995
100000	1460080	800000	0	124669280
100000	14597280	8000000	0	166598623
100000	14779728	8100000	0	167061122
100000	14962192	8200000	0	166962822
100000	15144656	8300000	0	166681899
100000	15327120	8400000	0	167018677
100000	15509584	8500000	0	167157413
100000	15692032	8600000	0	167291616
100000	15874496	8700000	0	167553429
100000	16056960	8800000	0	167577823
100000	16239424	8900000	0	168044246
100000	1642544	900000	0	125579306
100000	16421888	9000000	0	167791540
100000	16604352	9100000	0	167909504
100000	16786800	9200000	0	168188047
100000	16969264	9300000	0	168131772
100000	17151728	9400000	0	168015977
100000	17334192	9500000	0	168208709
100000	17516656	9600000	0	168282913
100000	17699104	9700000	0	168451000
100000	17881568	9800000	0	168547527
100000	18064032	9900000	0	168492266
200000	182848	100000	38308	327476722
200000	1825008	1000000	6	258492677
200000	18246496	10000000	0	339196545
200000	2007456	1100000	2	261761590
200000	2189920	1200000	4	265341700
200000	2372384	1300000	4	269568919
200000	2554848	1400000	0	271345986
200000	2737312	1500000	0	274357743
200000	2919776	1600000	0	277451955
200000	3102224	1700000	0	280256048
200000	3284688	1800000	2	282447272
200000	3467152	1900000	0	286202007
200000	365312	200000	5532	246106780
200000	3649616	2000000	0	286978837
200000	3832080	2100000	0	289230456
200000	4014528	2200000	0	292401606
200000	4196992	2300000	0	293206966
200000	4379456	2400000	0	295078146
200000	4561920	2500000	0	298345178
200000	4744384	2600000	0	298585128
200000	4926832	2700000	0	300245940
200000	5109296	2800000	2	301777081
200000	5291760	2900000	0	303032153
200000	547776	300000	1370	239715367
200000	5474224	3000000	0	304557394
200000	5656688	3100000	0	305780372
200000	5839152	3200000	0	308686668
200000	6021600	3300000	0	308376604
200000	6204064	3400000	0	309595289
200000	6386528	3500000	0	310410419
200000	6568992	3600000	0	311920351
200000	6751456	3700000	0	312734758
200000	6933904	3800000	0	313829425
200000	7116368	3900000	0	314633718
200000	730240	400000	452	239223848
200000	7298832	4000000	0	316331230
200000	7481296	4100000	0	318074344
200000	7663760	4200000	0	317207663
200000	7846208	4300000	0	317989746
200000	8028672	4400000	0	318791560
200000	8211136	4500000	0	319572400
200000	8393600	4600000	0	320581739
200000	8576064	4700000	0	321116147
200000	8758528	4800000	0	321451086
200000	8940976	4900000	0	322474941
200000	912704	500000	152	240997132
200000	9123440	5000000	0	323914840
200000	9305904	5100000	0	323252279
200000	9488368	5200000	0	323820273
200000	9670832	5300000	0	324516812
200000	9853280	5400000	0	325012359
200000	10035744	5500000	0	325590011
200000	10218208	5600000	0	326424749
200000	10400672	5700000	0	326875562
200000	10583136	5800000	0	328027954
200000	10765584	5900000	0	327489350
200000	1095152	600000	88	244177103
200000	10948048	6000000	0	328028095
200000	11130512	6100000	0	328466775
200000	11312976	6200000	0	329063687
200000	11495440	6300000	0	329624914
200000	11677904	6400000	0	329534818
200000	11860352	6500000	0	330106890
200000	12042816	6600000	0	330377847
200000	12225280	6700000	0	330766789
200000	12407744	6800000	0	331017726
200000	12590208	6900000	0	331804057
200000	1277616	700000	42	247722386
200000	12772656	7000000	0	331774688
200000	12955120	7100000	0	332123950
200000	13137584	7200000	0	333053226
200000	13320048	7300000	0	332777120
200000	13502512	7400000	0	333059969
200000	13684976	7500000	0	333376543
200000	13867424	7600000	0	334009328
200000	14049888	7700000	0	333981364
200000	14232352	7800000	0	334700720
200000	14414816	7900000	0	335191392
200000	1460080	800000	14	251194645
200000	14597280	8000000	0	335138608
200000	14779728	8100000	0	335423676
200000	14962192	8200000	0	335914984
200000	15144656	8300000	0	338033959
200000	15327120	8400000	0	336202664
200000	15509584	8500000	0	336089911
200000	15692032	8600000	0	338032319
200000	15874496	8700000	0	336798238
200000	16056960	8800000	0	336826159
200000	16239424	8900000	0	337014260
200000	1642544	900000	10	254776029
200000	16421888	9000000	0	337532583
200000	16604352	9100000	0	337436918
200000	16786800	9200000	0	337691552
200000	16969264	9300000	0	337793323
200000	17151728	9400000	0	337983608
200000	17334192	9500000	0	338778553
200000	17516656	9600000	0	340226872
200000	17699104	9700000	0	338490095
200000	17881568	9800000	0	338739629
200000	18064032	9900000	0	339716377
300000	182848	100000	129934	530139782
300000	1825008	1000000	52	394105842
300000	18246496	10000000	0	510761871
300000	2007456	1100000	34	397490306
300000	2189920	1200000	22	403078695
300000	2372384	1300000	24	406974136
300000	2554848	1400000	22	411643730
300000	2737312	1500000	8	415369016
300000	2919776	1600000	6	419690642
300000	3102224	1700000	4	423421528
300000	3284688	1800000	8	427031926
300000	3467152	1900000	4	430928438
300000	365312	200000	27590	398909420
300000	3649616	2000000	2	435662090
300000	3832080	2100000	2	436731168
300000	4014528	2200000	6	439893805
300000	4196992	2300000	0	445689213
300000	4379456	2400000	4	447153445
300000	4561920	2500000	0	448944689
300000	4744384	2600000	0	451379214
300000	4926832	2700000	2	452639619
300000	5109296	2800000	0	455346474
300000	5291760	2900000	0	457655699
300000	547776	300000	8384	374015790
300000	5474224	3000000	0	459179722
300000	5656688	3100000	0	461124545
300000	5839152	3200000	0	462593535
300000	6021600	3300000	0	464452761
300000	6204064	3400000	0	466871256
300000	6386528	3500000	0	468295317
300000	6568992	3600000	0	469194726
300000	6751456	3700000	0	472292277
300000	6933904	3800000	0	472285237
300000	7116368	3900000	2	475288543
300000	730240	400000	3086	369066859
300000	7298832	4000000	0	475969274
300000	7481296	4100000	0	476808694
300000	7663760	4200000	2	477918522
300000	7846208	4300000	0	478917837
300000	8028672	4400000	0	480101826
300000	8211136	4500000	0	482972703
300000	8393600	4600000	0	482022760
300000	8576064	4700000	0	483545962
300000	8758528	4800000	2	484499869
300000	8940976	4900000	0	485563631
300000	912704	500000	1404	369849232
300000	9123440	5000000	0	489589113
300000	9305904	5100000	0	487572438
300000	9488368	5200000	0	488266209
300000	9670832	5300000	0	488643918
300000	9853280	5400000	0	489726820
300000	10035744	5500000	0	490989472
300000	10218208	5600000	0	491320309
300000	10400672	5700000	0	492492028
300000	10583136	5800000	0	492704875
300000	10765584	5900000	0	493914328
300000	1095152	600000	680	373040713
300000	10948048	6000000	0	495320186
300000	11130512	6100000	0	495975933
300000	11312976	6200000	0	497084410
300000	11495440	6300000	0	495887387
300000	11677904	6400000	0	497207246
300000	11860352	6500000	0	497444302
300000	12042816	6600000	0	498272152
300000	12225280	6700000	0	498310631
300000	12407744	6800000	0	500712946
300000	12590208	6900000	0	500337950
300000	1277616	700000	334	378771434
300000	12772656	7000000	0	499974903
300000	12955120	7100000	0	500903066
300000	13137584	7200000	0	501838819
300000	13320048	7300000	0	501770568
300000	13502512	7400000	0	501723769
300000	13684976	7500000	0	502125640
300000	13867424	7600000	0	502613955
300000	14049888	7700000	0	502903070
300000	14232352	7800000	0	503392865
300000	14414816	7900000	0	504003179
300000	1460080	800000	196	383015804
300000	14597280	8000000	0	504246948
300000	14779728	8100000	0	505118014
300000	14962192	8200000	0	505489423
300000	15144656	8300000	0	509594285
300000	15327120	8400000	0	505740307
300000	15509584	8500000	0	506046662
300000	15692032	8600000	0	506502700
300000	15874496	8700000	0	506822139
300000	16056960	8800000	0	507131068
300000	16239424	8900000	0	507396377
300000	1642544	900000	120	388002406
300000	16421888	9000000	0	507779673
300000	16604352	9100000	0	507775947
300000	16786800	9200000	0	508487499
300000	16969264	9300000	0	508862455
300000	17151728	9400000	0	509174257
300000	17334192	9500000	0	509337831
300000	17516656	9600000	0	510908240
300000	17699104	9700000	0	509711928
300000	17881568	9800000	0	510246559
300000	18064032	9900000	0	510840367
400000	182848	100000	282474	798687370
400000	1825008	1000000	352	529731964
400000	18246496	10000000	0	684102972
400000	2007456	1100000	230	535845106
400000	2189920	1200000	176	542187150
400000	2372384	1300000	110	547820248
400000	2554848	1400000	68	552873462
400000	2737312	1500000	56	558242198
400000	2919776	1600000	56	563653530
400000	3102224	1700000	28	568640569
400000	3284688	1800000	30	573273099
400000	3467152	1900000	14	578549898
400000	365312	200000	74780	576922975
400000	3649616	2000000	28	581794781
400000	3832080	2100000	10	587883559
400000	4014528	2200000	18	591180072
400000	4196992	2300000	14	593217695
400000	4379456	2400000	4	596950049
400000	4561920	2500000	4	600814047
400000	4744384	2600000	12	603277062
400000	4926832	2700000	4	606564450
400000	5109296	2800000	6	609778611
400000	5291760	2900000	0	612008667
400000	547776	300000	26490	522219035
400000	5474224	3000000	4	614562986
400000	5656688	3100000	0	616990470
400000	5839152	3200000	4	619990466
400000	6021600	3300000	0	622279598
400000	6204064	3400000	0	624259348
400000	6386528	3500000	0	626504183
400000	6568992	3600000	4	628109856
400000	6751456	3700000	4	630476107
400000	6933904	3800000	0	632490149
400000	7116368	3900000	0	635200561
400000	730240	400000	10828	505800112
400000	7298832	4000000	0	635818008
400000	7481296	4100000	0	638223868
400000	7663760	4200000	0	639065120
400000	7846208	4300000	0	640297241
400000	8028672	4400000	0	642003920
400000	8211136	4500000	0	643678168
400000	8393600	4600000	4	644956109
400000	8576064	4700000	0	646818735
400000	8758528	4800000	0	647111553
400000	8940976	4900000	0	649329708
400000	912704	500000	5112	503347589
400000	9123440	5000000	0	654598794
400000	9305904	5100000	0	651349842
400000	9488368	5200000	0	652817148
400000	9670832	5300000	0	654517541
400000	9853280	5400000	0	654065665
400000	10035744	5500000	0	656571484
400000	10218208	5600000	0	657199052
400000	10400672	5700000	0	657943913
400000	10583136	5800000	0	660119107
400000	10765584	5900000	0	659208036
400000	1095152	600000	2662	506081505
400000	10948048	6000000	0	660846312
400000	11130512	6100000	0	662776703
400000	11312976	6200000	0	662888017
400000	11495440	6300000	0	664165914
400000	11677904	6400000	0	666637422
400000	11860352	6500000	0	666505293
400000	12042816	6600000	0	667008823
400000	12225280	6700000	0	667114062
400000	12407744	6800000	0	668515735
400000	12590208	6900000	0	669447486
400000	1277616	700000	1488	511473123
400000	12772656	7000000	0	669151847
400000	12955120	7100000	0	669834771
400000	13137584	7200000	0	672471292
400000	13320048	7300000	0	671971144
400000	13502512	7400000	0	672751645
400000	13684976	7500000	0	673717230
400000	13867424	7600000	0	673527544
400000	14049888	7700000	0	674339666
400000	14232352	7800000	0	675567036
400000	14414816	7900000	0	676378126
400000	1460080	800000	832	517385245
400000	14597280	8000000	0	678310244
400000	14779728	8100000	0	677684764
400000	14962192	8200000	0	676852320
400000	15144656	8300000	0	683138731
400000	15327120	8400000	0	677355892
400000	15509584	8500000	0	679128350
400000	15692032	8600000	0	679743268
400000	15874496	8700000	0	680762838
400000	16056960	8800000	0	681296309
400000	16239424	8900000	0	679285437
400000	1642544	900000	538	522980447
400000	16421888	9000000	0	679995642
400000	16604352	9100000	0	682411507
400000	16786800	9200000	0	682204536
400000	16969264	9300000	0	680868092
400000	17151728	9400000	0	682531804
400000	17334192	9500000	0	682629031
400000	17516656	9600000	0	681922666
400000	17699104	9700000	0	682630246
400000	17881568	9800000	0	683739321
400000	18064032	9900000	0	683301987
500000	182848	100000	499492	1154321385
500000	1825008	1000000	1048	668577772
500000	18246496	10000000	0	859304033
500000	2007456	1100000	720	676264960
500000	2189920	1200000	494	683607029
500000	2372384	1300000	370	690395260
500000	2554848	1400000	300	697171951
500000	2737312	1500000	210	703572804
500000	2919776	1600000	162	710774076
500000	3102224	1700000	114	715971664
500000	3284688	1800000	72	721169110
500000	3467152	1900000	62	726076599
500000	365312	200000	153318	790479594
500000	3649616	2000000	42	732164376
500000	3832080	2100000	48	736966070
500000	4014528	2200000	48	742901139
500000	4196992	2300000	30	746914700
500000	4379456	2400000	20	752208776
500000	4561920	2500000	22	753859871
500000	4744384	2600000	14	758070866
500000	4926832	2700000	18	761692815
500000	5109296	2800000	10	766534900
500000	5291760	2900000	10	768187479
500000	547776	300000	60620	688675212
500000	5474224	3000000	6	772713040
500000	5656688	3100000	12	775210151
500000	5839152	3200000	2	776649041
500000	6021600	3300000	10	780382947
500000	6204064	3400000	6	783513852
500000	6386528	3500000	4	785385138
500000	6568992	3600000	2	788194169
500000	6751456	3700000	2	790672200
500000	6933904	3800000	2	793183146
500000	7116368	3900000	2	797017007
500000	730240	400000	27754	655510242
500000	7298832	4000000	0	797447543
500000	7481296	4100000	2	800470141
500000	7663760	4200000	0	801735340
500000	7846208	4300000	0	803141777
500000	8028672	4400000	0	805647589
500000	8211136	4500000	0	807272153
500000	8393600	4600000	2	810031163
500000	8576064	4700000	0	810745034
500000	8758528	4800000	0	812393032
500000	8940976	4900000	2	813184219
500000	912704	500000	13584	644231748
500000	9123440	5000000	2	819452999
500000	9305904	5100000	0	816400421
500000	9488368	5200000	2	817362746
500000	9670832	5300000	0	819338994
500000	9853280	5400000	0	820255790
500000	10035744	5500000	0	822121102
500000	10218208	5600000	0	823383350
500000	10400672	5700000	0	824350174
500000	10583136	5800000	0	826078600
500000	10765584	5900000	0	826701415
500000	1095152	600000	7276	643753939
500000	10948048	6000000	0	827934583
500000	11130512	6100000	2	831011896
500000	11312976	6200000	0	829661868
500000	11495440	6300000	0	832231210
500000	11677904	6400000	0	832232840
500000	11860352	6500000	0	832514852
500000	12042816	6600000	0	833607030
500000	12225280	6700000	0	834493801
500000	12407744	6800000	0	835065431
500000	12590208	6900000	0	835932975
500000	1277616	700000	4330	651232870
500000	12772656	7000000	0	836939944
500000	12955120	7100000	0	838156343
500000	13137584	7200000	0	840362181
500000	13320048	7300000	0	838978077
500000	13502512	7400000	0	841971785
500000	13684976	7500000	0	841280368
500000	13867424	7600000	0	843033631
500000	14049888	7700000	0	842673013
500000	14232352	7800000	0	842861683
500000	14414816	7900000	0	843871312
500000	1460080	800000	2526	654648761
500000	14597280	8000000	0	845242460
500000	14779728	8100000	0	846201450
500000	14962192	8200000	0	845357421
500000	15144656	8300000	0	852958733
500000	15327120	8400000	0	846635191
500000	15509584	8500000	0	850168643
500000	15692032	8600000	0	848989329
500000	15874496	8700000	0	850020426
500000	16056960	8800000	0	852630331
500000	16239424	8900000	0	853180949
500000	1642544	900000	1662	661277021
500000	16421888	9000000	0	851630828
500000	16604352	9100000	0	853815913
500000	16786800	9200000	0	855255543
500000	16969264	9300000	0	853086623
500000	17151728	9400000	0	854043134
500000	17334192	9500000	0	856339753
500000	17516656	9600000	0	857164107
500000	17699104	9700000	0	855265027
500000	17881568	9800000	0	857997608
500000	18064032	9900000	0	855784815
600000	182848	100000	774638	1837876005
600000	1825008	1000000	2648	810895728
600000	18246496	10000000	0	1029977034
600000	2007456	1100000	1848	819520536
600000	2189920	1200000	1262	827266240
600000	2372384	1300000	860	834949818
600000	2554848	1400000	696	842517237
600000	2737312	1500000	538	850885034
600000	2919776	1600000	380	857204559
600000	3102224	1700000	280	866463153
600000	3284688	1800000	238	871220921
600000	3467152	1900000	194	877450847
600000	365312	200000	261428	1114444504
600000	3649616	2000000	126	887004230
600000	3832080	2100000	114	890860869
600000	4014528	2200000	86	896779564
600000	4196992	2300000	84	901637646
600000	4379456	2400000	84	905208452
600000	4561920	2500000	44	909766752
600000	4744384	2600000	32	913663506
600000	4926832	2700000	38	918986672
600000	5109296	2800000	40	923713315
600000	5291760	2900000	20	927911042
600000	547776	300000	113888	876873867
600000	5474224	3000000	28	929886201
600000	5656688	3100000	26	933457235
600000	5839152	3200000	18	937146102
600000	6021600	3300000	8	940795568
600000	6204064	3400000	16	944537147
600000	6386528	3500000	16	947513999
600000	6568992	3600000	8	949762015
600000	6751456	3700000	8	954272976
600000	6933904	3800000	4	954990414
600000	7116368	3900000	14	960662194
600000	730240	400000	55326	816914248
600000	7298832	4000000	8	961350753
600000	7481296	4100000	4	963696640
600000	7663760	4200000	12	964527872
600000	7846208	4300000	0	967078072
600000	8028672	4400000	0	969385289
600000	8211136	4500000	6	974740856
600000	8393600	4600000	0	973710884
600000	8576064	4700000	0	976290962
600000	8758528	4800000	6	977237254
600000	8940976	4900000	2	980071633
600000	912704	500000	29030	794901814
600000	9123440	5000000	4	982840571
600000	9305904	5100000	4	982530647
600000	9488368	5200000	0	984534566
600000	9670832	5300000	0	987003604
600000	9853280	5400000	0	987868468
600000	10035744	5500000	0	989001734
600000	10218208	5600000	6	990664586
600000	10400672	5700000	0	992623016
600000	10583136	5800000	2	992596928
600000	10765584	5900000	4	995256727
600000	1095152	600000	16200	788235355
600000	10948048	6000000	0	997061902
600000	11130512	6100000	0	999741363
600000	11312976	6200000	0	999377893
600000	11495440	6300000	4	1000581138
600000	11677904	6400000	0	1001407390
600000	11860352	6500000	0	1002051198
600000	12042816	6600000	0	1002991284
600000	12225280	6700000	4	1004025691
600000	12407744	6800000	0	1005283781
600000	12590208	6900000	0	1005611397
600000	1277616	700000	9790	790061646
600000	12772656	7000000	0	1007202995
600000	12955120	7100000	2	1008279211
600000	13137584	7200000	2	1009644674
600000	13320048	7300000	0	1010384992
600000	13502512	7400000	0	1011465789
600000	13684976	7500000	0	1013027030
600000	13867424	7600000	0	1013428283
600000	14049888	7700000	0	1012800042
600000	14232352	7800000	0	1014763365
600000	14414816	7900000	0	1014406038
600000	1460080	800000	6026	795483284
600000	14597280	8000000	0	1015908551
600000	14779728	8100000	0	1016182477
600000	14962192	8200000	0	1017006232
600000	15144656	8300000	2	1025633470
600000	15327120	8400000	0	1018108388
600000	15509584	8500000	0	1019608499
600000	15692032	8600000	0	1019247513
600000	15874496	8700000	2	1021309729
600000	16056960	8800000	0	1020180213
600000	16239424	8900000	0	1021770549
600000	1642544	900000	4000	802701514
600000	16421888	9000000	0	1022596617
600000	16604352	9100000	0	1022475964
600000	16786800	9200000	0	1022947607
600000	16969264	9300000	0	1023125847
600000	17151728	9400000	0	1024489540
600000	17334192	9500000	0	1024745876
600000	17516656	9600000	0	1025541585
600000	17699104	9700000	2	1027546720
600000	17881568	9800000	0	1028260961
600000	18064032	9900000	0	1029462216
700000	182848	100000	1100802	2266901216
700000	1825008	1000000	5816	952911728
700000	18246496	10000000	0	1198267049
700000	2007456	1100000	3694	962379900
700000	2189920	1200000	2874	970399498
700000	2372384	1300000	2070	979579704
700000	2554848	1400000	1522	987763150
700000	2737312	1500000	1210	995953571
700000	2919776	1600000	882	1004568231
700000	3102224	1700000	664	1012971861
700000	3284688	1800000	596	1019668950
700000	3467152	1900000	438	1026855483
700000	365312	200000	399554	1402786794
700000	3649616	2000000	348	1033941639
700000	3832080	2100000	276	1040381598
700000	4014528	2200000	198	1046412948
700000	4196992	2300000	158	1054957608
700000	4379456	2400000	146	1057834498
700000	4561920	2500000	152	1066120419
700000	4744384	2600000	110	1069046391
700000	4926832	2700000	86	1073307074
700000	5109296	2800000	100	1077817265
700000	5291760	2900000	80	1083661321
700000	547776	300000	186106	1084326337
700000	5474224	3000000	36	1087559355
700000	5656688	3100000	48	1091270875
700000	5839152	3200000	44	1094038548
700000	6021600	3300000	36	1099510011
700000	6204064	3400000	42	1102743600
700000	6386528	3500000	18	1105532535
700000	6568992	3600000	24	1109334366
700000	6751456	3700000	12	1113828020
700000	6933904	3800000	20	1115821924
700000	7116368	3900000	26	1122140392
700000	730240	400000	96282	991540070
700000	7298832	4000000	12	1120835376
700000	7481296	4100000	10	1124399666
700000	7663760	4200000	14	1127130583
700000	7846208	4300000	20	1129513329
700000	8028672	4400000	8	1131972576
700000	8211136	4500000	4	1135137960
700000	8393600	4600000	10	1137337979
700000	8576064	4700000	6	1139174624
700000	8758528	4800000	0	1141559056
700000	8940976	4900000	6	1143467082
700000	912704	500000	53678	952369795
700000	9123440	5000000	8	1150869129
700000	9305904	5100000	0	1148099412
700000	9488368	5200000	2	1149082238
700000	9670832	5300000	4	1151759335
700000	9853280	5400000	2	1152869479
700000	10035744	5500000	2	1155538392
700000	10218208	5600000	8	1157436359
700000	10400672	5700000	0	1157555736
700000	10583136	5800000	2	1159557103
700000	10765584	5900000	0	1160734485
700000	1095152	600000	31690	938686967
700000	10948048	6000000	0	1162083569
700000	11130512	6100000	2	1166306246
700000	11312976	6200000	0	1170998349
700000	11495440	6300000	0	1166404029
700000	11677904	6400000	0	1166974395
700000	11860352	6500000	0	1168853257
700000	12042816	6600000	0	1169855545
700000	12225280	6700000	2	1173487762
700000	12407744	6800000	0	1172762905
700000	12590208	6900000	0	1173558936
700000	1277616	700000	19206	934507953
700000	12772656	7000000	0	1173455023
700000	12955120	7100000	0	1175639684
700000	13137584	7200000	0	1177349473
700000	13320048	7300000	2	1176996819
700000	13502512	7400000	0	1178861347
700000	13684976	7500000	0	1180323199
700000	13867424	7600000	2	1180813013
700000	14049888	7700000	0	1180568033
700000	14232352	7800000	2	1183776408
700000	14414816	7900000	0	1184013882
700000	1460080	800000	12106	938687590
700000	14597280	8000000	0	1185367288
700000	14779728	8100000	0	1187647199
700000	14962192	8200000	2	1187584105
700000	15144656	8300000	0	1196309943
700000	15327120	8400000	2	1188403969
700000	15509584	8500000	0	1189650709
700000	15692032	8600000	0	1189978640
700000	15874496	8700000	0	1191314820
700000	16056960	8800000	0	1191100152
700000	16239424	8900000	0	1192471260
700000	1642544	900000	8148	945089976
700000	16421888	9000000	0	1191845179
700000	16604352	9100000	0	1193948746
700000	16786800	9200000	2	1194473181
700000	16969264	9300000	0	1195995424
700000	17151728	9400000	0	1195861506
700000	17334192	9500000	0	1196585949
700000	17516656	9600000	2	1198754112
700000	17699104	9700000	0	1197957706
700000	17881568	9800000	0	1197196094
700000	18064032	9900000	0	1198958675
800000	182848	100000	1468938	2762955066
800000	1825008	1000000	10034	1100872679
800000	18246496	10000000	0	1377511612
800000	2007456	1100000	7348	1109918806
800000	2189920	1200000	5224	1119475279
800000	2372384	1300000	3888	1128369030
800000	2554848	1400000	2926	1139960711
800000	2737312	1500000	2238	1147471521
800000	2919776	1600000	1658	1161339067
800000	3102224	1700000	1290	1169655012
800000	3284688	1800000	1036	1178670047
800000	3467152	1900000	878	1188262015
800000	365312	200000	569862	1725594198
800000	3649616	2000000	686	1195401880
800000	3832080	2100000	580	1205380945
800000	4014528	2200000	434	1209384340
800000	4196992	2300000	350	1218719442
800000	4379456	2400000	302	1223871150
800000	4561920	2500000	238	1231808045
800000	4744384	2600000	194	1234906461
800000	4926832	2700000	192	1241125739
800000	5109296	2800000	134	1246392043
800000	5291760	2900000	144	1252023146
800000	547776	300000	278400	1414251599
800000	5474224	3000000	122	1255875402
800000	5656688	3100000	94	1260460246
800000	5839152	3200000	70	1264545203
800000	6021600	3300000	68	1269527980
800000	6204064	3400000	80	1273774692
800000	6386528	3500000	54	1277406466
800000	6568992	3600000	78	1280776338
800000	6751456	3700000	26	1285310030
800000	6933904	3800000	36	1287419123
800000	7116368	3900000	28	1296473201
800000	730240	400000	151532	1185825305
800000	7298832	4000000	36	1294666654
800000	7481296	4100000	30	1298926998
800000	7663760	4200000	18	1300000350
800000	7846208	4300000	32	1304535370
800000	8028672	4400000	20	1305941773
800000	8211136	4500000	26	1309957271
800000	8393600	4600000	8	1311292959
800000	8576064	4700000	22	1314029435
800000	8758528	4800000	10	1315282828
800000	8940976	4900000	6	1318677349
800000	912704	500000	87788	1125045089
800000	9123440	5000000	4	1328718368
800000	9305904	5100000	18	1322136560
800000	9488368	5200000	16	1326283307
800000	9670832	5300000	10	1326560664
800000	9853280	5400000	6	1327552721
800000	10035744	5500000	10	1328838591
800000	10218208	5600000	10	1331679291
800000	10400672	5700000	2	1334944478
800000	10583136	5800000	2	1335076381
800000	10765584	5900000	4	1335522349
800000	1095152	600000	52676	1098269890
800000	10948048	6000000	4	1338288301
800000	11130512	6100000	6	1342157134
800000	11312976	6200000	4	1341525574
800000	11495440	6300000	4	1342535031
800000	11677904	6400000	0	1343710096
800000	11860352	6500000	2	1344691466
800000	12042816	6600000	4	1349989121
800000	12225280	6700000	0	1349009414
800000	12407744	6800000	4	1349529698
800000	12590208	6900000	4	1351484113
800000	1277616	700000	33340	1088953291
800000	12772656	7000000	2	1354836536
800000	12955120	7100000	2	1355033914
800000	13137584	7200000	2	1355328572
800000	13320048	7300000	2	1355920362
800000	13502512	7400000	0	1360258534
800000	13684976	7500000	0	1359132943
800000	13867424	7600000	2	1361864692
800000	14049888	7700000	2	1362875717
800000	14232352	7800000	0	1360291024
800000	14414816	7900000	0	1360868115
800000	1460080	800000	21970	1089311356
800000	14597280	8000000	4	1362574798
800000	14779728	8100000	2	1362137118
800000	14962192	8200000	4	1363482579
800000	15144656	8300000	0	1376562810
800000	15327120	8400000	0	1365724087
800000	15509584	8500000	0	1365659701
800000	15692032	8600000	0	1370063473
800000	15874496	8700000	0	1369498715
800000	16056960	8800000	0	1368425657
800000	16239424	8900000	2	1369637446
800000	1642544	900000	14846	1094626494
800000	16421888	9000000	0	1371019336
800000	16604352	9100000	0	1373806110
800000	16786800	9200000	0	1372691590
800000	16969264	9300000	2	1373021097
800000	17151728	9400000	0	1371910781
800000	17334192	9500000	0	1374026762
800000	17516656	9600000	0	1376725340
800000	17699104	9700000	0	1378069838
800000	17881568	9800000	0	1375555807
800000	18064032	9900000	2	1380139958
900000	182848	100000	1870678	3717444601
900000	1825008	1000000	17524	1249428399
900000	18246496	10000000	0	1551071735
900000	2007456	1100000	12928	1258430812
900000	2189920	1200000	9318	1268513220
900000	2372384	1300000	6710	1275486897
900000	2554848	1400000	5184	1285599497
900000	2737312	1500000	3894	1295346244
900000	2919776	1600000	3066	1305315112
900000	3102224	1700000	2478	1315431383
900000	3284688	1800000	1996	1323200041
900000	3467152	1900000	1502	1332208415
900000	365312	200000	768412	2075547741
900000	3649616	2000000	1222	1340923075
900000	3832080	2100000	1038	1349478238
900000	4014528	2200000	776	1357567812
900000	4196992	2300000	694	1363000388
900000	4379456	2400000	578	1372507169
900000	4561920	2500000	486	1377999212
900000	4744384	2600000	424	1383213094
900000	4926832	2700000	350	1389753519
900000	5109296	2800000	324	1396752603
900000	5291760	2900000	260	1400038883
900000	547776	300000	392906	1673527141
900000	5474224	3000000	222	1407707237
900000	5656688	3100000	182	1411555587
900000	5839152	3200000	168	1416612033
900000	6021600	3300000	150	1421549007
900000	6204064	3400000	132	1427679731
900000	6386528	3500000	132	1430054125
900000	6568992	3600000	98	1433590505
900000	6751456	3700000	90	1438961389
900000	6933904	3800000	50	1442204023
900000	7116368	3900000	74	1447896458
900000	730240	400000	221724	1393751162
900000	7298832	4000000	58	1450749638
900000	7481296	4100000	52	1453518437
900000	7663760	4200000	56	1455237620
900000	7846208	4300000	26	1458555657
900000	8028672	4400000	44	1463666507
900000	8211136	4500000	38	1466271774
900000	8393600	4600000	30	1468266330
900000	8576064	4700000	20	1471506340
900000	8758528	4800000	34	1473121670
900000	8940976	4900000	24	1476559129
900000	912704	500000	133274	1306924963
900000	9123440	5000000	26	1488182439
900000	9305904	5100000	22	1480617118
900000	9488368	5200000	16	1482564338
900000	9670832	5300000	24	1485360178
900000	9853280	5400000	14	1487427444
900000	10035744	5500000	22	1490327394
900000	10218208	5600000	12	1491753418
900000	10400672	5700000	12	1494652780
900000	10583136	5800000	14	1496531439
900000	10765584	5900000	6	1498554471
900000	1095152	600000	83684	1266295095
900000	10948048	6000000	4	1499210611
900000	11130512	6100000	4	1505265628
900000	11312976	6200000	4	1504023308
900000	11495440	6300000	6	1505696991
900000	11677904	6400000	10	1507934880
900000	11860352	6500000	4	1511144317
900000	12042816	6600000	0	1512172434
900000	12225280	6700000	6	1513586887
900000	12407744	6800000	0	1515081643
900000	12590208	6900000	6	1516602000
900000	1277616	700000	53980	1246964756
900000	12772656	7000000	6	1516257234
900000	12955120	7100000	8	1520646088
900000	13137584	7200000	0	1521426794
900000	13320048	7300000	4	1521520380
900000	13502512	7400000	4	1524293178
900000	13684976	7500000	0	1524946999
900000	13867424	7600000	6	1526738124
900000	14049888	7700000	10	1526240118
900000	14232352	7800000	2	1528034658
900000	14414816	7900000	6	1529668661
900000	1460080	800000	35794	1242098271
900000	14597280	8000000	0	1530501262
900000	14779728	8100000	6	1531318940
900000	14962192	8200000	2	1533759290
900000	15144656	8300000	6	1543501888
900000	15327120	8400000	2	1534577631
900000	15509584	8500000	0	1535532656
900000	15692032	8600000	0	1537841548
900000	15874496	8700000	2	1540115400
900000	16056960	8800000	0	1540345422
900000	16239424	8900000	2	1541398864
900000	1642544	900000	25110	1244987468
900000	16421888	9000000	2	1541413446
900000	16604352	9100000	2	1544172409
900000	16786800	9200000	2	1544014121
900000	16969264	9300000	0	1544017887
900000	17151728	9400000	0	1545639434
900000	17334192	9500000	2	1547861725
900000	17516656	9600000	0	1546548021
900000	17699104	9700000	4	1549395097
900000	17881568	9800000	0	1552265404
900000	18064032	9900000	0	1549265380
