100000	13278032	10000	229728	344806512
100000	15102640	1010000	0	125893050
100000	13460496	110000	1948	118202350
100000	15285104	1110000	0	128144558
100000	15467568	1210000	0	129226088
100000	15650016	1310000	0	129793332
100000	15832480	1410000	0	132257196
100000	16014944	1510000	0	133785997
100000	16197408	1610000	0	134543276
100000	16379872	1710000	0	135873992
100000	16562336	1810000	0	136827497
100000	16744784	1910000	0	138666417
100000	16927248	2010000	0	139509618
100000	13642944	210000	186	114086459
100000	17109712	2110000	0	140936107
100000	17292176	2210000	0	141902222
100000	17474640	2310000	0	143114614
100000	17657088	2410000	0	143364725
100000	17839552	2510000	0	144723545
100000	18022016	2610000	0	144849635
100000	18204480	2710000	0	147257649
100000	18386944	2810000	0	147252645
100000	18569392	2910000	0	146028330
100000	18751856	3010000	0	148875612
100000	13825408	310000	26	113694048
100000	18934320	3110000	0	149381177
100000	19116784	3210000	0	149450418
100000	19299248	3310000	0	149833409
100000	19481712	3410000	0	151514681
100000	19664160	3510000	0	152185862
100000	19846624	3610000	0	152138281
100000	20029088	3710000	0	151983813
100000	20211552	3810000	0	153091929
100000	20394016	3910000	0	153370402
100000	20576464	4010000	0	152333395
100000	14007872	410000	6	114492415
100000	20758928	4110000	0	153913806
100000	20941392	4210000	0	155151862
100000	21123856	4310000	0	154735878
100000	21306320	4410000	0	156233923
100000	21488768	4510000	0	155617161
100000	21671232	4610000	0	155977019
100000	21853696	4710000	0	157249672
100000	22036160	4810000	0	157307019
100000	22218624	4910000	0	158197334
100000	22401088	5010000	0	159569599
100000	14190336	510000	0	114462538
100000	22583536	5110000	0	157445445
100000	22766000	5210000	0	157846222
100000	22948464	5310000	0	159054345
100000	23130928	5410000	0	158285853
100000	23313392	5510000	0	158548425
100000	23495840	5610000	0	159518953
100000	23678304	5710000	0	160047094
100000	23860768	5810000	0	161008263
100000	24043232	5910000	0	160453185
100000	24225696	6010000	0	159195037
100000	14372800	610000	0	118065668
100000	24408160	6110000	0	162120570
100000	24590608	6210000	0	161511803
100000	24773072	6310000	0	161157309
100000	24955536	6410000	0	159876938
100000	25138000	6510000	0	161431803
100000	25320464	6610000	0	162702790
100000	25502912	6710000	0	160660500
100000	25685376	6810000	0	161706028
100000	25867840	6910000	0	162942731
100000	26050304	7010000	0	161596198
100000	14555264	710000	2	118207689
100000	26232768	7110000	0	163762121
100000	26415216	7210000	0	164675496
100000	26597680	7310000	0	162736916
100000	26780144	7410000	0	161814955
100000	26962608	7510000	0	162008885
100000	27145072	7610000	0	163482604
100000	27327536	7710000	0	162863539
100000	27509984	7810000	0	165333366
100000	27692448	7910000	0	164125422
100000	27874912	8010000	0	162546896
100000	14737712	810000	0	123401143
100000	28057376	8110000	0	164127701
100000	28239840	8210000	0	165312039
100000	28422288	8310000	0	162944148
100000	28604752	8410000	0	164194240
100000	28787216	8510000	0	164182104
100000	28969680	8610000	0	165301329
100000	29152144	8710000	0	163999359
100000	29334592	8810000	0	165437015
100000	29517056	8910000	0	165828571
100000	29699520	9010000	0	165293736
100000	14920176	910000	0	124369036
100000	29881984	9110000	0	165075500
100000	30064448	9210000	0	164736456
100000	30246912	9310000	0	166594137
100000	30429360	9410000	0	165838521
100000	30611824	9510000	0	164966736
100000	30794288	9610000	0	165644364
100000	30976752	9710000	0	165240033
100000	31159216	9810000	0	165865740
100000	31341664	9910000	0	165331812
10000	13278032	10000	218	273786568
10000	15102640	1010000	0	12678399
10000	13460496	110000	0	10791035
10000	15285104	1110000	0	12168606
10000	15467568	1210000	0	14032088
10000	15650016	1310000	0	12669536
10000	15832480	1410000	0	13276028
10000	16014944	1510000	0	13663509
10000	16197408	1610000	0	13019235
10000	16379872	1710000	0	13137607
10000	16562336	1810000	0	14563385
10000	16744784	1910000	0	14954884
10000	16927248	2010000	0	14521134
10000	13642944	210000	0	13034759
10000	17109712	2110000	0	13815556
10000	17292176	2210000	0	13770709
10000	17474640	2310000	0	14474738
10000	17657088	2410000	0	13503195
10000	17839552	2510000	0	13933113
10000	18022016	2610000	0	13704180
10000	18204480	2710000	0	14643544
10000	18386944	2810000	0	13864654
10000	18569392	2910000	0	15386579
10000	18751856	3010000	0	15358378
10000	13825408	310000	0	12105559
10000	18934320	3110000	0	16076999
10000	19116784	3210000	0	14978534
10000	19299248	3310000	0	15504335
10000	19481712	3410000	0	15630573
10000	19664160	3510000	0	14398719
10000	19846624	3610000	0	15080039
10000	20029088	3710000	0	14705538
10000	20211552	3810000	0	14994891
10000	20394016	3910000	0	15271695
10000	20576464	4010000	0	16691956
10000	14007872	410000	0	12064795
10000	20758928	4110000	0	16238036
10000	20941392	4210000	0	15988544
10000	21123856	4310000	0	16320462
10000	21306320	4410000	0	16689771
10000	21488768	4510000	0	16815296
10000	21671232	4610000	0	15107257
10000	21853696	4710000	0	16666901
10000	22036160	4810000	0	15368876
10000	22218624	4910000	0	15572119
10000	22401088	5010000	0	16491039
10000	14190336	510000	0	12428098
10000	22583536	5110000	0	15856117
10000	22766000	5210000	0	16936095
10000	22948464	5310000	0	15208115
10000	23130928	5410000	0	16813459
10000	23313392	5510000	0	17548255
10000	23495840	5610000	0	15345304
10000	23678304	5710000	0	16084780
10000	23860768	5810000	0	15957927
10000	24043232	5910000	0	15365307
10000	24225696	6010000	0	16640637
10000	14372800	610000	0	12521976
10000	24408160	6110000	0	16603599
10000	24590608	6210000	0	15631248
10000	24773072	6310000	0	16994368
10000	24955536	6410000	0	16887940
10000	25138000	6510000	0	15873105
10000	25320464	6610000	0	16147928
10000	25502912	6710000	0	15735837
10000	25685376	6810000	0	15558407
10000	25867840	6910000	0	15560625
10000	26050304	7010000	0	16820024
10000	14555264	710000	0	12376145
10000	26232768	7110000	0	17049784
10000	26415216	7210000	0	16518455
10000	26597680	7310000	0	16439678
10000	26780144	7410000	0	16179881
10000	26962608	7510000	0	16367168
10000	27145072	7610000	0	15805489
10000	27327536	7710000	0	15948853
10000	27509984	7810000	0	17435797
10000	27692448	7910000	0	17130423
10000	27874912	8010000	0	16019892
10000	14737712	810000	0	12727162
10000	28057376	8110000	0	15729901
10000	28239840	8210000	0	16267663
10000	28422288	8310000	0	16263457
10000	28604752	8410000	0	16514926
10000	28787216	8510000	0	16334890
10000	28969680	8610000	0	17295860
10000	29152144	8710000	0	17220552
10000	29334592	8810000	0	16479037
10000	29517056	8910000	0	16071018
10000	29699520	9010000	0	16139549
10000	14920176	910000	0	12849721
10000	29881984	9110000	0	16543002
10000	30064448	9210000	0	17685217
10000	30246912	9310000	0	16393950
10000	30429360	9410000	0	17566050
10000	30611824	9510000	0	16298611
10000	30794288	9610000	0	17132114
10000	30976752	9710000	0	16379525
10000	31159216	9810000	0	16381123
10000	31341664	9910000	0	16297499
20000	13278032	10000	3760	50030296
20000	15102640	1010000	0	24488383
20000	13460496	110000	2	21361171
20000	15285104	1110000	0	25881882
20000	15467568	1210000	0	27078011
20000	15650016	1310000	0	26678456
20000	15832480	1410000	0	27016532
20000	16014944	1510000	0	28025134
20000	16197408	1610000	0	28500660
20000	16379872	1710000	0	26566990
20000	16562336	1810000	0	28169546
20000	16744784	1910000	0	28949604
20000	16927248	2010000	0	27744713
20000	13642944	210000	0	23857214
20000	17109712	2110000	0	28282537
20000	17292176	2210000	0	29805475
20000	17474640	2310000	0	28584116
20000	17657088	2410000	0	30953179
20000	17839552	2510000	0	28960124
20000	18022016	2610000	0	30025677
20000	18204480	2710000	0	29518601
20000	18386944	2810000	0	31341929
20000	18569392	2910000	0	29937813
20000	18751856	3010000	0	31066698
20000	13825408	310000	0	23694436
20000	18934320	3110000	0	30481834
20000	19116784	3210000	0	31853933
20000	19299248	3310000	0	30075796
20000	19481712	3410000	0	30459967
20000	19664160	3510000	0	30619893
20000	19846624	3610000	0	31167234
20000	20029088	3710000	0	31543645
20000	20211552	3810000	0	31241771
20000	20394016	3910000	0	31425934
20000	20576464	4010000	0	31801174
20000	14007872	410000	0	25465857
20000	20758928	4110000	0	31664580
20000	20941392	4210000	0	32052844
20000	21123856	4310000	0	32935505
20000	21306320	4410000	0	32657112
20000	21488768	4510000	0	32618582
20000	21671232	4610000	0	32905542
20000	21853696	4710000	0	33035678
20000	22036160	4810000	0	33010334
20000	22218624	4910000	0	32295866
20000	22401088	5010000	0	33368417
20000	14190336	510000	0	23699876
20000	22583536	5110000	0	32404797
20000	22766000	5210000	0	32329815
20000	22948464	5310000	0	32070528
20000	23130928	5410000	0	32572635
20000	23313392	5510000	0	33059046
20000	23495840	5610000	0	32391822
20000	23678304	5710000	0	33656404
20000	23860768	5810000	0	32221518
20000	24043232	5910000	0	32657153
20000	24225696	6010000	0	31950814
20000	14372800	610000	0	22721239
20000	24408160	6110000	0	33038939
20000	24590608	6210000	0	32191743
20000	24773072	6310000	0	33377136
20000	24955536	6410000	0	32665389
20000	25138000	6510000	0	32657753
20000	25320464	6610000	0	32627695
20000	25502912	6710000	0	33732163
20000	25685376	6810000	0	32547188
20000	25867840	6910000	0	32513316
20000	26050304	7010000	0	33942914
20000	14555264	710000	0	25833798
20000	26232768	7110000	0	33493762
20000	26415216	7210000	0	34116764
20000	26597680	7310000	0	32607594
20000	26780144	7410000	0	32562146
20000	26962608	7510000	0	32966912
20000	27145072	7610000	0	32649332
20000	27327536	7710000	0	33932306
20000	27509984	7810000	0	33364149
20000	27692448	7910000	0	33755083
20000	27874912	8010000	0	34386356
20000	14737712	810000	0	24412468
20000	28057376	8110000	0	32778354
20000	28239840	8210000	0	32979125
20000	28422288	8310000	0	33003588
20000	28604752	8410000	0	34369512
20000	28787216	8510000	0	33011864
20000	28969680	8610000	0	33878150
20000	29152144	8710000	0	34438003
20000	29334592	8810000	0	32836248
20000	29517056	8910000	0	33490030
20000	29699520	9010000	0	33857363
20000	14920176	910000	0	26574591
20000	29881984	9110000	0	33376565
20000	30064448	9210000	0	32268786
20000	30246912	9310000	0	33177101
20000	30429360	9410000	0	33065191
20000	30611824	9510000	0	34162542
20000	30794288	9610000	0	33679460
20000	30976752	9710000	0	34234949
20000	31159216	9810000	0	34128775
20000	31341664	9910000	0	33182577
30000	13278032	10000	13012	75920981
30000	15102640	1010000	0	37818067
30000	13460496	110000	8	32250990
30000	15285104	1110000	0	37643083
30000	15467568	1210000	0	37967780
30000	15650016	1310000	0	38832844
30000	15832480	1410000	0	39889703
30000	16014944	1510000	0	41099059
30000	16197408	1610000	0	41836429
30000	16379872	1710000	0	41756979
30000	16562336	1810000	0	42081994
30000	16744784	1910000	0	41224087
30000	16927248	2010000	0	42280887
30000	13642944	210000	0	32689777
30000	17109712	2110000	0	42130199
30000	17292176	2210000	0	42210882
30000	17474640	2310000	0	42488873
30000	17657088	2410000	0	42968468
30000	17839552	2510000	0	44283889
30000	18022016	2610000	0	43959136
30000	18204480	2710000	0	44923454
30000	18386944	2810000	0	44160678
30000	18569392	2910000	0	44726862
30000	18751856	3010000	0	46000296
30000	13825408	310000	0	32742339
30000	18934320	3110000	0	45308636
30000	19116784	3210000	0	45976818
30000	19299248	3310000	0	44903380
30000	19481712	3410000	0	46533501
30000	19664160	3510000	0	45150229
30000	19846624	3610000	0	46595039
30000	20029088	3710000	0	47777045
30000	20211552	3810000	0	46582687
30000	20394016	3910000	0	45928381
30000	20576464	4010000	0	46582078
30000	14007872	410000	0	34750383
30000	20758928	4110000	0	46750030
30000	20941392	4210000	0	47470702
30000	21123856	4310000	0	47608209
30000	21306320	4410000	0	46277107
30000	21488768	4510000	0	47115791
30000	21671232	4610000	0	48291787
30000	21853696	4710000	0	48105191
30000	22036160	4810000	0	47974493
30000	22218624	4910000	0	45979642
30000	22401088	5010000	0	47686160
30000	14190336	510000	0	33713223
30000	22583536	5110000	0	48564831
30000	22766000	5210000	0	47307136
30000	22948464	5310000	0	47616097
30000	23130928	5410000	0	48275994
30000	23313392	5510000	0	47947268
30000	23495840	5610000	0	48307839
30000	23678304	5710000	0	47796100
30000	23860768	5810000	0	48182182
30000	24043232	5910000	0	48856890
30000	24225696	6010000	0	49122783
30000	14372800	610000	0	34642293
30000	24408160	6110000	0	49585301
30000	24590608	6210000	0	48065240
30000	24773072	6310000	0	49392792
30000	24955536	6410000	0	48605403
30000	25138000	6510000	0	48732740
30000	25320464	6610000	0	49247631
30000	25502912	6710000	0	48754004
30000	25685376	6810000	0	49397757
30000	25867840	6910000	0	47775262
30000	26050304	7010000	0	48842609
30000	14555264	710000	0	37592425
30000	26232768	7110000	0	48515281
30000	26415216	7210000	0	49632774
30000	26597680	7310000	0	50224824
30000	26780144	7410000	0	49954376
30000	26962608	7510000	0	48942558
30000	27145072	7610000	0	50973446
30000	27327536	7710000	0	49266937
30000	27509984	7810000	0	48968392
30000	27692448	7910000	0	50357021
30000	27874912	8010000	0	48973616
30000	14737712	810000	0	36096740
30000	28057376	8110000	0	49939810
30000	28239840	8210000	0	49131609
30000	28422288	8310000	0	50031918
30000	28604752	8410000	0	49462952
30000	28787216	8510000	0	49341027
30000	28969680	8610000	0	50093727
30000	29152144	8710000	0	50640928
30000	29334592	8810000	0	49752833
30000	29517056	8910000	0	49580082
30000	29699520	9010000	0	50060180
30000	14920176	910000	0	38255755
30000	29881984	9110000	0	49790906
30000	30064448	9210000	0	49953914
30000	30246912	9310000	0	49818581
30000	30429360	9410000	0	49970108
30000	30611824	9510000	0	49635149
30000	30794288	9610000	0	49919801
30000	30976752	9710000	0	49486307
30000	31159216	9810000	0	49411908
30000	31341664	9910000	0	50960712
40000	13278032	10000	28418	85856055
40000	15102640	1010000	0	51096602
40000	13460496	110000	28	43540583
40000	15285104	1110000	0	50250099
40000	15467568	1210000	0	51068472
40000	15650016	1310000	0	53129563
40000	15832480	1410000	0	53406727
40000	16014944	1510000	0	52732264
40000	16197408	1610000	0	53614165
40000	16379872	1710000	0	54182385
40000	16562336	1810000	0	55864575
40000	16744784	1910000	0	55745961
40000	16927248	2010000	0	56511672
40000	13642944	210000	4	44639353
40000	17109712	2110000	0	56367880
40000	17292176	2210000	0	56502426
40000	17474640	2310000	0	57286795
40000	17657088	2410000	0	57023452
40000	17839552	2510000	0	57465606
40000	18022016	2610000	0	57917625
40000	18204480	2710000	0	59305441
40000	18386944	2810000	0	58971868
40000	18569392	2910000	0	58677204
40000	18751856	3010000	0	60568576
40000	13825408	310000	0	45208560
40000	18934320	3110000	0	59500751
40000	19116784	3210000	0	59382264
40000	19299248	3310000	0	59887877
40000	19481712	3410000	0	59976549
40000	19664160	3510000	0	60992106
40000	19846624	3610000	0	61153611
40000	20029088	3710000	0	59557425
40000	20211552	3810000	0	60470379
40000	20394016	3910000	0	61380331
40000	20576464	4010000	0	62229187
40000	14007872	410000	0	45004939
40000	20758928	4110000	0	62390713
40000	20941392	4210000	0	61823162
40000	21123856	4310000	0	61933171
40000	21306320	4410000	0	62097314
40000	21488768	4510000	0	63229658
40000	21671232	4610000	0	63388910
40000	21853696	4710000	0	62375219
40000	22036160	4810000	0	63804120
40000	22218624	4910000	0	63194580
40000	22401088	5010000	0	64149852
40000	14190336	510000	0	46144014
40000	22583536	5110000	0	64413468
40000	22766000	5210000	0	63624491
40000	22948464	5310000	0	64008140
40000	23130928	5410000	0	64149083
40000	23313392	5510000	0	64756878
40000	23495840	5610000	0	65063685
40000	23678304	5710000	0	64230968
40000	23860768	5810000	0	64106751
40000	24043232	5910000	0	65226015
40000	24225696	6010000	0	64163806
40000	14372800	610000	0	47072095
40000	24408160	6110000	0	63801583
40000	24590608	6210000	0	63988790
40000	24773072	6310000	0	65210280
40000	24955536	6410000	0	65305198
40000	25138000	6510000	0	63380948
40000	25320464	6610000	0	63597955
40000	25502912	6710000	0	64996334
40000	25685376	6810000	0	64903701
40000	25867840	6910000	0	65115382
40000	26050304	7010000	0	66004515
40000	14555264	710000	0	49215259
40000	26232768	7110000	0	65309838
40000	26415216	7210000	0	64523794
40000	26597680	7310000	0	67545628
40000	26780144	7410000	0	65040543
40000	26962608	7510000	0	65361620
40000	27145072	7610000	0	65071100
40000	27327536	7710000	0	66752742
40000	27509984	7810000	0	65783661
40000	27692448	7910000	0	65760164
40000	27874912	8010000	0	64554794
40000	14737712	810000	0	49059766
40000	28057376	8110000	0	65920368
40000	28239840	8210000	0	66466526
40000	28422288	8310000	0	66844949
40000	28604752	8410000	0	65801294
40000	28787216	8510000	0	66481478
40000	28969680	8610000	0	66246002
40000	29152144	8710000	0	65692472
40000	29334592	8810000	0	66600622
40000	29517056	8910000	0	66587262
40000	29699520	9010000	0	67166960
40000	14920176	910000	0	48207675
40000	29881984	9110000	0	66104854
40000	30064448	9210000	0	66767068
40000	30246912	9310000	0	65268676
40000	30429360	9410000	0	66225940
40000	30611824	9510000	0	65803255
40000	30794288	9610000	0	66152268
40000	30976752	9710000	0	67396577
40000	31159216	9810000	0	68568434
40000	31341664	9910000	0	66801003
50000	13278032	10000	50200	117264573
50000	15102640	1010000	0	63552653
50000	13460496	110000	80	54974106
50000	15285104	1110000	0	62770143
50000	15467568	1210000	0	64073899
50000	15650016	1310000	0	65156978
50000	15832480	1410000	0	65754762
50000	16014944	1510000	0	67803815
50000	16197408	1610000	0	68292469
50000	16379872	1710000	0	67946861
50000	16562336	1810000	0	68721418
50000	16744784	1910000	0	69204921
50000	16927248	2010000	0	70491101
50000	13642944	210000	6	57229306
50000	17109712	2110000	0	70816138
50000	17292176	2210000	0	71106116
50000	17474640	2310000	0	71544274
50000	17657088	2410000	0	73408262
50000	17839552	2510000	0	73230054
50000	18022016	2610000	0	73663007
50000	18204480	2710000	0	73634186
50000	18386944	2810000	0	73479484
50000	18569392	2910000	0	74446071
50000	18751856	3010000	0	73831872
50000	13825408	310000	0	57085272
50000	18934320	3110000	0	75501974
50000	19116784	3210000	0	74880950
50000	19299248	3310000	0	75106418
50000	19481712	3410000	0	75892010
50000	19664160	3510000	0	76690656
50000	19846624	3610000	0	76745790
50000	20029088	3710000	0	76300923
50000	20211552	3810000	0	76357215
50000	20394016	3910000	0	76559879
50000	20576464	4010000	0	76627129
50000	14007872	410000	0	55885843
50000	20758928	4110000	0	77408441
50000	20941392	4210000	0	76568034
50000	21123856	4310000	0	76333131
50000	21306320	4410000	0	77646540
50000	21488768	4510000	0	78139668
50000	21671232	4610000	0	78795853
50000	21853696	4710000	0	79000676
50000	22036160	4810000	0	79017608
50000	22218624	4910000	0	78363368
50000	22401088	5010000	0	79755192
50000	14190336	510000	0	57260328
50000	22583536	5110000	0	78884180
50000	22766000	5210000	0	78281270
50000	22948464	5310000	0	78239013
50000	23130928	5410000	0	79227021
50000	23313392	5510000	0	79565347
50000	23495840	5610000	0	79252359
50000	23678304	5710000	0	80292673
50000	23860768	5810000	0	79570087
50000	24043232	5910000	0	80698390
50000	24225696	6010000	0	80002949
50000	14372800	610000	0	58356061
50000	24408160	6110000	0	81209653
50000	24590608	6210000	0	80197387
50000	24773072	6310000	0	79828805
50000	24955536	6410000	0	80701442
50000	25138000	6510000	0	81410180
50000	25320464	6610000	0	79277265
50000	25502912	6710000	0	81867690
50000	25685376	6810000	0	80995216
50000	25867840	6910000	0	80549607
50000	26050304	7010000	0	81368558
50000	14555264	710000	0	59752746
50000	26232768	7110000	0	81146121
50000	26415216	7210000	0	81594277
50000	26597680	7310000	0	82231964
50000	26780144	7410000	0	82194192
50000	26962608	7510000	0	80809245
50000	27145072	7610000	0	82362210
50000	27327536	7710000	0	82422485
50000	27509984	7810000	0	82547931
50000	27692448	7910000	0	82101176
50000	27874912	8010000	0	82638776
50000	14737712	810000	0	60990538
50000	28057376	8110000	0	81577546
50000	28239840	8210000	0	82467504
50000	28422288	8310000	0	82453566
50000	28604752	8410000	0	81583625
50000	28787216	8510000	0	81318114
50000	28969680	8610000	0	83063052
50000	29152144	8710000	0	81831359
50000	29334592	8810000	0	82435733
50000	29517056	8910000	0	82630728
50000	29699520	9010000	0	82467266
50000	14920176	910000	0	61516841
50000	29881984	9110000	0	82975877
50000	30064448	9210000	0	82444213
50000	30246912	9310000	0	82649077
50000	30429360	9410000	0	82383067
50000	30611824	9510000	0	81806773
50000	30794288	9610000	0	83624694
50000	30976752	9710000	0	83637852
50000	31159216	9810000	0	81858139
50000	31341664	9910000	0	83870099
60000	13278032	10000	77114	147352675
60000	15102640	1010000	0	73973454
60000	13460496	110000	178	66755181
60000	15285104	1110000	0	75815340
60000	15467568	1210000	0	76087389
60000	15650016	1310000	0	77455962
60000	15832480	1410000	0	78765604
60000	16014944	1510000	0	78498454
60000	16197408	1610000	0	80351491
60000	16379872	1710000	0	81308047
60000	16562336	1810000	0	82379165
60000	16744784	1910000	0	82571995
60000	16927248	2010000	0	83022762
60000	13642944	210000	12	68000517
60000	17109712	2110000	0	83601864
60000	17292176	2210000	0	84064733
60000	17474640	2310000	0	86535222
60000	17657088	2410000	0	86941541
60000	17839552	2510000	0	86875507
60000	18022016	2610000	0	87309864
60000	18204480	2710000	0	87404173
60000	18386944	2810000	0	87666137
60000	18569392	2910000	0	88996901
60000	18751856	3010000	0	89826051
60000	13825408	310000	2	67358789
60000	18934320	3110000	0	90045672
60000	19116784	3210000	0	89090489
60000	19299248	3310000	0	90877144
60000	19481712	3410000	0	91436924
60000	19664160	3510000	0	91395763
60000	19846624	3610000	0	90842673
60000	20029088	3710000	0	91929631
60000	20211552	3810000	0	92049257
60000	20394016	3910000	0	93131778
60000	20576464	4010000	0	92429948
60000	14007872	410000	0	67655309
60000	20758928	4110000	0	93751813
60000	20941392	4210000	0	93700625
60000	21123856	4310000	0	92662558
60000	21306320	4410000	0	92671994
60000	21488768	4510000	0	94190912
60000	21671232	4610000	0	93262987
60000	21853696	4710000	0	93428612
60000	22036160	4810000	0	93679820
60000	22218624	4910000	0	94812826
60000	22401088	5010000	0	94929883
60000	14190336	510000	0	70402278
60000	22583536	5110000	0	94302261
60000	22766000	5210000	0	95839637
60000	22948464	5310000	0	93894668
60000	23130928	5410000	0	95232725
60000	23313392	5510000	0	94753045
60000	23495840	5610000	0	95214459
60000	23678304	5710000	0	95095854
60000	23860768	5810000	0	95897548
60000	24043232	5910000	0	96518065
60000	24225696	6010000	0	95847712
60000	14372800	610000	0	69433359
60000	24408160	6110000	0	97799008
60000	24590608	6210000	0	97427924
60000	24773072	6310000	0	96201876
60000	24955536	6410000	0	97393770
60000	25138000	6510000	0	97011122
60000	25320464	6610000	0	97089574
60000	25502912	6710000	0	96979956
60000	25685376	6810000	0	96947573
60000	25867840	6910000	0	97464577
60000	26050304	7010000	0	98313279
60000	14555264	710000	0	71537192
60000	26232768	7110000	0	98346061
60000	26415216	7210000	0	97750319
60000	26597680	7310000	0	96832842
60000	26780144	7410000	0	97949451
60000	26962608	7510000	0	97563024
60000	27145072	7610000	0	98972412
60000	27327536	7710000	0	98603255
60000	27509984	7810000	0	98270274
60000	27692448	7910000	0	97417648
60000	27874912	8010000	0	99126746
60000	14737712	810000	0	72700667
60000	28057376	8110000	0	97939022
60000	28239840	8210000	0	99465774
60000	28422288	8310000	0	98988631
60000	28604752	8410000	0	99410168
60000	28787216	8510000	0	98225671
60000	28969680	8610000	0	98062765
60000	29152144	8710000	0	98504023
60000	29334592	8810000	0	97712093
60000	29517056	8910000	0	97877815
60000	29699520	9010000	0	98969367
60000	14920176	910000	0	74225529
60000	29881984	9110000	0	98013342
60000	30064448	9210000	0	98497049
60000	30246912	9310000	0	99608692
60000	30429360	9410000	0	98896383
60000	30611824	9510000	0	98912766
60000	30794288	9610000	0	98323434
60000	30976752	9710000	0	99784950
60000	31159216	9810000	0	99131160
60000	31341664	9910000	0	98968932
70000	13278032	10000	109080	191512252
70000	15102640	1010000	0	86780642
70000	13460496	110000	386	79025123
70000	15285104	1110000	0	88181784
70000	15467568	1210000	0	90034908
70000	15650016	1310000	0	90817456
70000	15832480	1410000	0	91851806
70000	16014944	1510000	0	93248332
70000	16197408	1610000	0	94399523
70000	16379872	1710000	0	94741042
70000	16562336	1810000	0	95890753
70000	16744784	1910000	0	97097810
70000	16927248	2010000	0	97626670
70000	13642944	210000	38	77716605
70000	17109712	2110000	0	97762163
70000	17292176	2210000	0	99625302
70000	17474640	2310000	0	100700128
70000	17657088	2410000	0	100548673
70000	17839552	2510000	0	102128490
70000	18022016	2610000	0	102757761
70000	18204480	2710000	0	101772799
70000	18386944	2810000	0	103920031
70000	18569392	2910000	0	103212295
70000	18751856	3010000	0	104722071
70000	13825408	310000	4	77967969
70000	18934320	3110000	0	104708184
70000	19116784	3210000	0	104627550
70000	19299248	3310000	0	103827743
70000	19481712	3410000	0	105644767
70000	19664160	3510000	0	106159200
70000	19846624	3610000	0	105529879
70000	20029088	3710000	0	106376556
70000	20211552	3810000	0	107614244
70000	20394016	3910000	0	108131503
70000	20576464	4010000	0	107534892
70000	14007872	410000	2	79951308
70000	20758928	4110000	0	108252791
70000	20941392	4210000	0	107585701
70000	21123856	4310000	0	108557000
70000	21306320	4410000	0	108957888
70000	21488768	4510000	0	108573716
70000	21671232	4610000	0	109279084
70000	21853696	4710000	0	109840693
70000	22036160	4810000	0	109790180
70000	22218624	4910000	0	109168254
70000	22401088	5010000	0	111635939
70000	14190336	510000	0	80153267
70000	22583536	5110000	0	109916977
70000	22766000	5210000	0	111391115
70000	22948464	5310000	0	110738519
70000	23130928	5410000	0	111096664
70000	23313392	5510000	0	110882955
70000	23495840	5610000	0	112543297
70000	23678304	5710000	0	111733830
70000	23860768	5810000	0	112715225
70000	24043232	5910000	0	112107699
70000	24225696	6010000	0	112071860
70000	14372800	610000	0	81668492
70000	24408160	6110000	0	111923876
70000	24590608	6210000	0	113513693
70000	24773072	6310000	0	111746997
70000	24955536	6410000	0	112476528
70000	25138000	6510000	0	113060541
70000	25320464	6610000	0	112703865
70000	25502912	6710000	0	114020819
70000	25685376	6810000	0	113050077
70000	25867840	6910000	0	114629869
70000	26050304	7010000	0	113519409
70000	14555264	710000	0	83208495
70000	26232768	7110000	0	113465096
70000	26415216	7210000	0	115111337
70000	26597680	7310000	0	113656242
70000	26780144	7410000	0	114249818
70000	26962608	7510000	0	113753691
70000	27145072	7610000	0	113949457
70000	27327536	7710000	0	113396083
70000	27509984	7810000	0	114885922
70000	27692448	7910000	0	114487749
70000	27874912	8010000	0	113226888
70000	14737712	810000	0	85104321
70000	28057376	8110000	0	114295642
70000	28239840	8210000	0	114148969
70000	28422288	8310000	0	113710056
70000	28604752	8410000	0	116058101
70000	28787216	8510000	0	114570514
70000	28969680	8610000	0	115298039
70000	29152144	8710000	0	115320309
70000	29334592	8810000	0	116672313
70000	29517056	8910000	0	113876095
70000	29699520	9010000	0	114153825
70000	14920176	910000	0	84305592
70000	29881984	9110000	0	114416913
70000	30064448	9210000	0	114967160
70000	30246912	9310000	0	116781706
70000	30429360	9410000	0	114871630
70000	30611824	9510000	0	114736171
70000	30794288	9610000	0	116294101
70000	30976752	9710000	0	116184606
70000	31159216	9810000	0	116042954
70000	31341664	9910000	0	116739038
80000	13278032	10000	146400	240209477
80000	15102640	1010000	0	100893912
80000	13460496	110000	744	91235396
80000	15285104	1110000	0	101188621
80000	15467568	1210000	0	102357599
80000	15650016	1310000	0	105296498
80000	15832480	1410000	0	104068761
80000	16014944	1510000	0	107026628
80000	16197408	1610000	0	106273064
80000	16379872	1710000	0	108538571
80000	16562336	1810000	0	110748178
80000	16744784	1910000	0	110447628
80000	16927248	2010000	0	111017364
80000	13642944	210000	76	91017266
80000	17109712	2110000	0	111876328
80000	17292176	2210000	0	113217624
80000	17474640	2310000	0	112869236
80000	17657088	2410000	0	114877307
80000	17839552	2510000	0	115745257
80000	18022016	2610000	0	117206892
80000	18204480	2710000	0	117202526
80000	18386944	2810000	0	117464383
80000	18569392	2910000	0	118567530
80000	18751856	3010000	0	119546826
80000	13825408	310000	18	91446608
80000	18934320	3110000	0	118958731
80000	19116784	3210000	0	120297934
80000	19299248	3310000	0	119871578
80000	19481712	3410000	0	121042431
80000	19664160	3510000	0	120925011
80000	19846624	3610000	0	122309375
80000	20029088	3710000	0	122865548
80000	20211552	3810000	0	123048203
80000	20394016	3910000	0	122667924
80000	20576464	4010000	0	124134100
80000	14007872	410000	0	92087987
80000	20758928	4110000	0	123234754
80000	20941392	4210000	0	124621470
80000	21123856	4310000	0	124882716
80000	21306320	4410000	0	124879951
80000	21488768	4510000	0	125223532
80000	21671232	4610000	0	125492667
80000	21853696	4710000	0	125178506
80000	22036160	4810000	0	125987629
80000	22218624	4910000	0	124692632
80000	22401088	5010000	0	128106494
80000	14190336	510000	0	91244323
80000	22583536	5110000	0	127410646
80000	22766000	5210000	0	126803310
80000	22948464	5310000	0	127795290
80000	23130928	5410000	0	127115651
80000	23313392	5510000	0	125723748
80000	23495840	5610000	0	127240211
80000	23678304	5710000	0	127393250
80000	23860768	5810000	0	126295614
80000	24043232	5910000	0	128399126
80000	24225696	6010000	0	128002863
80000	14372800	610000	0	93842587
80000	24408160	6110000	0	130760573
80000	24590608	6210000	0	127044794
80000	24773072	6310000	0	129267260
80000	24955536	6410000	0	128436031
80000	25138000	6510000	0	129104963
80000	25320464	6610000	0	129194015
80000	25502912	6710000	0	129374806
80000	25685376	6810000	0	129958057
80000	25867840	6910000	0	130079192
80000	26050304	7010000	0	130709333
80000	14555264	710000	0	95530038
80000	26232768	7110000	0	129896577
80000	26415216	7210000	0	131161411
80000	26597680	7310000	0	129802094
80000	26780144	7410000	0	129945637
80000	26962608	7510000	0	130297513
80000	27145072	7610000	0	130641756
80000	27327536	7710000	0	129731861
80000	27509984	7810000	0	130500552
80000	27692448	7910000	0	130723172
80000	27874912	8010000	0	132155644
80000	14737712	810000	0	95236773
80000	28057376	8110000	0	130807101
80000	28239840	8210000	0	131109017
80000	28422288	8310000	0	131532842
80000	28604752	8410000	0	130519289
80000	28787216	8510000	0	132067439
80000	28969680	8610000	0	131771873
80000	29152144	8710000	0	130538679
80000	29334592	8810000	0	132365174
80000	29517056	8910000	0	131935891
80000	29699520	9010000	0	131888903
80000	14920176	910000	0	99372461
80000	29881984	9110000	0	131813614
80000	30064448	9210000	0	132135633
80000	30246912	9310000	0	131154594
80000	30429360	9410000	0	132864462
80000	30611824	9510000	0	132906263
80000	30794288	9610000	0	133157179
80000	30976752	9710000	0	134474671
80000	31159216	9810000	0	132663930
80000	31341664	9910000	0	132975356
90000	13278032	10000	186066	292243946
90000	15102640	1010000	0	111789681
90000	13460496	110000	1352	103858295
90000	15285104	1110000	0	113981928
90000	15467568	1210000	0	114175420
90000	15650016	1310000	0	116713840
90000	15832480	1410000	0	119592536
90000	16014944	1510000	0	119399523
90000	16197408	1610000	0	121346367
90000	16379872	1710000	0	123478999
90000	16562336	1810000	0	122173794
90000	16744784	1910000	0	124409629
90000	16927248	2010000	0	125578816
90000	13642944	210000	112	103578807
90000	17109712	2110000	0	124848579
90000	17292176	2210000	0	128565761
90000	17474640	2310000	0	128797623
90000	17657088	2410000	0	129203701
90000	17839552	2510000	0	130128052
90000	18022016	2610000	0	131647912
90000	18204480	2710000	0	130788868
90000	18386944	2810000	0	130676416
90000	18569392	2910000	0	133912908
90000	18751856	3010000	0	133219089
90000	13825408	310000	14	100431880
90000	18934320	3110000	0	134296994
90000	19116784	3210000	0	135661591
90000	19299248	3310000	0	134863440
90000	19481712	3410000	0	135234447
90000	19664160	3510000	0	136517178
90000	19846624	3610000	0	136695072
90000	20029088	3710000	0	138007379
90000	20211552	3810000	0	138563954
90000	20394016	3910000	0	137412408
90000	20576464	4010000	0	139214073
90000	14007872	410000	2	101653678
90000	20758928	4110000	0	139080418
90000	20941392	4210000	0	138872397
90000	21123856	4310000	0	139013885
90000	21306320	4410000	0	140243544
90000	21488768	4510000	0	138879627
90000	21671232	4610000	0	139176199
90000	21853696	4710000	0	141290397
90000	22036160	4810000	0	141782211
90000	22218624	4910000	0	142413271
90000	22401088	5010000	0	142992301
90000	14190336	510000	2	103835622
90000	22583536	5110000	0	141415735
90000	22766000	5210000	0	142367194
90000	22948464	5310000	0	141139353
90000	23130928	5410000	0	142922042
90000	23313392	5510000	0	144163706
90000	23495840	5610000	0	144339055
90000	23678304	5710000	0	143742920
90000	23860768	5810000	0	144668361
90000	24043232	5910000	0	143659515
90000	24225696	6010000	0	144660034
90000	14372800	610000	4	105889953
90000	24408160	6110000	0	146324341
90000	24590608	6210000	0	145662876
90000	24773072	6310000	0	143381981
90000	24955536	6410000	0	144425668
90000	25138000	6510000	0	146884935
90000	25320464	6610000	0	145941032
90000	25502912	6710000	0	144759655
90000	25685376	6810000	0	145476936
90000	25867840	6910000	0	144774506
90000	26050304	7010000	0	146159519
90000	14555264	710000	0	108002224
90000	26232768	7110000	0	147390472
90000	26415216	7210000	0	146476302
90000	26597680	7310000	0	146560646
90000	26780144	7410000	0	147187193
90000	26962608	7510000	0	146401426
90000	27145072	7610000	0	147446596
90000	27327536	7710000	0	146736542
90000	27509984	7810000	0	146081947
90000	27692448	7910000	0	147567451
90000	27874912	8010000	0	147651811
90000	14737712	810000	0	108878440
90000	28057376	8110000	0	146506494
90000	28239840	8210000	0	147403856
90000	28422288	8310000	0	148462182
90000	28604752	8410000	0	148407786
90000	28787216	8510000	0	148280431
90000	28969680	8610000	0	148223995
90000	29152144	8710000	0	148495325
90000	29334592	8810000	0	148082659
90000	29517056	8910000	0	147855870
90000	29699520	9010000	0	147756902
90000	14920176	910000	0	111150951
90000	29881984	9110000	0	147839231
90000	30064448	9210000	0	148836703
90000	30246912	9310000	0	149048781
90000	30429360	9410000	0	148927322
90000	30611824	9510000	0	148702540
90000	30794288	9610000	0	147969970
90000	30976752	9710000	0	148674263
90000	31159216	9810000	0	150239247
90000	31341664	9910000	0	148860687
