100000	13278032	10000	0	16170923
100000	15102656	1010000	0	16838470
100000	13460496	110000	0	15084313
100000	15285120	1110000	0	17515409
100000	15467584	1210000	0	17368264
100000	15650032	1310000	0	15430916
100000	15832496	1410000	0	14936982
100000	16014960	1510000	0	15993379
100000	16197424	1610000	0	16719269
100000	16379888	1710000	0	17569657
100000	16562352	1810000	0	17468343
100000	16744800	1910000	0	16556057
100000	16927264	2010000	0	17241652
100000	13642944	210000	0	15580461
100000	17109728	2110000	0	16523265
100000	17292192	2210000	0	16732665
100000	17474656	2310000	0	17091584
100000	17657104	2410000	0	17134716
100000	17839568	2510000	0	17786870
100000	18022032	2610000	0	17069047
100000	18204496	2710000	0	17507759
100000	18386960	2810000	0	16681791
100000	18569408	2910000	0	17987845
100000	18751872	3010000	0	16468130
100000	13825408	310000	0	17772395
100000	18934336	3110000	0	17772313
100000	19116800	3210000	0	17076388
100000	19299264	3310000	0	17976055
100000	19481728	3410000	0	16591416
100000	19664176	3510000	0	16738347
100000	19846640	3610000	0	17807361
100000	20029104	3710000	0	16180667
100000	20211568	3810000	0	16471984
100000	20394032	3910000	0	15974065
100000	20576480	4010000	0	16566155
100000	14007872	410000	0	15909685
100000	20758944	4110000	0	17329448
100000	20941408	4210000	0	16047924
100000	21123872	4310000	0	17084804
100000	21306336	4410000	0	17408017
100000	21488784	4510000	0	16136035
100000	21671248	4610000	0	16054199
100000	21853712	4710000	0	18579544
100000	22036176	4810000	0	15771164
100000	22218640	4910000	0	16940477
100000	22401104	5010000	0	17641643
100000	14190336	510000	0	15680332
100000	22583552	5110000	0	16144873
100000	22766016	5210000	0	17144495
100000	22948480	5310000	0	15149338
100000	23130944	5410000	0	17304253
100000	23313408	5510000	0	16938943
100000	23495856	5610000	0	16452421
100000	23678320	5710000	0	16430301
100000	23860784	5810000	0	17248553
100000	24043248	5910000	0	16448669
100000	24225712	6010000	0	16363432
100000	14372800	610000	0	16432914
100000	24408176	6110000	0	17101978
100000	24590624	6210000	0	17069747
100000	24773088	6310000	0	15943000
100000	24955552	6410000	0	17289251
100000	25138016	6510000	0	17641585
100000	25320480	6610000	0	17523796
100000	25502928	6710000	0	17724026
100000	25685392	6810000	0	17002020
100000	25867856	6910000	0	16959870
100000	26050320	7010000	0	16257782
100000	14555264	710000	0	16741377
100000	26232784	7110000	0	16205818
100000	26415232	7210000	0	16708467
100000	26597696	7310000	0	17944875
100000	26780160	7410000	0	17675916
100000	26962624	7510000	0	17893491
100000	27145088	7610000	0	16232169
100000	27327552	7710000	0	14942598
100000	27510000	7810000	0	15368736
100000	27692464	7910000	0	17152889
100000	27874928	8010000	0	16770146
100000	14737712	810000	0	16946006
100000	28057392	8110000	0	15959794
100000	28239856	8210000	0	17464884
100000	28422304	8310000	0	17465999
100000	28604768	8410000	0	16199697
100000	28787232	8510000	0	17463682
100000	28969696	8610000	0	17498951
100000	29152160	8710000	0	16517311
100000	29334608	8810000	0	16553788
100000	29517072	8910000	0	16046308
100000	29699536	9010000	0	17900859
100000	14920176	910000	0	16257822
100000	29882000	9110000	0	18021621
100000	30064464	9210000	0	14967951
100000	30246928	9310000	0	15611035
100000	30429376	9410000	0	14966955
100000	30611840	9510000	0	15504484
100000	30794304	9610000	0	14997885
100000	30976768	9710000	0	15096219
100000	31159232	9810000	0	14961563
100000	31341680	9910000	0	14974687
10000	13278032	10000	0	1826906
10000	15102640	1010000	0	1914529
10000	13460496	110000	0	1908367
10000	15285104	1110000	0	1770909
10000	15467568	1210000	0	1981082
10000	15650016	1310000	0	1917845
10000	15832480	1410000	0	1501787
10000	16014944	1510000	0	1506573
10000	16197408	1610000	0	1720324
10000	16379872	1710000	0	1923523
10000	16562336	1810000	0	1921551
10000	16744784	1910000	0	1922336
10000	16927248	2010000	0	1603560
10000	13642944	210000	0	1920257
10000	17109712	2110000	0	2017801
10000	17292176	2210000	0	1925117
10000	17474640	2310000	0	1725683
10000	17657088	2410000	0	1937552
10000	17839552	2510000	0	1933849
10000	18022016	2610000	0	1931194
10000	18204480	2710000	0	1929434
10000	18386944	2810000	0	1923671
10000	18569392	2910000	0	1952340
10000	18751856	3010000	0	1928221
10000	13825408	310000	0	1913966
10000	18934320	3110000	0	1920158
10000	19116784	3210000	0	1914163
10000	19299248	3310000	0	1930579
10000	19481712	3410000	0	1940281
10000	19664160	3510000	0	1922076
10000	19846624	3610000	0	1972587
10000	20029088	3710000	0	1931946
10000	20211552	3810000	0	1935729
10000	20394016	3910000	0	1891482
10000	20576464	4010000	0	1930550
10000	14007872	410000	0	1915255
10000	20758928	4110000	0	1914416
10000	20941392	4210000	0	1924079
10000	21123856	4310000	0	1935611
10000	21306320	4410000	0	1936699
10000	21488768	4510000	0	1931243
10000	21671232	4610000	0	1934298
10000	21853696	4710000	0	1925622
10000	22036160	4810000	0	1928308
10000	22218624	4910000	0	1923677
10000	22401088	5010000	0	1923582
10000	14190336	510000	0	1917760
10000	22583536	5110000	0	1924898
10000	22766000	5210000	0	1932069
10000	22948464	5310000	0	1936986
10000	23130928	5410000	0	1514940
10000	23313392	5510000	0	1924364
10000	23495840	5610000	0	1922489
10000	23678304	5710000	0	1925739
10000	23860768	5810000	0	1925058
10000	24043232	5910000	0	1917776
10000	24225696	6010000	0	1931446
10000	14372800	610000	0	1916647
10000	24408160	6110000	0	1708132
10000	24590608	6210000	0	1923302
10000	24773072	6310000	0	1920335
10000	24955536	6410000	0	1918816
10000	25138000	6510000	0	1982052
10000	25320464	6610000	0	1912272
10000	25502912	6710000	0	1909805
10000	25685376	6810000	0	1912121
10000	25867840	6910000	0	1712079
10000	26050304	7010000	0	1958719
10000	14555264	710000	0	1924990
10000	26232768	7110000	0	1903196
10000	26415216	7210000	0	1915779
10000	26597680	7310000	0	1903145
10000	26780144	7410000	0	1905043
10000	26962608	7510000	0	1908430
10000	27145072	7610000	0	1944230
10000	27327536	7710000	0	1897112
10000	27509984	7810000	0	1482893
10000	27692448	7910000	0	1469774
10000	27874912	8010000	0	1890226
10000	14737712	810000	0	1910038
10000	28057376	8110000	0	1900427
10000	28239840	8210000	0	1906035
10000	28422288	8310000	0	1895269
10000	28604752	8410000	0	1914159
10000	28787216	8510000	0	1881002
10000	28969680	8610000	0	1887813
10000	29152144	8710000	0	1884495
10000	29334592	8810000	0	1885452
10000	29517056	8910000	0	1886161
10000	29699520	9010000	0	1908920
10000	14920176	910000	0	1924995
10000	29881984	9110000	0	1898814
10000	30064448	9210000	0	1894398
10000	30246912	9310000	0	1463546
10000	30429360	9410000	0	1463142
10000	30611824	9510000	0	1479156
10000	30794288	9610000	0	1465341
10000	30976752	9710000	0	1478125
10000	31159216	9810000	0	1478785
10000	31341664	9910000	0	1477698
20000	13278032	10000	0	3677544
20000	15102640	1010000	0	3699074
20000	13460496	110000	0	3686105
20000	15285104	1110000	0	3820811
20000	15467568	1210000	0	3693169
20000	15650016	1310000	0	2923963
20000	15832480	1410000	0	2922890
20000	16014944	1510000	0	2929185
20000	16197408	1610000	0	3690192
20000	16379872	1710000	0	3683323
20000	16562336	1810000	0	3681246
20000	16744784	1910000	0	3681587
20000	16927248	2010000	0	3680321
20000	13642944	210000	0	3524431
20000	17109712	2110000	0	3687816
20000	17292176	2210000	0	3691220
20000	17474640	2310000	0	3763644
20000	17657088	2410000	0	3684108
20000	17839552	2510000	0	3683518
20000	18022016	2610000	0	3692020
20000	18204480	2710000	0	3679369
20000	18386944	2810000	0	3685385
20000	18569392	2910000	0	3686955
20000	18751856	3010000	0	3690406
20000	13825408	310000	0	3696691
20000	18934320	3110000	0	3687870
20000	19116784	3210000	0	3686883
20000	19299248	3310000	0	3821039
20000	19481712	3410000	0	3690370
20000	19664160	3510000	0	3688088
20000	19846624	3610000	0	3677985
20000	20029088	3710000	0	3682110
20000	20211552	3810000	0	3694642
20000	20394016	3910000	0	3685344
20000	20576464	4010000	0	3689520
20000	14007872	410000	0	3085695
20000	20758928	4110000	0	3726380
20000	20941392	4210000	0	3686658
20000	21123856	4310000	0	3823756
20000	21306320	4410000	0	3821777
20000	21488768	4510000	0	3682621
20000	21671232	4610000	0	3824886
20000	21853696	4710000	0	3828078
20000	22036160	4810000	0	3688200
20000	22218624	4910000	0	3694416
20000	22401088	5010000	0	3819467
20000	14190336	510000	0	3677409
20000	22583536	5110000	0	3685577
20000	22766000	5210000	0	3685297
20000	22948464	5310000	0	3811907
20000	23130928	5410000	0	2932140
20000	23313392	5510000	0	3690056
20000	23495840	5610000	0	3815352
20000	23678304	5710000	0	3677782
20000	23860768	5810000	0	3825429
20000	24043232	5910000	0	3689274
20000	24225696	6010000	0	3676462
20000	14372800	610000	0	3400635
20000	24408160	6110000	0	3722553
20000	24590608	6210000	0	3823050
20000	24773072	6310000	0	3681898
20000	24955536	6410000	0	3819182
20000	25138000	6510000	0	3682739
20000	25320464	6610000	0	3691441
20000	25502912	6710000	0	3825911
20000	25685376	6810000	0	3732381
20000	25867840	6910000	0	3684457
20000	26050304	7010000	0	3679794
20000	14555264	710000	0	3703775
20000	26232768	7110000	0	3681131
20000	26415216	7210000	0	3690950
20000	26597680	7310000	0	3825383
20000	26780144	7410000	0	3692190
20000	26962608	7510000	0	3681052
20000	27145072	7610000	0	3688016
20000	27327536	7710000	0	3682612
20000	27509984	7810000	0	2936486
20000	27692448	7910000	0	2935103
20000	27874912	8010000	0	3679820
20000	14737712	810000	0	3683182
20000	28057376	8110000	0	3682729
20000	28239840	8210000	0	3686195
20000	28422288	8310000	0	3681752
20000	28604752	8410000	0	3849968
20000	28787216	8510000	0	3828239
20000	28969680	8610000	0	3690431
20000	29152144	8710000	0	3698515
20000	29334592	8810000	0	3673447
20000	29517056	8910000	0	3707481
20000	29699520	9010000	0	3683677
20000	14920176	910000	0	3697460
20000	29881984	9110000	0	3834867
20000	30064448	9210000	0	3701190
20000	30246912	9310000	0	2947753
20000	30429360	9410000	0	2937567
20000	30611824	9510000	0	2951563
20000	30794288	9610000	0	2950262
20000	30976752	9710000	0	3015116
20000	31159216	9810000	0	2948013
20000	31341664	9910000	0	2931607
30000	13278032	10000	0	4917048
30000	15102640	1010000	0	5539052
30000	13460496	110000	0	5552356
30000	15285104	1110000	0	5374292
30000	15467568	1210000	0	5543960
30000	15650016	1310000	0	4374200
30000	15832480	1410000	0	4394891
30000	16014944	1510000	0	4387914
30000	16197408	1610000	0	5555445
30000	16379872	1710000	0	5550133
30000	16562336	1810000	0	5555120
30000	16744784	1910000	0	5547137
30000	16927248	2010000	0	5529171
30000	13642944	210000	0	5533236
30000	17109712	2110000	0	5553315
30000	17292176	2210000	0	4504452
30000	17474640	2310000	0	5545656
30000	17657088	2410000	0	5584656
30000	17839552	2510000	0	5538689
30000	18022016	2610000	0	5570203
30000	18204480	2710000	0	5572942
30000	18386944	2810000	0	5529699
30000	18569392	2910000	0	5618815
30000	18751856	3010000	0	5538759
30000	13825408	310000	0	5521672
30000	18934320	3110000	0	5556814
30000	19116784	3210000	0	5568702
30000	19299248	3310000	0	5557588
30000	19481712	3410000	0	5535878
30000	19664160	3510000	0	5539919
30000	19846624	3610000	0	5538908
30000	20029088	3710000	0	4308721
30000	20211552	3810000	0	5529326
30000	20394016	3910000	0	5543893
30000	20576464	4010000	0	5474631
30000	14007872	410000	0	5539504
30000	20758928	4110000	0	5547581
30000	20941392	4210000	0	5556138
30000	21123856	4310000	0	5547087
30000	21306320	4410000	0	5558999
30000	21488768	4510000	0	5554485
30000	21671232	4610000	0	5538683
30000	21853696	4710000	0	5536786
30000	22036160	4810000	0	5533973
30000	22218624	4910000	0	5523652
30000	22401088	5010000	0	5530046
30000	14190336	510000	0	5545673
30000	22583536	5110000	0	4354742
30000	22766000	5210000	0	5582916
30000	22948464	5310000	0	5544484
30000	23130928	5410000	0	4396093
30000	23313392	5510000	0	5547189
30000	23495840	5610000	0	5542684
30000	23678304	5710000	0	5554407
30000	23860768	5810000	0	5551401
30000	24043232	5910000	0	5538875
30000	24225696	6010000	0	5540634
30000	14372800	610000	0	5547111
30000	24408160	6110000	0	5553402
30000	24590608	6210000	0	5537371
30000	24773072	6310000	0	5539251
30000	24955536	6410000	0	5544482
30000	25138000	6510000	0	5536731
30000	25320464	6610000	0	5542691
30000	25502912	6710000	0	5541461
30000	25685376	6810000	0	5541571
30000	25867840	6910000	0	5565923
30000	26050304	7010000	0	5546601
30000	14555264	710000	0	5562775
30000	26232768	7110000	0	5541341
30000	26415216	7210000	0	5547555
30000	26597680	7310000	0	5545349
30000	26780144	7410000	0	5552931
30000	26962608	7510000	0	5541640
30000	27145072	7610000	0	5547522
30000	27327536	7710000	0	5621058
30000	27509984	7810000	0	4408544
30000	27692448	7910000	0	4404752
30000	27874912	8010000	0	5561617
30000	14737712	810000	0	5507827
30000	28057376	8110000	0	5536708
30000	28239840	8210000	0	5540851
30000	28422288	8310000	0	5652959
30000	28604752	8410000	0	5546346
30000	28787216	8510000	0	5543684
30000	28969680	8610000	0	5545676
30000	29152144	8710000	0	5552424
30000	29334592	8810000	0	5557922
30000	29517056	8910000	0	5557407
30000	29699520	9010000	0	5640799
30000	14920176	910000	0	5616520
30000	29881984	9110000	0	5550454
30000	30064448	9210000	0	5540922
30000	30246912	9310000	0	4408258
30000	30429360	9410000	0	4410591
30000	30611824	9510000	0	4366642
30000	30794288	9610000	0	4455927
30000	30976752	9710000	0	4676061
30000	31159216	9810000	0	4386510
30000	31341664	9910000	0	4503073
40000	13278032	10000	0	5878508
40000	15102640	1010000	0	7447014
40000	13460496	110000	0	7394685
40000	15285104	1110000	0	7145795
40000	15467568	1210000	0	7438103
40000	15650016	1310000	0	5865600
40000	15832480	1410000	0	5852038
40000	16014944	1510000	0	5844430
40000	16197408	1610000	0	7444830
40000	16379872	1710000	0	7330008
40000	16562336	1810000	0	7333061
40000	16744784	1910000	0	6971409
40000	16927248	2010000	0	7441623
40000	13642944	210000	0	7422173
40000	17109712	2110000	0	7285197
40000	17292176	2210000	0	7469063
40000	17474640	2310000	0	7437563
40000	17657088	2410000	0	7452278
40000	17839552	2510000	0	7413227
40000	18022016	2610000	0	7446883
40000	18204480	2710000	0	7311989
40000	18386944	2810000	0	7452800
40000	18569392	2910000	0	7456406
40000	18751856	3010000	0	7450045
40000	13825408	310000	0	7443929
40000	18934320	3110000	0	7441104
40000	19116784	3210000	0	7450377
40000	19299248	3310000	0	7448517
40000	19481712	3410000	0	7069023
40000	19664160	3510000	0	7429899
40000	19846624	3610000	0	7465102
40000	20029088	3710000	0	7441868
40000	20211552	3810000	0	7429491
40000	20394016	3910000	0	7449700
40000	20576464	4010000	0	7455630
40000	14007872	410000	0	7440403
40000	20758928	4110000	0	7457177
40000	20941392	4210000	0	7443301
40000	21123856	4310000	0	7444270
40000	21306320	4410000	0	7449134
40000	21488768	4510000	0	7442806
40000	21671232	4610000	0	7148899
40000	21853696	4710000	0	7414867
40000	22036160	4810000	0	7455392
40000	22218624	4910000	0	7468139
40000	22401088	5010000	0	7444974
40000	14190336	510000	0	7438849
40000	22583536	5110000	0	6941789
40000	22766000	5210000	0	7290428
40000	22948464	5310000	0	7467146
40000	23130928	5410000	0	5869708
40000	23313392	5510000	0	7115517
40000	23495840	5610000	0	7452744
40000	23678304	5710000	0	7466732
40000	23860768	5810000	0	7121076
40000	24043232	5910000	0	7463399
40000	24225696	6010000	0	7177315
40000	14372800	610000	0	6497127
40000	24408160	6110000	0	7445186
40000	24590608	6210000	0	7454947
40000	24773072	6310000	0	7469660
40000	24955536	6410000	0	7466187
40000	25138000	6510000	0	7472852
40000	25320464	6610000	0	7453523
40000	25502912	6710000	0	7454648
40000	25685376	6810000	0	7417726
40000	25867840	6910000	0	7341944
40000	26050304	7010000	0	7090246
40000	14555264	710000	0	6747234
40000	26232768	7110000	0	7479753
40000	26415216	7210000	0	7028734
40000	26597680	7310000	0	7454420
40000	26780144	7410000	0	7101466
40000	26962608	7510000	0	7043522
40000	27145072	7610000	0	7450706
40000	27327536	7710000	0	7461731
40000	27509984	7810000	0	6067812
40000	27692448	7910000	0	7451914
40000	27874912	8010000	0	7458678
40000	14737712	810000	0	7352579
40000	28057376	8110000	0	7471238
40000	28239840	8210000	0	7457850
40000	28422288	8310000	0	6330295
40000	28604752	8410000	0	7481017
40000	28787216	8510000	0	7478593
40000	28969680	8610000	0	7458021
40000	29152144	8710000	0	7461612
40000	29334592	8810000	0	6909950
40000	29517056	8910000	0	7458009
40000	29699520	9010000	0	7456616
40000	14920176	910000	0	6703239
40000	29881984	9110000	0	6939529
40000	30064448	9210000	0	7465621
40000	30246912	9310000	0	5880601
40000	30429360	9410000	0	5867517
40000	30611824	9510000	0	5865853
40000	30794288	9610000	0	6264573
40000	30976752	9710000	0	5892546
40000	31159216	9810000	0	5870411
40000	31341664	9910000	0	5883923
50000	13278032	10000	0	9356137
50000	15102640	1010000	0	8401917
50000	13460496	110000	0	9194003
50000	15285104	1110000	0	8898531
50000	15467568	1210000	0	9307188
50000	15650016	1310000	0	7351645
50000	15832480	1410000	0	7576158
50000	16014944	1510000	0	7373138
50000	16197408	1610000	0	7493825
50000	16379872	1710000	0	9337823
50000	16562336	1810000	0	9341301
50000	16744784	1910000	0	9342530
50000	16927248	2010000	0	9066515
50000	13642944	210000	0	8848438
50000	17109712	2110000	0	9320146
50000	17292176	2210000	0	9307408
50000	17474640	2310000	0	9332426
50000	17657088	2410000	0	9280868
50000	17839552	2510000	0	8284208
50000	18022016	2610000	0	8612907
50000	18204480	2710000	0	9348781
50000	18386944	2810000	0	8796477
50000	18569392	2910000	0	8958611
50000	18751856	3010000	0	9322569
50000	13825408	310000	0	7488570
50000	18934320	3110000	0	9351868
50000	19116784	3210000	0	9349031
50000	19299248	3310000	0	8742043
50000	19481712	3410000	0	8703396
50000	19664160	3510000	0	9315209
50000	19846624	3610000	0	9388293
50000	20029088	3710000	0	9344046
50000	20211552	3810000	0	8915992
50000	20394016	3910000	0	9332289
50000	20576464	4010000	0	9314863
50000	14007872	410000	0	7555959
50000	20758928	4110000	0	9370495
50000	20941392	4210000	0	9361033
50000	21123856	4310000	0	9348927
50000	21306320	4410000	0	8224390
50000	21488768	4510000	0	8793102
50000	21671232	4610000	0	9313573
50000	21853696	4710000	0	8438231
50000	22036160	4810000	0	9209119
50000	22218624	4910000	0	9172070
50000	22401088	5010000	0	9348000
50000	14190336	510000	0	7503480
50000	22583536	5110000	0	9352490
50000	22766000	5210000	0	9331810
50000	22948464	5310000	0	9339253
50000	23130928	5410000	0	7381129
50000	23313392	5510000	0	9335585
50000	23495840	5610000	0	9371423
50000	23678304	5710000	0	8505068
50000	23860768	5810000	0	9323742
50000	24043232	5910000	0	8919892
50000	24225696	6010000	0	9354235
50000	14372800	610000	0	7980759
50000	24408160	6110000	0	9355454
50000	24590608	6210000	0	9352449
50000	24773072	6310000	0	9289509
50000	24955536	6410000	0	8609705
50000	25138000	6510000	0	9288364
50000	25320464	6610000	0	9365204
50000	25502912	6710000	0	8501184
50000	25685376	6810000	0	9368836
50000	25867840	6910000	0	8068650
50000	26050304	7010000	0	9466856
50000	14555264	710000	0	9060583
50000	26232768	7110000	0	9347698
50000	26415216	7210000	0	8703804
50000	26597680	7310000	0	8700067
50000	26780144	7410000	0	8919958
50000	26962608	7510000	0	9339642
50000	27145072	7610000	0	8550750
50000	27327536	7710000	0	9348339
50000	27509984	7810000	0	7376440
50000	27692448	7910000	0	8756960
50000	27874912	8010000	0	8819595
50000	14737712	810000	0	8519167
50000	28057376	8110000	0	8694892
50000	28239840	8210000	0	9340671
50000	28422288	8310000	0	9360592
50000	28604752	8410000	0	8396259
50000	28787216	8510000	0	8764141
50000	28969680	8610000	0	8858076
50000	29152144	8710000	0	9357531
50000	29334592	8810000	0	8936631
50000	29517056	8910000	0	9140490
50000	29699520	9010000	0	9333504
50000	14920176	910000	0	9332502
50000	29881984	9110000	0	9351465
50000	30064448	9210000	0	9010520
50000	30246912	9310000	0	7405177
50000	30429360	9410000	0	7356443
50000	30611824	9510000	0	7390637
50000	30794288	9610000	0	7393673
50000	30976752	9710000	0	7375310
50000	31159216	9810000	0	7409192
50000	31341664	9910000	0	7374061
60000	13278032	10000	0	9640117
60000	15102640	1010000	0	10858460
60000	13460496	110000	0	9575169
60000	15285104	1110000	0	9622171
60000	15467568	1210000	0	10868255
60000	15650016	1310000	0	9117834
60000	15832480	1410000	0	8833760
60000	16014944	1510000	0	8874191
60000	16197408	1610000	0	10125108
60000	16379872	1710000	0	11143413
60000	16562336	1810000	0	11190798
60000	16744784	1910000	0	10827831
60000	16927248	2010000	0	11194713
60000	13642944	210000	0	10992569
60000	17109712	2110000	0	10016634
60000	17292176	2210000	0	10335846
60000	17474640	2310000	0	10423450
60000	17657088	2410000	0	10691360
60000	17839552	2510000	0	11172656
60000	18022016	2610000	0	11126886
60000	18204480	2710000	0	9972838
60000	18386944	2810000	0	11198959
60000	18569392	2910000	0	10761095
60000	18751856	3010000	0	11189444
60000	13825408	310000	0	10626203
60000	18934320	3110000	0	11184459
60000	19116784	3210000	0	11183494
60000	19299248	3310000	0	11195244
60000	19481712	3410000	0	9535763
60000	19664160	3510000	0	10005989
60000	19846624	3610000	0	10603713
60000	20029088	3710000	0	10802179
60000	20211552	3810000	0	11205803
60000	20394016	3910000	0	10514360
60000	20576464	4010000	0	11192891
60000	14007872	410000	0	9408561
60000	20758928	4110000	0	11191158
60000	20941392	4210000	0	11191275
60000	21123856	4310000	0	11210962
60000	21306320	4410000	0	9917802
60000	21488768	4510000	0	10256372
60000	21671232	4610000	0	10213969
60000	21853696	4710000	0	11243192
60000	22036160	4810000	0	11163698
60000	22218624	4910000	0	11188417
60000	22401088	5010000	0	11212319
60000	14190336	510000	0	10573585
60000	22583536	5110000	0	11196583
60000	22766000	5210000	0	11209933
60000	22948464	5310000	0	10877257
60000	23130928	5410000	0	8824751
60000	23313392	5510000	0	10447283
60000	23495840	5610000	0	11122932
60000	23678304	5710000	0	10385969
60000	23860768	5810000	0	11582439
60000	24043232	5910000	0	11221883
60000	24225696	6010000	0	11194099
60000	14372800	610000	0	9287131
60000	24408160	6110000	0	11208624
60000	24590608	6210000	0	11202497
60000	24773072	6310000	0	10252881
60000	24955536	6410000	0	11206619
60000	25138000	6510000	0	11212275
60000	25320464	6610000	0	11202152
60000	25502912	6710000	0	11158661
60000	25685376	6810000	0	11190543
60000	25867840	6910000	0	11223323
60000	26050304	7010000	0	11213751
60000	14555264	710000	0	10261756
60000	26232768	7110000	0	11208263
60000	26415216	7210000	0	11119599
60000	26597680	7310000	0	10107833
60000	26780144	7410000	0	10056032
60000	26962608	7510000	0	11104199
60000	27145072	7610000	0	9130038
60000	27327536	7710000	0	10564626
60000	27509984	7810000	0	9160971
60000	27692448	7910000	0	10987856
60000	27874912	8010000	0	10903968
60000	14737712	810000	0	11189177
60000	28057376	8110000	0	11208649
60000	28239840	8210000	0	10967382
60000	28422288	8310000	0	9875724
60000	28604752	8410000	0	10561132
60000	28787216	8510000	0	11196374
60000	28969680	8610000	0	10417874
60000	29152144	8710000	0	11202915
60000	29334592	8810000	0	10088785
60000	29517056	8910000	0	11210013
60000	29699520	9010000	0	11190291
60000	14920176	910000	0	10791585
60000	29881984	9110000	0	9143973
60000	30064448	9210000	0	11201703
60000	30246912	9310000	0	8839292
60000	30429360	9410000	0	8892941
60000	30611824	9510000	0	8861668
60000	30794288	9610000	0	8831727
60000	30976752	9710000	0	8842933
60000	31159216	9810000	0	8839735
60000	31341664	9910000	0	8844003
70000	13278032	10000	0	13117343
70000	15102640	1010000	0	12050734
70000	13460496	110000	0	11461572
70000	15285104	1110000	0	11640204
70000	15467568	1210000	0	11417190
70000	15650016	1310000	0	10347415
70000	15832480	1410000	0	10374748
70000	16014944	1510000	0	11330561
70000	16197408	1610000	0	12056738
70000	16379872	1710000	0	13086947
70000	16562336	1810000	0	11760610
70000	16744784	1910000	0	12298360
70000	16927248	2010000	0	12530900
70000	13642944	210000	0	12409489
70000	17109712	2110000	0	13102815
70000	17292176	2210000	0	13133961
70000	17474640	2310000	0	12563939
70000	17657088	2410000	0	12244519
70000	17839552	2510000	0	13119673
70000	18022016	2610000	0	13108288
70000	18204480	2710000	0	12040032
70000	18386944	2810000	0	11719280
70000	18569392	2910000	0	11563593
70000	18751856	3010000	0	12861394
70000	13825408	310000	0	12380959
70000	18934320	3110000	0	12366388
70000	19116784	3210000	0	12043706
70000	19299248	3310000	0	13100322
70000	19481712	3410000	0	11908957
70000	19664160	3510000	0	12891717
70000	19846624	3610000	0	13320270
70000	20029088	3710000	0	11864000
70000	20211552	3810000	0	12424957
70000	20394016	3910000	0	12644197
70000	20576464	4010000	0	12097305
70000	14007872	410000	0	13118462
70000	20758928	4110000	0	13126917
70000	20941392	4210000	0	13124658
70000	21123856	4310000	0	13208521
70000	21306320	4410000	0	13110665
70000	21488768	4510000	0	12477218
70000	21671232	4610000	0	11615449
70000	21853696	4710000	0	12824836
70000	22036160	4810000	0	12921129
70000	22218624	4910000	0	12031563
70000	22401088	5010000	0	11398233
70000	14190336	510000	0	11204648
70000	22583536	5110000	0	13184017
70000	22766000	5210000	0	11565299
70000	22948464	5310000	0	10879457
70000	23130928	5410000	0	10340544
70000	23313392	5510000	0	13119673
70000	23495840	5610000	0	11917310
70000	23678304	5710000	0	12153157
70000	23860768	5810000	0	11776390
70000	24043232	5910000	0	13125648
70000	24225696	6010000	0	12668893
70000	14372800	610000	0	12159567
70000	24408160	6110000	0	11824891
70000	24590608	6210000	0	13116933
70000	24773072	6310000	0	11784532
70000	24955536	6410000	0	13145310
70000	25138000	6510000	0	11571712
70000	25320464	6610000	0	13268907
70000	25502912	6710000	0	12023452
70000	25685376	6810000	0	12874471
70000	25867840	6910000	0	11652587
70000	26050304	7010000	0	13132269
70000	14555264	710000	0	11382490
70000	26232768	7110000	0	12372069
70000	26415216	7210000	0	12942613
70000	26597680	7310000	0	12749648
70000	26780144	7410000	0	13088421
70000	26962608	7510000	0	13126702
70000	27145072	7610000	0	13344361
70000	27327536	7710000	0	13081594
70000	27509984	7810000	0	10590286
70000	27692448	7910000	0	11832604
70000	27874912	8010000	0	11974139
70000	14737712	810000	0	10798640
70000	28057376	8110000	0	13125912
70000	28239840	8210000	0	13139066
70000	28422288	8310000	0	12962037
70000	28604752	8410000	0	12303079
70000	28787216	8510000	0	12378689
70000	28969680	8610000	0	11420843
70000	29152144	8710000	0	13204748
70000	29334592	8810000	0	12796394
70000	29517056	8910000	0	12527520
70000	29699520	9010000	0	13076344
70000	14920176	910000	0	12031287
70000	29881984	9110000	0	13140836
70000	30064448	9210000	0	11678704
70000	30246912	9310000	0	10381220
70000	30429360	9410000	0	10385718
70000	30611824	9510000	0	10391828
70000	30794288	9610000	0	10365057
70000	30976752	9710000	0	10398906
70000	31159216	9810000	0	10584147
70000	31341664	9910000	0	10402339
80000	13278032	10000	0	13411736
80000	15102640	1010000	0	13468943
80000	13460496	110000	0	12413241
80000	15285104	1110000	0	12940017
80000	15467568	1210000	0	12741345
80000	15650016	1310000	0	11863879
80000	15832480	1410000	0	12510371
80000	16014944	1510000	0	11859922
80000	16197408	1610000	0	13400380
80000	16379872	1710000	0	14495475
80000	16562336	1810000	0	14140044
80000	16744784	1910000	0	13529785
80000	16927248	2010000	0	14605119
80000	13642944	210000	0	13659378
80000	17109712	2110000	0	12415553
80000	17292176	2210000	0	13089271
80000	17474640	2310000	0	14094273
80000	17657088	2410000	0	14233906
80000	17839552	2510000	0	14873551
80000	18022016	2610000	0	13198593
80000	18204480	2710000	0	15132292
80000	18386944	2810000	0	14184844
80000	18569392	2910000	0	13417700
80000	18751856	3010000	0	13726183
80000	13825408	310000	0	12376477
80000	18934320	3110000	0	13805214
80000	19116784	3210000	0	14231254
80000	19299248	3310000	0	13964548
80000	19481712	3410000	0	12954412
80000	19664160	3510000	0	14975936
80000	19846624	3610000	0	13169142
80000	20029088	3710000	0	14664441
80000	20211552	3810000	0	13462169
80000	20394016	3910000	0	14630766
80000	20576464	4010000	0	14659668
80000	14007872	410000	0	12952619
80000	20758928	4110000	0	13332053
80000	20941392	4210000	0	13944361
80000	21123856	4310000	0	13203667
80000	21306320	4410000	0	14229516
80000	21488768	4510000	0	14750772
80000	21671232	4610000	0	13874706
80000	21853696	4710000	0	14971957
80000	22036160	4810000	0	13397890
80000	22218624	4910000	0	14775081
80000	22401088	5010000	0	14235798
80000	14190336	510000	0	13066619
80000	22583536	5110000	0	13925338
80000	22766000	5210000	0	14352682
80000	22948464	5310000	0	12946053
80000	23130928	5410000	0	14661994
80000	23313392	5510000	0	13420557
80000	23495840	5610000	0	14603366
80000	23678304	5710000	0	14958390
80000	23860768	5810000	0	14371216
80000	24043232	5910000	0	14026029
80000	24225696	6010000	0	13609234
80000	14372800	610000	0	12138460
80000	24408160	6110000	0	14198953
80000	24590608	6210000	0	13639219
80000	24773072	6310000	0	15049689
80000	24955536	6410000	0	14041618
80000	25138000	6510000	0	14952957
80000	25320464	6610000	0	14573130
80000	25502912	6710000	0	13400614
80000	25685376	6810000	0	14856081
80000	25867840	6910000	0	13564968
80000	26050304	7010000	0	14573945
80000	14555264	710000	0	12268174
80000	26232768	7110000	0	14307488
80000	26415216	7210000	0	13380838
80000	26597680	7310000	0	14117105
80000	26780144	7410000	0	13928818
80000	26962608	7510000	0	13012202
80000	27145072	7610000	0	13517780
80000	27327536	7710000	0	13617801
80000	27509984	7810000	0	11936854
80000	27692448	7910000	0	14877510
80000	27874912	8010000	0	13265364
80000	14737712	810000	0	13741949
80000	28057376	8110000	0	14500216
80000	28239840	8210000	0	13580339
80000	28422288	8310000	0	13353530
80000	28604752	8410000	0	14453557
80000	28787216	8510000	0	14863377
80000	28969680	8610000	0	13576971
80000	29152144	8710000	0	13208506
80000	29334592	8810000	0	13967263
80000	29517056	8910000	0	13942591
80000	29699520	9010000	0	13234374
80000	14920176	910000	0	13622662
80000	29881984	9110000	0	14160600
80000	30064448	9210000	0	13154898
80000	30246912	9310000	0	11862613
80000	30429360	9410000	0	12835444
80000	30611824	9510000	0	12075174
80000	30794288	9610000	0	11889007
80000	30976752	9710000	0	11870909
80000	31159216	9810000	0	11884659
80000	31341664	9910000	0	11879197
90000	13278032	10000	0	14287957
90000	15102640	1010000	0	15545977
90000	13460496	110000	0	14975426
90000	15285104	1110000	0	14353432
90000	15467568	1210000	0	15623564
90000	15650016	1310000	0	13383359
90000	15832480	1410000	0	14120012
90000	16014944	1510000	0	16255263
90000	16197408	1610000	0	14575771
90000	16379872	1710000	0	15219929
90000	16562336	1810000	0	15735544
90000	16744784	1910000	0	15043977
90000	16927248	2010000	0	16056776
90000	13642944	210000	0	14998493
90000	17109712	2110000	0	15181363
90000	17292176	2210000	0	15874329
90000	17474640	2310000	0	15934653
90000	17657088	2410000	0	16164727
90000	17839552	2510000	0	15283074
90000	18022016	2610000	0	16149596
90000	18204480	2710000	0	14488422
90000	18386944	2810000	0	14622153
90000	18569392	2910000	0	15468076
90000	18751856	3010000	0	16441923
90000	13825408	310000	0	14969369
90000	18934320	3110000	0	16122836
90000	19116784	3210000	0	16328764
90000	19299248	3310000	0	16360341
90000	19481712	3410000	0	14799404
90000	19664160	3510000	0	14968690
90000	19846624	3610000	0	14906245
90000	20029088	3710000	0	16225945
90000	20211552	3810000	0	14565744
90000	20394016	3910000	0	15380263
90000	20576464	4010000	0	16394053
90000	14007872	410000	0	15418512
90000	20758928	4110000	0	15179581
90000	20941392	4210000	0	15578704
90000	21123856	4310000	0	15528157
90000	21306320	4410000	0	16256042
90000	21488768	4510000	0	16068800
90000	21671232	4610000	0	16110635
90000	21853696	4710000	0	15151142
90000	22036160	4810000	0	16488838
90000	22218624	4910000	0	15660604
90000	22401088	5010000	0	14562894
90000	14190336	510000	0	14891612
90000	22583536	5110000	0	15837240
90000	22766000	5210000	0	15366874
90000	22948464	5310000	0	13381062
90000	23130928	5410000	0	15162967
90000	23313392	5510000	0	15139203
90000	23495840	5610000	0	15239794
90000	23678304	5710000	0	16340564
90000	23860768	5810000	0	14576021
90000	24043232	5910000	0	14908330
90000	24225696	6010000	0	15520177
90000	14372800	610000	0	14230379
90000	24408160	6110000	0	14538031
90000	24590608	6210000	0	16521673
90000	24773072	6310000	0	14624977
90000	24955536	6410000	0	15924069
90000	25138000	6510000	0	16083291
90000	25320464	6610000	0	15972102
90000	25502912	6710000	0	15993744
90000	25685376	6810000	0	15252955
90000	25867840	6910000	0	16024746
90000	26050304	7010000	0	15401364
90000	14555264	710000	0	16920361
90000	26232768	7110000	0	15020137
90000	26415216	7210000	0	15971311
90000	26597680	7310000	0	16485093
90000	26780144	7410000	0	16347217
90000	26962608	7510000	0	15662796
90000	27145072	7610000	0	15388271
90000	27327536	7710000	0	15095603
90000	27509984	7810000	0	13674272
90000	27692448	7910000	0	15373089
90000	27874912	8010000	0	16100310
90000	14737712	810000	0	13632711
90000	28057376	8110000	0	15747693
90000	28239840	8210000	0	14559518
90000	28422288	8310000	0	14690960
90000	28604752	8410000	0	14762953
90000	28787216	8510000	0	15849436
90000	28969680	8610000	0	14838651
90000	29152144	8710000	0	15333890
90000	29334592	8810000	0	14477607
90000	29517056	8910000	0	15084358
90000	29699520	9010000	0	15573687
90000	14920176	910000	0	14169082
90000	29881984	9110000	0	15400648
90000	30064448	9210000	0	16193357
90000	30246912	9310000	0	15528989
90000	30429360	9410000	0	13472426
90000	30611824	9510000	0	13429363
90000	30794288	9610000	0	13414130
90000	30976752	9710000	0	13471057
90000	31159216	9810000	0	14750053
90000	31341664	9910000	0	13428002
