1000000	1825008	1000000	0	226545882
1000000	18246496	10000000	0	218158906
1000000	182461408	100000000	0	223453173
1000000	20071104	11000000	0	227781484
1000000	21895712	12000000	0	218163529
1000000	23720320	13000000	0	228438212
1000000	25544928	14000000	0	217967331
1000000	27369552	15000000	0	216997011
1000000	29194160	16000000	0	216790671
1000000	31018768	17000000	0	217285041
1000000	32843376	18000000	0	218402067
1000000	34667984	19000000	0	217163353
1000000	3649616	2000000	0	221683975
1000000	36492592	20000000	0	217305126
1000000	38317200	21000000	0	219402046
1000000	40141824	22000000	0	222064970
1000000	41966432	23000000	0	221655999
1000000	43791040	24000000	0	221124977
1000000	45615648	25000000	0	219970292
1000000	47440256	26000000	0	220992544
1000000	49264864	27000000	0	219964852
1000000	51089472	28000000	0	217892046
1000000	52914080	29000000	0	223386492
1000000	5474224	3000000	0	221762967
1000000	54738704	30000000	0	217767581
1000000	56563312	31000000	0	223433534
1000000	58387920	32000000	0	217909898
1000000	60212528	33000000	0	223765768
1000000	62037136	34000000	0	221288569
1000000	63861744	35000000	0	219954401
1000000	65686352	36000000	0	221190492
1000000	67510976	37000000	0	220082997
1000000	69335584	38000000	0	221293422
1000000	71160192	39000000	0	220234998
1000000	7298832	4000000	0	220259939
1000000	72984800	40000000	0	220713555
1000000	74809408	41000000	0	218642200
1000000	76634016	42000000	0	220493576
1000000	78458624	43000000	0	218937357
1000000	80283248	44000000	0	220688948
1000000	82107856	45000000	0	219107171
1000000	83932464	46000000	0	220708606
1000000	85757072	47000000	0	228297626
1000000	87581680	48000000	0	218065443
1000000	89406288	49000000	0	228974691
1000000	9123440	5000000	0	223421874
1000000	91230896	50000000	0	217931655
1000000	93055520	51000000	0	228340704
1000000	94880128	52000000	0	218170332
1000000	96704736	53000000	0	219076526
1000000	98529344	54000000	0	217409557
1000000	100353952	55000000	0	216468870
1000000	102178560	56000000	0	217419601
1000000	104003168	57000000	0	216712710
1000000	105827776	58000000	0	217529418
1000000	107652400	59000000	0	221582272
1000000	10948048	6000000	0	219515925
1000000	109477008	60000000	0	218872242
1000000	111301616	61000000	0	221845920
1000000	113126224	62000000	0	218717736
1000000	114950832	63000000	0	222131717
1000000	116775440	64000000	0	218658355
1000000	118600048	65000000	0	222139940
1000000	120424672	66000000	0	221975581
1000000	122249280	67000000	0	218973885
1000000	124073888	68000000	0	222419060
1000000	125898496	69000000	0	218540085
1000000	12772656	7000000	0	226971971
1000000	127723104	70000000	0	221290155
1000000	129547712	71000000	0	218664829
1000000	131372320	72000000	0	221220246
1000000	133196944	73000000	0	229594024
1000000	135021552	74000000	0	221408510
1000000	136846160	75000000	0	229483055
1000000	138670768	76000000	0	221206898
1000000	140495376	77000000	0	229581301
1000000	142319984	78000000	0	218860228
1000000	144144592	79000000	0	217061873
1000000	14597280	8000000	0	221271585
1000000	145969216	80000000	0	218629847
1000000	147793824	81000000	0	216760782
1000000	149618432	82000000	0	219179957
1000000	151443040	83000000	0	216588580
1000000	153267648	84000000	0	223671111
1000000	155092256	85000000	0	222256556
1000000	156916864	86000000	0	223553239
1000000	158741472	87000000	0	220827924
1000000	160566096	88000000	0	223576900
1000000	162390704	89000000	0	220686767
1000000	16421888	9000000	0	226663354
1000000	164215312	90000000	0	223550069
1000000	166039920	91000000	0	218386155
1000000	167864528	92000000	0	218997032
1000000	169689136	93000000	0	219846258
1000000	171513744	94000000	0	219613558
1000000	173338368	95000000	0	218497832
1000000	175162976	96000000	0	219269647
1000000	176987584	97000000	0	219630865
1000000	178812192	98000000	0	221196292
1000000	180636800	99000000	0	218972416
100000	1825008	1000000	0	18219108
100000	18246496	10000000	0	18211893
100000	182461408	100000000	0	17344318
100000	20071104	11000000	0	17155654
100000	21895712	12000000	0	17514902
100000	23720320	13000000	0	18520315
100000	25544928	14000000	0	18956431
100000	27369552	15000000	0	18208690
100000	29194160	16000000	0	19073890
100000	31018768	17000000	0	16858286
100000	32843376	18000000	0	19257942
100000	34667984	19000000	0	18003247
100000	3649616	2000000	0	20087529
100000	36492592	20000000	0	17801593
100000	38317200	21000000	0	19188603
100000	40141824	22000000	0	18098958
100000	41966432	23000000	0	16113610
100000	43791040	24000000	0	16401450
100000	45615648	25000000	0	17962416
100000	47440256	26000000	0	16110718
100000	49264864	27000000	0	17714211
100000	51089472	28000000	0	16805800
100000	52914080	29000000	0	16863286
100000	5474224	3000000	0	20522553
100000	54738704	30000000	0	16969813
100000	56563312	31000000	0	16888641
100000	58387920	32000000	0	16891154
100000	60212528	33000000	0	17163158
100000	62037136	34000000	0	17117386
100000	63861744	35000000	0	16949387
100000	65686352	36000000	0	16982229
100000	67510976	37000000	0	16871150
100000	69335584	38000000	0	16842055
100000	71160192	39000000	0	16935674
100000	7298832	4000000	0	18709134
100000	72984800	40000000	0	17860390
100000	74809408	41000000	0	16904041
100000	76634016	42000000	0	17095460
100000	78458624	43000000	0	16915036
100000	80283248	44000000	0	16920331
100000	82107856	45000000	0	16891175
100000	83932464	46000000	0	17130340
100000	85757072	47000000	0	17004695
100000	87581680	48000000	0	16992529
100000	89406288	49000000	0	16839240
100000	9123440	5000000	0	20332078
100000	91230896	50000000	0	16936744
100000	93055520	51000000	0	16969677
100000	94880128	52000000	0	17175025
100000	96704736	53000000	0	17088735
100000	98529344	54000000	0	16915344
100000	100353952	55000000	0	17060971
100000	102178560	56000000	0	16907699
100000	104003168	57000000	0	17010812
100000	105827776	58000000	0	17032908
100000	107652400	59000000	0	16968478
100000	10948048	6000000	0	19136330
100000	109477008	60000000	0	17133426
100000	111301616	61000000	0	17237690
100000	113126224	62000000	0	17048970
100000	114950832	63000000	0	17029746
100000	116775440	64000000	0	16739723
100000	118600048	65000000	0	17107660
100000	120424672	66000000	0	17039241
100000	122249280	67000000	0	16859298
100000	124073888	68000000	0	17051325
100000	125898496	69000000	0	16809403
100000	12772656	7000000	0	18029659
100000	127723104	70000000	0	17036774
100000	129547712	71000000	0	16888282
100000	131372320	72000000	0	17024100
100000	133196944	73000000	0	17035468
100000	135021552	74000000	0	16756459
100000	136846160	75000000	0	18337018
100000	138670768	76000000	0	17118479
100000	140495376	77000000	0	16969439
100000	142319984	78000000	0	17173111
100000	144144592	79000000	0	17280865
100000	14597280	8000000	0	17419621
100000	145969216	80000000	0	17277355
100000	147793824	81000000	0	16939041
100000	149618432	82000000	0	16995663
100000	151443040	83000000	0	17221049
100000	153267648	84000000	0	16767902
100000	155092256	85000000	0	17098598
100000	156916864	86000000	0	16934238
100000	158741472	87000000	0	17230276
100000	160566096	88000000	0	17244752
100000	162390704	89000000	0	16953476
100000	16421888	9000000	0	18382601
100000	164215312	90000000	0	17093155
100000	166039920	91000000	0	16740126
100000	167864528	92000000	0	17319851
100000	169689136	93000000	0	16815488
100000	171513744	94000000	0	17208810
100000	173338368	95000000	0	17122874
100000	175162976	96000000	0	17348754
100000	176987584	97000000	0	17280036
100000	178812192	98000000	0	17222282
100000	180636800	99000000	0	17306018
200000	1825008	1000000	0	35554646
200000	18246496	10000000	0	36302742
200000	182461408	100000000	0	35760251
200000	20071104	11000000	0	36011864
200000	21895712	12000000	0	36305006
200000	23720320	13000000	0	35996312
200000	25544928	14000000	0	36299971
200000	27369552	15000000	0	36535000
200000	29194160	16000000	0	36224746
200000	31018768	17000000	0	35998651
200000	32843376	18000000	0	36492250
200000	34667984	19000000	0	33779864
200000	3649616	2000000	0	35213651
200000	36492592	20000000	0	33168344
200000	38317200	21000000	0	33796286
200000	40141824	22000000	0	35263873
200000	41966432	23000000	0	33838746
200000	43791040	24000000	0	33060227
200000	45615648	25000000	0	36535033
200000	47440256	26000000	0	38397406
200000	49264864	27000000	0	36461476
200000	51089472	28000000	0	37425534
200000	52914080	29000000	0	36568258
200000	5474224	3000000	0	36407357
200000	54738704	30000000	0	35974317
200000	56563312	31000000	0	38498134
200000	58387920	32000000	0	36093701
200000	60212528	33000000	0	36846184
200000	62037136	34000000	0	36224582
200000	63861744	35000000	0	36860330
200000	65686352	36000000	0	36734959
200000	67510976	37000000	0	36841831
200000	69335584	38000000	0	34003129
200000	71160192	39000000	0	36746787
200000	7298832	4000000	0	35713461
200000	72984800	40000000	0	33871210
200000	74809408	41000000	0	37604490
200000	76634016	42000000	0	33817119
200000	78458624	43000000	0	36507862
200000	80283248	44000000	0	36387501
200000	82107856	45000000	0	36536402
200000	83932464	46000000	0	36502584
200000	85757072	47000000	0	36844684
200000	87581680	48000000	0	36347843
200000	89406288	49000000	0	36582830
200000	9123440	5000000	0	36162292
200000	91230896	50000000	0	33542287
200000	93055520	51000000	0	36535095
200000	94880128	52000000	0	33394240
200000	96704736	53000000	0	36328623
200000	98529344	54000000	0	33596941
200000	100353952	55000000	0	36060303
200000	102178560	56000000	0	33409688
200000	104003168	57000000	0	36045254
200000	105827776	58000000	0	36203960
200000	107652400	59000000	0	36110571
200000	10948048	6000000	0	35566805
200000	109477008	60000000	0	36108278
200000	111301616	61000000	0	36064193
200000	113126224	62000000	0	37886239
200000	114950832	63000000	0	37036967
200000	116775440	64000000	0	36770916
200000	118600048	65000000	0	36452713
200000	120424672	66000000	0	36700132
200000	122249280	67000000	0	36820721
200000	124073888	68000000	0	36815805
200000	125898496	69000000	0	35953950
200000	12772656	7000000	0	35797109
200000	127723104	70000000	0	36815314
200000	129547712	71000000	0	36170022
200000	131372320	72000000	0	37130000
200000	133196944	73000000	0	35924324
200000	135021552	74000000	0	36801558
200000	136846160	75000000	0	35938665
200000	138670768	76000000	0	36222457
200000	140495376	77000000	0	34298782
200000	142319984	78000000	0	36199896
200000	144144592	79000000	0	34230221
200000	14597280	8000000	0	35929074
200000	145969216	80000000	0	36429588
200000	147793824	81000000	0	34528584
200000	149618432	82000000	0	35908580
200000	151443040	83000000	0	36436473
200000	153267648	84000000	0	35773415
200000	155092256	85000000	0	36128898
200000	156916864	86000000	0	35877331
200000	158741472	87000000	0	36161912
200000	160566096	88000000	0	35551222
200000	162390704	89000000	0	34306051
200000	16421888	9000000	0	35527727
200000	164215312	90000000	0	36057158
200000	166039920	91000000	0	34240082
200000	167864528	92000000	0	35516295
200000	169689136	93000000	0	34146108
200000	171513744	94000000	0	36863211
200000	173338368	95000000	0	36963750
200000	175162976	96000000	0	37052800
200000	176987584	97000000	0	36927878
200000	178812192	98000000	0	36964231
200000	180636800	99000000	0	37268669
300000	1825008	1000000	0	55800807
300000	18246496	10000000	0	55550558
300000	182461408	100000000	0	54077826
300000	20071104	11000000	0	54916794
300000	21895712	12000000	0	55485948
300000	23720320	13000000	0	54960375
300000	25544928	14000000	0	55379292
300000	27369552	15000000	0	55899735
300000	29194160	16000000	0	55465552
300000	31018768	17000000	0	54911674
300000	32843376	18000000	0	54897390
300000	34667984	19000000	0	57099738
300000	3649616	2000000	0	56331406
300000	36492592	20000000	0	55077453
300000	38317200	21000000	0	56990295
300000	40141824	22000000	0	54880286
300000	41966432	23000000	0	56927290
300000	43791040	24000000	0	57071787
300000	45615648	25000000	0	52292107
300000	47440256	26000000	0	57029990
300000	49264864	27000000	0	52228605
300000	51089472	28000000	0	57079081
300000	52914080	29000000	0	52222983
300000	5474224	3000000	0	54580984
300000	54738704	30000000	0	54271295
300000	56563312	31000000	0	57017641
300000	58387920	32000000	0	54314058
300000	60212528	33000000	0	59009864
300000	62037136	34000000	0	54346245
300000	63861744	35000000	0	57418606
300000	65686352	36000000	0	55436429
300000	67510976	37000000	0	56863241
300000	69335584	38000000	0	55194728
300000	71160192	39000000	0	54912182
300000	7298832	4000000	0	54406880
300000	72984800	40000000	0	56683102
300000	74809408	41000000	0	54416693
300000	76634016	42000000	0	54728086
300000	78458624	43000000	0	54599686
300000	80283248	44000000	0	54379053
300000	82107856	45000000	0	54684249
300000	83932464	46000000	0	54401483
300000	85757072	47000000	0	55337238
300000	87581680	48000000	0	54517018
300000	89406288	49000000	0	57435052
300000	9123440	5000000	0	54315261
300000	91230896	50000000	0	57387133
300000	93055520	51000000	0	57346276
300000	94880128	52000000	0	57279108
300000	96704736	53000000	0	57822125
300000	98529344	54000000	0	57356349
300000	100353952	55000000	0	57163868
300000	102178560	56000000	0	57476671
300000	104003168	57000000	0	55341856
300000	105827776	58000000	0	57103657
300000	107652400	59000000	0	55602619
300000	10948048	6000000	0	54031009
300000	109477008	60000000	0	57503246
300000	111301616	61000000	0	55348794
300000	113126224	62000000	0	52668298
300000	114950832	63000000	0	57754092
300000	116775440	64000000	0	52690005
300000	118600048	65000000	0	57825775
300000	120424672	66000000	0	53529555
300000	122249280	67000000	0	57412655
300000	124073888	68000000	0	57213079
300000	125898496	69000000	0	53959019
300000	12772656	7000000	0	54483367
300000	127723104	70000000	0	57271474
300000	129547712	71000000	0	53966636
300000	131372320	72000000	0	57364222
300000	133196944	73000000	0	53899373
300000	135021552	74000000	0	57492916
300000	136846160	75000000	0	56567297
300000	138670768	76000000	0	55436196
300000	140495376	77000000	0	56527633
300000	142319984	78000000	0	55450143
300000	144144592	79000000	0	56451879
300000	14597280	8000000	0	56032038
300000	145969216	80000000	0	55560207
300000	147793824	81000000	0	54737124
300000	149618432	82000000	0	54432353
300000	151443040	83000000	0	54533279
300000	153267648	84000000	0	54256154
300000	155092256	85000000	0	54657908
300000	156916864	86000000	0	54353226
300000	158741472	87000000	0	57673179
300000	160566096	88000000	0	57094636
300000	162390704	89000000	0	57727276
300000	16421888	9000000	0	56412096
300000	164215312	90000000	0	57308044
300000	166039920	91000000	0	57843276
300000	167864528	92000000	0	57177828
300000	169689136	93000000	0	57862199
300000	171513744	94000000	0	56430173
300000	173338368	95000000	0	54940313
300000	175162976	96000000	0	56460701
300000	176987584	97000000	0	54815172
300000	178812192	98000000	0	56528030
300000	180636800	99000000	0	54801514
400000	1825008	1000000	0	77550473
400000	18246496	10000000	0	78093893
400000	182461408	100000000	0	74359609
400000	20071104	11000000	0	75712242
400000	21895712	12000000	0	78333376
400000	23720320	13000000	0	75596594
400000	25544928	14000000	0	78242111
400000	27369552	15000000	0	75501618
400000	29194160	16000000	0	78245127
400000	31018768	17000000	0	75793473
400000	32843376	18000000	0	77621341
400000	34667984	19000000	0	79784138
400000	3649616	2000000	0	78050803
400000	36492592	20000000	0	77545884
400000	38317200	21000000	0	78357645
400000	40141824	22000000	0	79575549
400000	41966432	23000000	0	78234576
400000	43791040	24000000	0	80463479
400000	45615648	25000000	0	74512234
400000	47440256	26000000	0	80395683
400000	49264864	27000000	0	76126381
400000	51089472	28000000	0	80500068
400000	52914080	29000000	0	74649318
400000	5474224	3000000	0	77084785
400000	54738704	30000000	0	74552034
400000	56563312	31000000	0	80561320
400000	58387920	32000000	0	74540066
400000	60212528	33000000	0	80531013
400000	62037136	34000000	0	74904080
400000	63861744	35000000	0	80200357
400000	65686352	36000000	0	78700639
400000	67510976	37000000	0	77499873
400000	69335584	38000000	0	75493846
400000	71160192	39000000	0	77519112
400000	7298832	4000000	0	76548623
400000	72984800	40000000	0	75680536
400000	74809408	41000000	0	77601975
400000	76634016	42000000	0	75838218
400000	78458624	43000000	0	75060509
400000	80283248	44000000	0	77192514
400000	82107856	45000000	0	75095510
400000	83932464	46000000	0	77251047
400000	85757072	47000000	0	75453135
400000	87581680	48000000	0	77099784
400000	89406288	49000000	0	77480385
400000	9123440	5000000	0	74350689
400000	91230896	50000000	0	81358930
400000	93055520	51000000	0	77534630
400000	94880128	52000000	0	81288184
400000	96704736	53000000	0	77694592
400000	98529344	54000000	0	81608337
400000	100353952	55000000	0	77829565
400000	102178560	56000000	0	78436620
400000	104003168	57000000	0	77802588
400000	105827776	58000000	0	78689003
400000	107652400	59000000	0	77702014
400000	10948048	6000000	0	76181137
400000	109477008	60000000	0	78470877
400000	111301616	61000000	0	77912190
400000	113126224	62000000	0	74767029
400000	114950832	63000000	0	80947235
400000	116775440	64000000	0	75048858
400000	118600048	65000000	0	80930125
400000	120424672	66000000	0	75566233
400000	122249280	67000000	0	81306252
400000	124073888	68000000	0	79708484
400000	125898496	69000000	0	77408650
400000	12772656	7000000	0	75905723
400000	127723104	70000000	0	79712808
400000	129547712	71000000	0	75243445
400000	131372320	72000000	0	79917077
400000	133196944	73000000	0	75640356
400000	135021552	74000000	0	79642217
400000	136846160	75000000	0	77549206
400000	138670768	76000000	0	77264568
400000	140495376	77000000	0	79488917
400000	142319984	78000000	0	77233808
400000	144144592	79000000	0	77977462
400000	14597280	8000000	0	77339231
400000	145969216	80000000	0	77118418
400000	147793824	81000000	0	74671087
400000	149618432	82000000	0	77583707
400000	151443040	83000000	0	75013240
400000	153267648	84000000	0	77799013
400000	155092256	85000000	0	75091520
400000	156916864	86000000	0	77838507
400000	158741472	87000000	0	78957002
400000	160566096	88000000	0	79473257
400000	162390704	89000000	0	78975896
400000	16421888	9000000	0	75954469
400000	164215312	90000000	0	79703504
400000	166039920	91000000	0	79078029
400000	167864528	92000000	0	79467347
400000	169689136	93000000	0	81809577
400000	171513744	94000000	0	79119076
400000	173338368	95000000	0	75212351
400000	175162976	96000000	0	79317406
400000	176987584	97000000	0	74825014
400000	178812192	98000000	0	79278921
400000	180636800	99000000	0	74911839
500000	1825008	1000000	0	99682427
500000	18246496	10000000	0	104692073
500000	182461408	100000000	0	100797711
500000	20071104	11000000	0	97738500
500000	21895712	12000000	0	104710263
500000	23720320	13000000	0	97002345
500000	25544928	14000000	0	104734626
500000	27369552	15000000	0	96534624
500000	29194160	16000000	0	104783008
500000	31018768	17000000	0	102418982
500000	32843376	18000000	0	98403170
500000	34667984	19000000	0	102680107
500000	3649616	2000000	0	100526223
500000	36492592	20000000	0	98127568
500000	38317200	21000000	0	103593831
500000	40141824	22000000	0	98166785
500000	41966432	23000000	0	102308630
500000	43791040	24000000	0	100799852
500000	45615648	25000000	0	99716610
500000	47440256	26000000	0	100775987
500000	49264864	27000000	0	99804476
500000	51089472	28000000	0	100954061
500000	52914080	29000000	0	99690817
500000	5474224	3000000	0	100618603
500000	54738704	30000000	0	97475255
500000	56563312	31000000	0	101438829
500000	58387920	32000000	0	97140747
500000	60212528	33000000	0	101279539
500000	62037136	34000000	0	97257155
500000	63861744	35000000	0	101181571
500000	65686352	36000000	0	101604854
500000	67510976	37000000	0	103584622
500000	69335584	38000000	0	101485976
500000	71160192	39000000	0	103301585
500000	7298832	4000000	0	101789306
500000	72984800	40000000	0	101559713
500000	74809408	41000000	0	103459292
500000	76634016	42000000	0	97851443
500000	78458624	43000000	0	103593902
500000	80283248	44000000	0	97423798
500000	82107856	45000000	0	102027633
500000	83932464	46000000	0	97783696
500000	85757072	47000000	0	102002709
500000	87581680	48000000	0	99313951
500000	89406288	49000000	0	97358023
500000	9123440	5000000	0	99125316
500000	91230896	50000000	0	101510543
500000	93055520	51000000	0	95830650
500000	94880128	52000000	0	101309879
500000	96704736	53000000	0	95917095
500000	98529344	54000000	0	101174650
500000	100353952	55000000	0	101651843
500000	102178560	56000000	0	99503499
500000	104003168	57000000	0	101148679
500000	105827776	58000000	0	99274826
500000	107652400	59000000	0	101291238
500000	10948048	6000000	0	98677797
500000	109477008	60000000	0	99544132
500000	111301616	61000000	0	100871099
500000	113126224	62000000	0	101354411
500000	114950832	63000000	0	100829406
500000	116775440	64000000	0	100940097
500000	118600048	65000000	0	100889770
500000	120424672	66000000	0	101290522
500000	122249280	67000000	0	100821806
500000	124073888	68000000	0	101962144
500000	125898496	69000000	0	98400210
500000	12772656	7000000	0	101708715
500000	127723104	70000000	0	101904256
500000	129547712	71000000	0	99803503
500000	131372320	72000000	0	102160693
500000	133196944	73000000	0	98400356
500000	135021552	74000000	0	104826227
500000	136846160	75000000	0	100388301
500000	138670768	76000000	0	103846758
500000	140495376	77000000	0	100387313
500000	142319984	78000000	0	104032996
500000	144144592	79000000	0	100299826
500000	14597280	8000000	0	104281014
500000	145969216	80000000	0	102412424
500000	147793824	81000000	0	101525931
500000	149618432	82000000	0	102373640
500000	151443040	83000000	0	101589961
500000	153267648	84000000	0	102209664
500000	155092256	85000000	0	101588582
500000	156916864	86000000	0	102590132
500000	158741472	87000000	0	101798844
500000	160566096	88000000	0	102376444
500000	162390704	89000000	0	101730032
500000	16421888	9000000	0	95877428
500000	164215312	90000000	0	102179922
500000	166039920	91000000	0	101659764
500000	167864528	92000000	0	102828607
500000	169689136	93000000	0	101505798
500000	171513744	94000000	0	101920160
500000	173338368	95000000	0	99567587
500000	175162976	96000000	0	102111128
500000	176987584	97000000	0	99680256
500000	178812192	98000000	0	101898907
500000	180636800	99000000	0	100101552
600000	1825008	1000000	0	121255136
600000	18246496	10000000	0	130520667
600000	182461408	100000000	0	124295397
600000	20071104	11000000	0	120144838
600000	21895712	12000000	0	128831479
600000	23720320	13000000	0	120181215
600000	25544928	14000000	0	128553982
600000	27369552	15000000	0	120288373
600000	29194160	16000000	0	128392466
600000	31018768	17000000	0	124112196
600000	32843376	18000000	0	122360837
600000	34667984	19000000	0	124769330
600000	3649616	2000000	0	121602773
600000	36492592	20000000	0	124010518
600000	38317200	21000000	0	124216657
600000	40141824	22000000	0	122313276
600000	41966432	23000000	0	124068254
600000	43791040	24000000	0	125476641
600000	45615648	25000000	0	124103097
600000	47440256	26000000	0	125164291
600000	49264864	27000000	0	124187851
600000	51089472	28000000	0	127165514
600000	52914080	29000000	0	124186661
600000	5474224	3000000	0	122925381
600000	54738704	30000000	0	122824070
600000	56563312	31000000	0	125970866
600000	58387920	32000000	0	121374683
600000	60212528	33000000	0	126139991
600000	62037136	34000000	0	121547945
600000	63861744	35000000	0	125657283
600000	65686352	36000000	0	122513660
600000	67510976	37000000	0	127477534
600000	69335584	38000000	0	122519468
600000	71160192	39000000	0	128105655
600000	7298832	4000000	0	123444280
600000	72984800	40000000	0	122691833
600000	74809408	41000000	0	127553482
600000	76634016	42000000	0	121340457
600000	78458624	43000000	0	124276638
600000	80283248	44000000	0	122256848
600000	82107856	45000000	0	123951386
600000	83932464	46000000	0	121426342
600000	85757072	47000000	0	125649175
600000	87581680	48000000	0	121776250
600000	89406288	49000000	0	118255662
600000	9123440	5000000	0	123236674
600000	91230896	50000000	0	123327691
600000	93055520	51000000	0	118361900
600000	94880128	52000000	0	123225958
600000	96704736	53000000	0	118199019
600000	98529344	54000000	0	123404030
600000	100353952	55000000	0	125500537
600000	102178560	56000000	0	122646753
600000	104003168	57000000	0	125953187
600000	105827776	58000000	0	122609187
600000	107652400	59000000	0	125736893
600000	10948048	6000000	0	121967515
600000	109477008	60000000	0	122183918
600000	111301616	61000000	0	124172841
600000	113126224	62000000	0	125015783
600000	114950832	63000000	0	124130385
600000	116775440	64000000	0	123231127
600000	118600048	65000000	0	124408791
600000	120424672	66000000	0	123166711
600000	122249280	67000000	0	124833861
600000	124073888	68000000	0	125669534
600000	125898496	69000000	0	120852184
600000	12772656	7000000	0	125766670
600000	127723104	70000000	0	125985448
600000	129547712	71000000	0	120718029
600000	131372320	72000000	0	126068979
600000	133196944	73000000	0	120412784
600000	135021552	74000000	0	128604750
600000	136846160	75000000	0	121533544
600000	138670768	76000000	0	128276439
600000	140495376	77000000	0	121751621
600000	142319984	78000000	0	129685219
600000	144144592	79000000	0	121632023
600000	14597280	8000000	0	128051261
600000	145969216	80000000	0	124518579
600000	147793824	81000000	0	124375545
600000	149618432	82000000	0	124620358
600000	151443040	83000000	0	124368982
600000	153267648	84000000	0	124279792
600000	155092256	85000000	0	124376773
600000	156916864	86000000	0	124937870
600000	158741472	87000000	0	123192189
600000	160566096	88000000	0	126597047
600000	162390704	89000000	0	123128431
600000	16421888	9000000	0	119253430
600000	164215312	90000000	0	127153930
600000	166039920	91000000	0	122906169
600000	167864528	92000000	0	126810743
600000	169689136	93000000	0	121344863
600000	171513744	94000000	0	125826840
600000	173338368	95000000	0	122025195
600000	175162976	96000000	0	125758372
600000	176987584	97000000	0	121345449
600000	178812192	98000000	0	125643528
600000	180636800	99000000	0	123121034
700000	1825008	1000000	0	143653538
700000	18246496	10000000	0	145744046
700000	182461408	100000000	0	149977106
700000	20071104	11000000	0	146845717
700000	21895712	12000000	0	145747148
700000	23720320	13000000	0	146689538
700000	25544928	14000000	0	145975684
700000	27369552	15000000	0	146549209
700000	29194160	16000000	0	145682918
700000	31018768	17000000	0	148171594
700000	32843376	18000000	0	142560778
700000	34667984	19000000	0	148166161
700000	3649616	2000000	0	143489039
700000	36492592	20000000	0	142631008
700000	38317200	21000000	0	148247199
700000	40141824	22000000	0	142332743
700000	41966432	23000000	0	148416178
700000	43791040	24000000	0	143753286
700000	45615648	25000000	0	151073747
700000	47440256	26000000	0	143593231
700000	49264864	27000000	0	151030703
700000	51089472	28000000	0	143560278
700000	52914080	29000000	0	150649979
700000	5474224	3000000	0	148545575
700000	54738704	30000000	0	149811044
700000	56563312	31000000	0	150205794
700000	58387920	32000000	0	149719856
700000	60212528	33000000	0	150113946
700000	62037136	34000000	0	149580792
700000	63861744	35000000	0	150004872
700000	65686352	36000000	0	150424324
700000	67510976	37000000	0	142830117
700000	69335584	38000000	0	149945558
700000	71160192	39000000	0	142728316
700000	7298832	4000000	0	149183814
700000	72984800	40000000	0	150119105
700000	74809408	41000000	0	142676521
700000	76634016	42000000	0	145313121
700000	78458624	43000000	0	144963725
700000	80283248	44000000	0	145537425
700000	82107856	45000000	0	144914649
700000	83932464	46000000	0	145091125
700000	85757072	47000000	0	145354103
700000	87581680	48000000	0	145207650
700000	89406288	49000000	0	149237182
700000	9123440	5000000	0	145410046
700000	91230896	50000000	0	149707121
700000	93055520	51000000	0	148733315
700000	94880128	52000000	0	149602404
700000	96704736	53000000	0	148847772
700000	98529344	54000000	0	145716782
700000	100353952	55000000	0	144906157
700000	102178560	56000000	0	147477322
700000	104003168	57000000	0	143310085
700000	105827776	58000000	0	147440827
700000	107652400	59000000	0	143336895
700000	10948048	6000000	0	140345459
700000	109477008	60000000	0	147301129
700000	111301616	61000000	0	144074563
700000	113126224	62000000	0	149289657
700000	114950832	63000000	0	144383870
700000	116775440	64000000	0	149122569
700000	118600048	65000000	0	144394055
700000	120424672	66000000	0	149358078
700000	122249280	67000000	0	144347197
700000	124073888	68000000	0	147435068
700000	125898496	69000000	0	147050524
700000	12772656	7000000	0	150358073
700000	127723104	70000000	0	147207888
700000	129547712	71000000	0	146871148
700000	131372320	72000000	0	147485212
700000	133196944	73000000	0	146877529
700000	135021552	74000000	0	147457528
700000	136846160	75000000	0	143438507
700000	138670768	76000000	0	147841964
700000	140495376	77000000	0	144073579
700000	142319984	78000000	0	147841554
700000	144144592	79000000	0	143842074
700000	14597280	8000000	0	144656916
700000	145969216	80000000	0	143372106
700000	147793824	81000000	0	148896054
700000	149618432	82000000	0	143600194
700000	151443040	83000000	0	149124055
700000	153267648	84000000	0	143540140
700000	155092256	85000000	0	148954049
700000	156916864	86000000	0	144018272
700000	158741472	87000000	0	149042211
700000	160566096	88000000	0	148385335
700000	162390704	89000000	0	149108564
700000	16421888	9000000	0	145703344
700000	164215312	90000000	0	147396855
700000	166039920	91000000	0	149061128
700000	167864528	92000000	0	147382631
700000	169689136	93000000	0	144315216
700000	171513744	94000000	0	147359701
700000	173338368	95000000	0	144450194
700000	175162976	96000000	0	147358667
700000	176987584	97000000	0	144281234
700000	178812192	98000000	0	147169483
700000	180636800	99000000	0	146319466
800000	1825008	1000000	0	170650805
800000	18246496	10000000	0	171459574
800000	182461408	100000000	0	175152302
800000	20071104	11000000	0	169908812
800000	21895712	12000000	0	171213710
800000	23720320	13000000	0	169733814
800000	25544928	14000000	0	172962024
800000	27369552	15000000	0	170043032
800000	29194160	16000000	0	171427257
800000	31018768	17000000	0	172432816
800000	32843376	18000000	0	168406088
800000	34667984	19000000	0	172623251
800000	3649616	2000000	0	168217182
800000	36492592	20000000	0	168345946
800000	38317200	21000000	0	172185106
800000	40141824	22000000	0	168386064
800000	41966432	23000000	0	172146831
800000	43791040	24000000	0	169559813
800000	45615648	25000000	0	174794803
800000	47440256	26000000	0	170012392
800000	49264864	27000000	0	173806288
800000	51089472	28000000	0	169822036
800000	52914080	29000000	0	173961370
800000	5474224	3000000	0	172977319
800000	54738704	30000000	0	172937819
800000	56563312	31000000	0	172999331
800000	58387920	32000000	0	172832565
800000	60212528	33000000	0	173037331
800000	62037136	34000000	0	172995140
800000	63861744	35000000	0	173272492
800000	65686352	36000000	0	176033142
800000	67510976	37000000	0	168297650
800000	69335584	38000000	0	176880854
800000	71160192	39000000	0	168125347
800000	7298832	4000000	0	174787885
800000	72984800	40000000	0	175865613
800000	74809408	41000000	0	168006905
800000	76634016	42000000	0	169844443
800000	78458624	43000000	0	169649875
800000	80283248	44000000	0	170380349
800000	82107856	45000000	0	169802913
800000	83932464	46000000	0	170140367
800000	85757072	47000000	0	169695887
800000	87581680	48000000	0	170339394
800000	89406288	49000000	0	172749174
800000	9123440	5000000	0	171611975
800000	91230896	50000000	0	174102335
800000	93055520	51000000	0	173528025
800000	94880128	52000000	0	174470250
800000	96704736	53000000	0	172513643
800000	98529344	54000000	0	169851387
800000	100353952	55000000	0	168576446
800000	102178560	56000000	0	171782792
800000	104003168	57000000	0	168810159
800000	105827776	58000000	0	171818191
800000	107652400	59000000	0	171869794
800000	10948048	6000000	0	166513488
800000	109477008	60000000	0	171677545
800000	111301616	61000000	0	169703738
800000	113126224	62000000	0	174238141
800000	114950832	63000000	0	169294651
800000	116775440	64000000	0	174419962
800000	118600048	65000000	0	169675904
800000	120424672	66000000	0	174253517
800000	122249280	67000000	0	169370004
800000	124073888	68000000	0	171049429
800000	125898496	69000000	0	172589794
800000	12772656	7000000	0	175514044
800000	127723104	70000000	0	170774468
800000	129547712	71000000	0	172610509
800000	131372320	72000000	0	170645108
800000	133196944	73000000	0	172946547
800000	135021552	74000000	0	173210537
800000	136846160	75000000	0	170416980
800000	138670768	76000000	0	173477058
800000	140495376	77000000	0	170025697
800000	142319984	78000000	0	173670498
800000	144144592	79000000	0	170337769
800000	14597280	8000000	0	170905972
800000	145969216	80000000	0	170469403
800000	147793824	81000000	0	175265978
800000	149618432	82000000	0	170252375
800000	151443040	83000000	0	175700286
800000	153267648	84000000	0	170187444
800000	155092256	85000000	0	175209101
800000	156916864	86000000	0	170480154
800000	158741472	87000000	0	175354034
800000	160566096	88000000	0	173970058
800000	162390704	89000000	0	175505308
800000	16421888	9000000	0	169689018
800000	164215312	90000000	0	172446604
800000	166039920	91000000	0	175426076
800000	167864528	92000000	0	172606589
800000	169689136	93000000	0	169104584
800000	171513744	94000000	0	172521543
800000	173338368	95000000	0	169033533
800000	175162976	96000000	0	172845885
800000	176987584	97000000	0	169034633
800000	178812192	98000000	0	172798834
800000	180636800	99000000	0	173083707
900000	1825008	1000000	0	193313780
900000	18246496	10000000	0	195391831
900000	182461408	100000000	0	198143134
900000	20071104	11000000	0	201820977
900000	21895712	12000000	0	194961937
900000	23720320	13000000	0	201544323
900000	25544928	14000000	0	195060247
900000	27369552	15000000	0	194116731
900000	29194160	16000000	0	197277330
900000	31018768	17000000	0	194371880
900000	32843376	18000000	0	195978225
900000	34667984	19000000	0	193834805
900000	3649616	2000000	0	195917568
900000	36492592	20000000	0	195879452
900000	38317200	21000000	0	196687728
900000	40141824	22000000	0	193067466
900000	41966432	23000000	0	196072801
900000	43791040	24000000	0	192756835
900000	45615648	25000000	0	196056457
900000	47440256	26000000	0	192678729
900000	49264864	27000000	0	195912440
900000	51089472	28000000	0	193101568
900000	52914080	29000000	0	198700531
900000	5474224	3000000	0	195270573
900000	54738704	30000000	0	192876304
900000	56563312	31000000	0	200376922
900000	58387920	32000000	0	192669558
900000	60212528	33000000	0	198476438
900000	62037136	34000000	0	197498436
900000	63861744	35000000	0	196265774
900000	65686352	36000000	0	197165616
900000	67510976	37000000	0	195929109
900000	69335584	38000000	0	197794525
900000	71160192	39000000	0	196458674
900000	7298832	4000000	0	194940712
900000	72984800	40000000	0	201330906
900000	74809408	41000000	0	192398215
900000	76634016	42000000	0	201126877
900000	78458624	43000000	0	192809566
900000	80283248	44000000	0	201202241
900000	82107856	45000000	0	192454141
900000	83932464	46000000	0	201348512
900000	85757072	47000000	0	194955024
900000	87581680	48000000	0	195803397
900000	89406288	49000000	0	195219370
900000	9123440	5000000	0	195240239
900000	91230896	50000000	0	195622811
900000	93055520	51000000	0	195024415
900000	94880128	52000000	0	195999001
900000	96704736	53000000	0	196874284
900000	98529344	54000000	0	195451606
900000	100353952	55000000	0	196174851
900000	102178560	56000000	0	195528421
900000	104003168	57000000	0	196102727
900000	105827776	58000000	0	196715274
900000	107652400	59000000	0	193813840
900000	10948048	6000000	0	192983164
900000	109477008	60000000	0	196442623
900000	111301616	61000000	0	194019727
900000	113126224	62000000	0	194966044
900000	114950832	63000000	0	194098438
900000	116775440	64000000	0	194631561
900000	118600048	65000000	0	194265158
900000	120424672	66000000	0	198312171
900000	122249280	67000000	0	195231874
900000	124073888	68000000	0	197799969
900000	125898496	69000000	0	194390185
900000	12772656	7000000	0	200706918
900000	127723104	70000000	0	197111853
900000	129547712	71000000	0	194502190
900000	131372320	72000000	0	192981484
900000	133196944	73000000	0	195275367
900000	135021552	74000000	0	193394810
900000	136846160	75000000	0	195233825
900000	138670768	76000000	0	193481273
900000	140495376	77000000	0	195157832
900000	142319984	78000000	0	197993505
900000	144144592	79000000	0	195380648
900000	14597280	8000000	0	194970573
900000	145969216	80000000	0	197975091
900000	147793824	81000000	0	195281525
900000	149618432	82000000	0	198341048
900000	151443040	83000000	0	194732360
900000	153267648	84000000	0	194234903
900000	155092256	85000000	0	201329545
900000	156916864	86000000	0	194509461
900000	158741472	87000000	0	201011696
900000	160566096	88000000	0	194264194
900000	162390704	89000000	0	201268109
900000	16421888	9000000	0	200464012
900000	164215312	90000000	0	194073454
900000	166039920	91000000	0	201525651
900000	167864528	92000000	0	196929639
900000	169689136	93000000	0	201837739
900000	171513744	94000000	0	196645202
900000	173338368	95000000	0	201670391
900000	175162976	96000000	0	196308899
900000	176987584	97000000	0	194059385
900000	178812192	98000000	0	197185300
900000	180636800	99000000	0	194439245
