1000000	1825008	1000000	1015074	2741973584
1000000	18246496	10000000	1000000	3123026888
1000000	182461408	100000000	1000000	3470724492
1000000	20071104	11000000	1000000	3129954404
1000000	21895712	12000000	1000000	3140065747
1000000	23720320	13000000	1000000	3140789039
1000000	25544928	14000000	1000000	3145077969
1000000	27369552	15000000	1000000	3146358675
1000000	29194160	16000000	1000000	3149858306
1000000	31018768	17000000	1000000	3154845727
1000000	32843376	18000000	1000000	3155412917
1000000	34667984	19000000	1000000	3159183576
1000000	3649616	2000000	1001122	2895446034
1000000	36492592	20000000	1000000	3197303484
1000000	38317200	21000000	1000000	3168313543
1000000	40141824	22000000	1000000	3166701412
1000000	41966432	23000000	1000000	3171441543
1000000	43791040	24000000	1000000	3172235420
1000000	45615648	25000000	1000000	3173733760
1000000	47440256	26000000	1000000	3175893857
1000000	49264864	27000000	1000000	3175515389
1000000	51089472	28000000	1000000	3180809554
1000000	52914080	29000000	1000000	3177993953
1000000	5474224	3000000	1000176	2971445281
1000000	54738704	30000000	1000000	3180873250
1000000	56563312	31000000	1000000	3170372480
1000000	58387920	32000000	1000000	3180328878
1000000	60212528	33000000	1000000	3170029307
1000000	62037136	34000000	1000000	3175544322
1000000	63861744	35000000	1000000	3173364408
1000000	65686352	36000000	1000000	3169374223
1000000	67510976	37000000	1000000	3175242215
1000000	69335584	38000000	1000000	3177008446
1000000	71160192	39000000	1000000	3191105913
1000000	7298832	4000000	1000044	3022811808
1000000	72984800	40000000	1000000	3175992935
1000000	74809408	41000000	1000000	3172037803
1000000	76634016	42000000	1000000	3171221405
1000000	78458624	43000000	1000000	3173042753
1000000	80283248	44000000	1000000	3166413561
1000000	82107856	45000000	1000000	3166998244
1000000	83932464	46000000	1000000	3176929192
1000000	85757072	47000000	1000000	3167269470
1000000	87581680	48000000	1000000	3159999022
1000000	89406288	49000000	1000000	3170872233
1000000	9123440	5000000	1000024	3051924035
1000000	91230896	50000000	1000000	3161819932
1000000	93055520	51000000	1000000	3178714835
1000000	94880128	52000000	1000000	3165264561
1000000	96704736	53000000	1000000	3169273387
1000000	98529344	54000000	1000000	3154997553
1000000	100353952	55000000	1000000	3174096373
1000000	102178560	56000000	1000000	3160498322
1000000	104003168	57000000	1000000	3166957598
1000000	105827776	58000000	1000000	3175320499
1000000	107652400	59000000	1000000	3154964271
1000000	10948048	6000000	1000010	3075815445
1000000	109477008	60000000	1000000	3175774335
1000000	111301616	61000000	1000000	3505178997
1000000	113126224	62000000	1000000	3169003896
1000000	114950832	63000000	1000000	3511942691
1000000	116775440	64000000	1000000	3168972120
1000000	118600048	65000000	1000000	3158009745
1000000	120424672	66000000	1000000	3169490380
1000000	122249280	67000000	1000000	3502025853
1000000	124073888	68000000	1000000	3164070766
1000000	125898496	69000000	1000000	3480680562
1000000	12772656	7000000	1000006	3089528882
1000000	127723104	70000000	1000000	3503105927
1000000	129547712	71000000	1000000	3464313098
1000000	131372320	72000000	1000000	3484776614
1000000	133196944	73000000	1000000	3486285728
1000000	135021552	74000000	1000000	3495156157
1000000	136846160	75000000	1000000	3488306398
1000000	138670768	76000000	1000000	3477691264
1000000	140495376	77000000	1000000	3473242038
1000000	142319984	78000000	1000000	3496790748
1000000	144144592	79000000	1000000	3473025969
1000000	14597280	8000000	1000000	3106597882
1000000	145969216	80000000	1000000	3483931139
1000000	147793824	81000000	1000000	3500310260
1000000	149618432	82000000	1000000	3509483482
1000000	151443040	83000000	1000000	3492013403
1000000	153267648	84000000	1000000	3486460394
1000000	155092256	85000000	1000000	3472390810
1000000	156916864	86000000	1000000	3466590935
1000000	158741472	87000000	1000000	3453238211
1000000	160566096	88000000	1000000	3469504014
1000000	162390704	89000000	1000000	3494853380
1000000	16421888	9000000	1000004	3118307279
1000000	164215312	90000000	1000000	3460039355
1000000	166039920	91000000	1000000	3454700446
1000000	167864528	92000000	1000000	3479556660
1000000	169689136	93000000	1000000	3473064699
1000000	171513744	94000000	1000000	3469487571
1000000	173338368	95000000	1000000	3446132844
1000000	175162976	96000000	1000000	3450143697
1000000	176987584	97000000	1000000	3433022794
1000000	178812192	98000000	1000000	3468069326
1000000	180636800	99000000	1000000	3489606339
100000	1825008	1000000	100000	538256262
100000	18246496	10000000	100000	288738457
100000	182461408	100000000	100000	299286699
100000	20071104	11000000	100000	289791549
100000	21895712	12000000	100000	290398299
100000	23720320	13000000	100000	290515488
100000	25544928	14000000	100000	291781262
100000	27369552	15000000	100000	292220392
100000	29194160	16000000	100000	291913383
100000	31018768	17000000	100000	292094909
100000	32843376	18000000	100000	292787981
100000	34667984	19000000	100000	292893536
100000	3649616	2000000	100000	262649615
100000	36492592	20000000	100000	293351299
100000	38317200	21000000	100000	294119648
100000	40141824	22000000	100000	293649584
100000	41966432	23000000	100000	294127642
100000	43791040	24000000	100000	294359972
100000	45615648	25000000	100000	294407615
100000	47440256	26000000	100000	294588898
100000	49264864	27000000	100000	294584176
100000	51089472	28000000	100000	294650454
100000	52914080	29000000	100000	294587929
100000	5474224	3000000	100000	271753181
100000	54738704	30000000	100000	295215360
100000	56563312	31000000	100000	295108080
100000	58387920	32000000	100000	295488750
100000	60212528	33000000	100000	295200247
100000	62037136	34000000	100000	295408185
100000	63861744	35000000	100000	295534465
100000	65686352	36000000	100000	295742868
100000	67510976	37000000	100000	295695288
100000	69335584	38000000	100000	295761224
100000	71160192	39000000	100000	296073980
100000	7298832	4000000	100000	277390865
100000	72984800	40000000	100000	295872498
100000	74809408	41000000	100000	296404522
100000	76634016	42000000	100000	296332959
100000	78458624	43000000	100000	296300197
100000	80283248	44000000	100000	296293597
100000	82107856	45000000	100000	298384152
100000	83932464	46000000	100000	296456981
100000	85757072	47000000	100000	296948813
100000	87581680	48000000	100000	296822509
100000	89406288	49000000	100000	296382973
100000	9123440	5000000	100000	280964849
100000	91230896	50000000	100000	296723501
100000	93055520	51000000	100000	296741972
100000	94880128	52000000	100000	297143466
100000	96704736	53000000	100000	297015271
100000	98529344	54000000	100000	296885400
100000	100353952	55000000	100000	296925840
100000	102178560	56000000	100000	297084834
100000	104003168	57000000	100000	297390279
100000	105827776	58000000	100000	297213551
100000	107652400	59000000	100000	296899852
100000	10948048	6000000	100000	283850338
100000	109477008	60000000	100000	297213051
100000	111301616	61000000	100000	297265183
100000	113126224	62000000	100000	297289436
100000	114950832	63000000	100000	297278993
100000	116775440	64000000	100000	297564600
100000	118600048	65000000	100000	297410142
100000	120424672	66000000	100000	297792639
100000	122249280	67000000	100000	297386330
100000	124073888	68000000	100000	297460626
100000	125898496	69000000	100000	297619193
100000	12772656	7000000	100000	286081764
100000	127723104	70000000	100000	297712576
100000	129547712	71000000	100000	297715573
100000	131372320	72000000	100000	297992650
100000	133196944	73000000	100000	297783392
100000	135021552	74000000	100000	297681849
100000	136846160	75000000	100000	297816263
100000	138670768	76000000	100000	297881141
100000	140495376	77000000	100000	297770004
100000	142319984	78000000	100000	298012248
100000	144144592	79000000	100000	297951770
100000	14597280	8000000	100000	286700566
100000	145969216	80000000	100000	297695506
100000	147793824	81000000	100000	297702735
100000	149618432	82000000	100000	297852983
100000	151443040	83000000	100000	298396455
100000	153267648	84000000	100000	297624565
100000	155092256	85000000	100000	297668118
100000	156916864	86000000	100000	298249869
100000	158741472	87000000	100000	298183917
100000	160566096	88000000	100000	298278362
100000	162390704	89000000	100000	298387391
100000	16421888	9000000	100000	288016876
100000	164215312	90000000	100000	298311632
100000	166039920	91000000	100000	298459369
100000	167864528	92000000	100000	298633114
100000	169689136	93000000	100000	298917726
100000	171513744	94000000	100000	298259966
100000	173338368	95000000	100000	298552263
100000	175162976	96000000	100000	299033864
100000	176987584	97000000	100000	298616498
100000	178812192	98000000	100000	298322215
100000	180636800	99000000	100000	298571293
200000	1825008	1000000	200006	504715694
200000	18246496	10000000	200000	584508123
200000	182461408	100000000	200000	603518623
200000	20071104	11000000	200000	585082000
200000	21895712	12000000	200000	588350776
200000	23720320	13000000	200000	586801513
200000	25544928	14000000	200000	588070998
200000	27369552	15000000	200000	589295914
200000	29194160	16000000	200000	590148261
200000	31018768	17000000	200000	590537790
200000	32843376	18000000	200000	591159455
200000	34667984	19000000	200000	591941156
200000	3649616	2000000	200000	535504350
200000	36492592	20000000	200000	592408379
200000	38317200	21000000	200000	592324349
200000	40141824	22000000	200000	593809216
200000	41966432	23000000	200000	594291465
200000	43791040	24000000	200000	593980123
200000	45615648	25000000	200000	594923277
200000	47440256	26000000	200000	596781376
200000	49264864	27000000	200000	595516224
200000	51089472	28000000	200000	595892346
200000	52914080	29000000	200000	597207550
200000	5474224	3000000	200000	550752737
200000	54738704	30000000	200000	596993411
200000	56563312	31000000	200000	596511830
200000	58387920	32000000	200000	597463074
200000	60212528	33000000	200000	596682235
200000	62037136	34000000	200000	597442939
200000	63861744	35000000	200000	598808278
200000	65686352	36000000	200000	596613182
200000	67510976	37000000	200000	597878362
200000	69335584	38000000	200000	599106822
200000	71160192	39000000	200000	598384097
200000	7298832	4000000	200000	564548617
200000	72984800	40000000	200000	597694912
200000	74809408	41000000	200000	599406899
200000	76634016	42000000	200000	598633403
200000	78458624	43000000	200000	599371215
200000	80283248	44000000	200000	598394811
200000	82107856	45000000	200000	600356247
200000	83932464	46000000	200000	599594443
200000	85757072	47000000	200000	599300634
200000	87581680	48000000	200000	601043453
200000	89406288	49000000	200000	599817621
200000	9123440	5000000	200000	569230821
200000	91230896	50000000	200000	599878101
200000	93055520	51000000	200000	599933562
200000	94880128	52000000	200000	600528620
200000	96704736	53000000	200000	599642707
200000	98529344	54000000	200000	600822881
200000	100353952	55000000	200000	599375352
200000	102178560	56000000	200000	600693592
200000	104003168	57000000	200000	600035462
200000	105827776	58000000	200000	600306093
200000	107652400	59000000	200000	600315717
200000	10948048	6000000	200000	572624821
200000	109477008	60000000	200000	603014290
200000	111301616	61000000	200000	600806938
200000	113126224	62000000	200000	599902270
200000	114950832	63000000	200000	600710620
200000	116775440	64000000	200000	601148175
200000	118600048	65000000	200000	600268771
200000	120424672	66000000	200000	600497632
200000	122249280	67000000	200000	601146494
200000	124073888	68000000	200000	601647149
200000	125898496	69000000	200000	601405546
200000	12772656	7000000	200000	576673965
200000	127723104	70000000	200000	601072951
200000	129547712	71000000	200000	601938948
200000	131372320	72000000	200000	605393294
200000	133196944	73000000	200000	601680628
200000	135021552	74000000	200000	601512199
200000	136846160	75000000	200000	602013251
200000	138670768	76000000	200000	601865717
200000	140495376	77000000	200000	601941427
200000	142319984	78000000	200000	602596856
200000	144144592	79000000	200000	601468645
200000	14597280	8000000	200000	580192030
200000	145969216	80000000	200000	602226795
200000	147793824	81000000	200000	601939843
200000	149618432	82000000	200000	602317598
200000	151443040	83000000	200000	601817684
200000	153267648	84000000	200000	602311248
200000	155092256	85000000	200000	601959098
200000	156916864	86000000	200000	603288078
200000	158741472	87000000	200000	603468020
200000	160566096	88000000	200000	602193268
200000	162390704	89000000	200000	602583696
200000	16421888	9000000	200000	582512938
200000	164215312	90000000	200000	603259885
200000	166039920	91000000	200000	603165994
200000	167864528	92000000	200000	602760864
200000	169689136	93000000	200000	603920907
200000	171513744	94000000	200000	602515982
200000	173338368	95000000	200000	603293610
200000	175162976	96000000	200000	603161662
200000	176987584	97000000	200000	602839940
200000	178812192	98000000	200000	602643133
200000	180636800	99000000	200000	602083737
300000	1825008	1000000	300032	764293183
300000	18246496	10000000	300000	883739599
300000	182461408	100000000	300000	910158617
300000	20071104	11000000	300000	884279125
300000	21895712	12000000	300000	888945451
300000	23720320	13000000	300000	890438394
300000	25544928	14000000	300000	889327360
300000	27369552	15000000	300000	889322832
300000	29194160	16000000	300000	890160000
300000	31018768	17000000	300000	890520774
300000	32843376	18000000	300000	892208778
300000	34667984	19000000	300000	893375373
300000	3649616	2000000	300000	807444728
300000	36492592	20000000	300000	893324847
300000	38317200	21000000	300000	894730369
300000	40141824	22000000	300000	894559621
300000	41966432	23000000	300000	895527116
300000	43791040	24000000	300000	895490792
300000	45615648	25000000	300000	896360431
300000	47440256	26000000	300000	896903897
300000	49264864	27000000	300000	897982023
300000	51089472	28000000	300000	901140032
300000	52914080	29000000	300000	902132013
300000	5474224	3000000	300002	837311633
300000	54738704	30000000	300000	902553781
300000	56563312	31000000	300000	902924772
300000	58387920	32000000	300000	903564774
300000	60212528	33000000	300000	903219843
300000	62037136	34000000	300000	903891740
300000	63861744	35000000	300000	903791984
300000	65686352	36000000	300000	903946701
300000	67510976	37000000	300000	904838021
300000	69335584	38000000	300000	904495493
300000	71160192	39000000	300000	905312678
300000	7298832	4000000	300000	851895318
300000	72984800	40000000	300000	901307718
300000	74809408	41000000	300000	901442583
300000	76634016	42000000	300000	901806567
300000	78458624	43000000	300000	901836745
300000	80283248	44000000	300000	902203231
300000	82107856	45000000	300000	903413836
300000	83932464	46000000	300000	902627721
300000	85757072	47000000	300000	902663456
300000	87581680	48000000	300000	902988653
300000	89406288	49000000	300000	903820522
300000	9123440	5000000	300000	862142341
300000	91230896	50000000	300000	903446480
300000	93055520	51000000	300000	903380312
300000	94880128	52000000	300000	904311335
300000	96704736	53000000	300000	904703247
300000	98529344	54000000	300000	907905823
300000	100353952	55000000	300000	908017488
300000	102178560	56000000	300000	909500547
300000	104003168	57000000	300000	909118091
300000	105827776	58000000	300000	909843906
300000	107652400	59000000	300000	909625115
300000	10948048	6000000	300000	868446149
300000	109477008	60000000	300000	909827267
300000	111301616	61000000	300000	909576775
300000	113126224	62000000	300000	908687309
300000	114950832	63000000	300000	909274624
300000	116775440	64000000	300000	909002063
300000	118600048	65000000	300000	908234982
300000	120424672	66000000	300000	905785232
300000	122249280	67000000	300000	906515267
300000	124073888	68000000	300000	905821920
300000	125898496	69000000	300000	905881213
300000	12772656	7000000	300000	874221344
300000	127723104	70000000	300000	906015825
300000	129547712	71000000	300000	906863201
300000	131372320	72000000	300000	906815620
300000	133196944	73000000	300000	906596728
300000	135021552	74000000	300000	905996367
300000	136846160	75000000	300000	906765845
300000	138670768	76000000	300000	907198335
300000	140495376	77000000	300000	906936521
300000	142319984	78000000	300000	912195142
300000	144144592	79000000	300000	910487510
300000	14597280	8000000	300000	874948934
300000	145969216	80000000	300000	910023297
300000	147793824	81000000	300000	911370708
300000	149618432	82000000	300000	910940880
300000	151443040	83000000	300000	910252120
300000	153267648	84000000	300000	910799934
300000	155092256	85000000	300000	911071557
300000	156916864	86000000	300000	911910958
300000	158741472	87000000	300000	912099465
300000	160566096	88000000	300000	911453744
300000	162390704	89000000	300000	912364466
300000	16421888	9000000	300000	878065085
300000	164215312	90000000	300000	912063233
300000	166039920	91000000	300000	908312215
300000	167864528	92000000	300000	908915827
300000	169689136	93000000	300000	908984300
300000	171513744	94000000	300000	910755035
300000	173338368	95000000	300000	910320985
300000	175162976	96000000	300000	910021976
300000	176987584	97000000	300000	910587268
300000	178812192	98000000	300000	909819439
300000	180636800	99000000	300000	909916950
400000	1825008	1000000	400158	1129737232
400000	18246496	10000000	400000	1177341872
400000	182461408	100000000	400000	1215932670
400000	20071104	11000000	400000	1181586548
400000	21895712	12000000	400000	1184494704
400000	23720320	13000000	400000	1185582506
400000	25544928	14000000	400000	1186859003
400000	27369552	15000000	400000	1189503854
400000	29194160	16000000	400000	1191064743
400000	31018768	17000000	400000	1191593081
400000	32843376	18000000	400000	1192258897
400000	34667984	19000000	400000	1195015529
400000	3649616	2000000	400012	1081891198
400000	36492592	20000000	400000	1194992044
400000	38317200	21000000	400000	1196407565
400000	40141824	22000000	400000	1195354782
400000	41966432	23000000	400000	1198026238
400000	43791040	24000000	400000	1196889750
400000	45615648	25000000	400000	1197746378
400000	47440256	26000000	400000	1198389720
400000	49264864	27000000	400000	1198976199
400000	51089472	28000000	400000	1199699462
400000	52914080	29000000	400000	1198812336
400000	5474224	3000000	400000	1115069573
400000	54738704	30000000	400000	1202566282
400000	56563312	31000000	400000	1201650547
400000	58387920	32000000	400000	1201845607
400000	60212528	33000000	400000	1203695477
400000	62037136	34000000	400000	1203149754
400000	63861744	35000000	400000	1203516681
400000	65686352	36000000	400000	1203506249
400000	67510976	37000000	400000	1205236989
400000	69335584	38000000	400000	1204609355
400000	71160192	39000000	400000	1204468531
400000	7298832	4000000	400000	1135680567
400000	72984800	40000000	400000	1204456485
400000	74809408	41000000	400000	1204993719
400000	76634016	42000000	400000	1205083065
400000	78458624	43000000	400000	1206630846
400000	80283248	44000000	400000	1205817154
400000	82107856	45000000	400000	1206536173
400000	83932464	46000000	400000	1206491321
400000	85757072	47000000	400000	1206343676
400000	87581680	48000000	400000	1206948253
400000	89406288	49000000	400000	1207625693
400000	9123440	5000000	400000	1147927048
400000	91230896	50000000	400000	1207912846
400000	93055520	51000000	400000	1207268983
400000	94880128	52000000	400000	1207741335
400000	96704736	53000000	400000	1208116023
400000	98529344	54000000	400000	1207701448
400000	100353952	55000000	400000	1208294699
400000	102178560	56000000	400000	1210046817
400000	104003168	57000000	400000	1211153400
400000	105827776	58000000	400000	1210536083
400000	107652400	59000000	400000	1210193437
400000	10948048	6000000	400000	1157412511
400000	109477008	60000000	400000	1210196528
400000	111301616	61000000	400000	1209078767
400000	113126224	62000000	400000	1209328074
400000	114950832	63000000	400000	1210310812
400000	116775440	64000000	400000	1210322053
400000	118600048	65000000	400000	1208897158
400000	120424672	66000000	400000	1210081729
400000	122249280	67000000	400000	1210382946
400000	124073888	68000000	400000	1209308283
400000	125898496	69000000	400000	1210602618
400000	12772656	7000000	400000	1163946844
400000	127723104	70000000	400000	1210910369
400000	129547712	71000000	400000	1211304375
400000	131372320	72000000	400000	1211207863
400000	133196944	73000000	400000	1212105938
400000	135021552	74000000	400000	1210309689
400000	136846160	75000000	400000	1212523678
400000	138670768	76000000	400000	1211839525
400000	140495376	77000000	400000	1211730280
400000	142319984	78000000	400000	1212254246
400000	144144592	79000000	400000	1212022085
400000	14597280	8000000	400000	1169945765
400000	145969216	80000000	400000	1211262575
400000	147793824	81000000	400000	1210998704
400000	149618432	82000000	400000	1211979263
400000	151443040	83000000	400000	1211643283
400000	153267648	84000000	400000	1213295136
400000	155092256	85000000	400000	1211752493
400000	156916864	86000000	400000	1212845875
400000	158741472	87000000	400000	1213748738
400000	160566096	88000000	400000	1212902186
400000	162390704	89000000	400000	1214339641
400000	16421888	9000000	400000	1173182709
400000	164215312	90000000	400000	1214087064
400000	166039920	91000000	400000	1214252091
400000	167864528	92000000	400000	1215656736
400000	169689136	93000000	400000	1215079377
400000	171513744	94000000	400000	1216216493
400000	173338368	95000000	400000	1217527470
400000	175162976	96000000	400000	1216182495
400000	176987584	97000000	400000	1216997105
400000	178812192	98000000	400000	1218166885
400000	180636800	99000000	400000	1216586196
500000	1825008	1000000	500616	1397409971
500000	18246496	10000000	500000	1476912267
500000	182461408	100000000	500000	1689531049
500000	20071104	11000000	500000	1481906151
500000	21895712	12000000	500000	1485200177
500000	23720320	13000000	500000	1486353212
500000	25544928	14000000	500000	1488831823
500000	27369552	15000000	500000	1489325361
500000	29194160	16000000	500000	1491029721
500000	31018768	17000000	500000	1492489708
500000	32843376	18000000	500000	1493874980
500000	34667984	19000000	500000	1497037366
500000	3649616	2000000	500024	1361052067
500000	36492592	20000000	500000	1497688309
500000	38317200	21000000	500000	1500751839
500000	40141824	22000000	500000	1500329661
500000	41966432	23000000	500000	1501251497
500000	43791040	24000000	500000	1503345216
500000	45615648	25000000	500000	1503076442
500000	47440256	26000000	500000	1503345221
500000	49264864	27000000	500000	1504278380
500000	51089472	28000000	500000	1504468303
500000	52914080	29000000	500000	1504797313
500000	5474224	3000000	500002	1401932457
500000	54738704	30000000	500000	1506357915
500000	56563312	31000000	500000	1507105370
500000	58387920	32000000	500000	1506311356
500000	60212528	33000000	500000	1507624671
500000	62037136	34000000	500000	1510147337
500000	63861744	35000000	500000	1509606423
500000	65686352	36000000	500000	1510304415
500000	67510976	37000000	500000	1511308337
500000	69335584	38000000	500000	1511163903
500000	71160192	39000000	500000	1512982465
500000	7298832	4000000	500000	1427271014
500000	72984800	40000000	500000	1511481375
500000	74809408	41000000	500000	1512693999
500000	76634016	42000000	500000	1511560987
500000	78458624	43000000	500000	1511320575
500000	80283248	44000000	500000	1512201350
500000	82107856	45000000	500000	1513332339
500000	83932464	46000000	500000	1512740487
500000	85757072	47000000	500000	1513505545
500000	87581680	48000000	500000	1700995704
500000	89406288	49000000	500000	1513700539
500000	9123440	5000000	500002	1442452418
500000	91230896	50000000	500000	1701389779
500000	93055520	51000000	500000	1513660370
500000	94880128	52000000	500000	1699321958
500000	96704736	53000000	500000	1513710979
500000	98529344	54000000	500000	1694811644
500000	100353952	55000000	500000	1516023011
500000	102178560	56000000	500000	1701215614
500000	104003168	57000000	500000	1516751105
500000	105827776	58000000	500000	1518104786
500000	107652400	59000000	500000	1696106631
500000	10948048	6000000	500000	1454022516
500000	109477008	60000000	500000	1517558255
500000	111301616	61000000	500000	1697824839
500000	113126224	62000000	500000	1516462633
500000	114950832	63000000	500000	1702388229
500000	116775440	64000000	500000	1517382051
500000	118600048	65000000	500000	1518709898
500000	120424672	66000000	500000	1518092212
500000	122249280	67000000	500000	1517655992
500000	124073888	68000000	500000	1517807023
500000	125898496	69000000	500000	1704247030
500000	12772656	7000000	500000	1462308761
500000	127723104	70000000	500000	1519084688
500000	129547712	71000000	500000	1702329407
500000	131372320	72000000	500000	1520187221
500000	133196944	73000000	500000	1698600723
500000	135021552	74000000	500000	1700343167
500000	136846160	75000000	500000	1699857974
500000	138670768	76000000	500000	1714285614
500000	140495376	77000000	500000	1697050270
500000	142319984	78000000	500000	1693402807
500000	144144592	79000000	500000	1701324913
500000	14597280	8000000	500000	1468397359
500000	145969216	80000000	500000	1692244921
500000	147793824	81000000	500000	1699523755
500000	149618432	82000000	500000	1699766316
500000	151443040	83000000	500000	1698616436
500000	153267648	84000000	500000	1697782422
500000	155092256	85000000	500000	1693382640
500000	156916864	86000000	500000	1693304215
500000	158741472	87000000	500000	1690861797
500000	160566096	88000000	500000	1703200299
500000	162390704	89000000	500000	1698813652
500000	16421888	9000000	500000	1472996067
500000	164215312	90000000	500000	1709532090
500000	166039920	91000000	500000	1697704950
500000	167864528	92000000	500000	1698696040
500000	169689136	93000000	500000	1704821015
500000	171513744	94000000	500000	1699052460
500000	173338368	95000000	500000	1700898487
500000	175162976	96000000	500000	1688559136
500000	176987584	97000000	500000	1699965263
500000	178812192	98000000	500000	1679063873
500000	180636800	99000000	500000	1691547235
600000	1825008	1000000	601358	1656145038
600000	18246496	10000000	600000	1993649125
600000	182461408	100000000	600000	1977754295
600000	20071104	11000000	600000	1772825795
600000	21895712	12000000	600000	1999376544
600000	23720320	13000000	600000	1777964463
600000	25544928	14000000	600000	2006301849
600000	27369552	15000000	600000	1783099174
600000	29194160	16000000	600000	2008215978
600000	31018768	17000000	600000	1786339522
600000	32843376	18000000	600000	2009718325
600000	34667984	19000000	600000	1791204497
600000	3649616	2000000	600080	1840273981
600000	36492592	20000000	600000	2011973376
600000	38317200	21000000	600000	2020028748
600000	40141824	22000000	600000	2013074276
600000	41966432	23000000	600000	2022702518
600000	43791040	24000000	600000	2012475028
600000	45615648	25000000	600000	2022962385
600000	47440256	26000000	600000	2013790774
600000	49264864	27000000	600000	2023706873
600000	51089472	28000000	600000	2014262258
600000	52914080	29000000	600000	2003679223
600000	5474224	3000000	600008	1674035346
600000	54738704	30000000	600000	2010513679
600000	56563312	31000000	600000	2000945423
600000	58387920	32000000	600000	2007320663
600000	60212528	33000000	600000	1997406968
600000	62037136	34000000	600000	2002247915
600000	63861744	35000000	600000	1992141839
600000	65686352	36000000	600000	1991471524
600000	67510976	37000000	600000	1991278571
600000	69335584	38000000	600000	2001911440
600000	71160192	39000000	600000	1989655097
600000	7298832	4000000	600006	1931266075
600000	72984800	40000000	600000	1994936562
600000	74809408	41000000	600000	1995818572
600000	76634016	42000000	600000	1993499826
600000	78458624	43000000	600000	1992858268
600000	80283248	44000000	600000	1991310521
600000	82107856	45000000	600000	1992672970
600000	83932464	46000000	600000	2004739729
600000	85757072	47000000	600000	1995445127
600000	87581680	48000000	600000	1986425127
600000	89406288	49000000	600000	1996922891
600000	9123440	5000000	600000	1723548314
600000	91230896	50000000	600000	1988374540
600000	93055520	51000000	600000	1993927402
600000	94880128	52000000	600000	1983859487
600000	96704736	53000000	600000	1994623088
600000	98529344	54000000	600000	1981584480
600000	100353952	55000000	600000	1998898874
600000	102178560	56000000	600000	1978954338
600000	104003168	57000000	600000	1998656051
600000	105827776	58000000	600000	1995210933
600000	107652400	59000000	600000	1989109794
600000	10948048	6000000	600000	1963215614
600000	109477008	60000000	600000	1994981341
600000	111301616	61000000	600000	1987706925
600000	113126224	62000000	600000	1992732201
600000	114950832	63000000	600000	1991892721
600000	116775440	64000000	600000	1991397405
600000	118600048	65000000	600000	1996487188
600000	120424672	66000000	600000	1993045727
600000	122249280	67000000	600000	1995392910
600000	124073888	68000000	600000	1989471543
600000	125898496	69000000	600000	1991924331
600000	12772656	7000000	600000	1976525064
600000	127723104	70000000	600000	1986526220
600000	129547712	71000000	600000	1989616456
600000	131372320	72000000	600000	1985975651
600000	133196944	73000000	600000	1987429136
600000	135021552	74000000	600000	1989424032
600000	136846160	75000000	600000	1988940322
600000	138670768	76000000	600000	1988150528
600000	140495376	77000000	600000	1985463604
600000	142319984	78000000	600000	1983397206
600000	144144592	79000000	600000	1989251239
600000	14597280	8000000	600000	1984053068
600000	145969216	80000000	600000	1982447333
600000	147793824	81000000	600000	1986571923
600000	149618432	82000000	600000	1989046407
600000	151443040	83000000	600000	1987920807
600000	153267648	84000000	600000	1985434775
600000	155092256	85000000	600000	1981713963
600000	156916864	86000000	600000	1982412140
600000	158741472	87000000	600000	1980473118
600000	160566096	88000000	600000	1990739789
600000	162390704	89000000	600000	1991054048
600000	16421888	9000000	600000	1990756184
600000	164215312	90000000	600000	1993935527
600000	166039920	91000000	600000	1984524753
600000	167864528	92000000	600000	1983387492
600000	169689136	93000000	600000	1990082039
600000	171513744	94000000	600000	1995052304
600000	173338368	95000000	600000	1989603969
600000	175162976	96000000	600000	1986038082
600000	176987584	97000000	600000	1989283290
600000	178812192	98000000	600000	1976180784
600000	180636800	99000000	600000	1976425604
700000	1825008	1000000	702786	1926679329
700000	18246496	10000000	700000	2262236153
700000	182461408	100000000	700000	2268709765
700000	20071104	11000000	700000	2270248512
700000	21895712	12000000	700000	2271637385
700000	23720320	13000000	700000	2276647172
700000	25544928	14000000	700000	2276536043
700000	27369552	15000000	700000	2281866419
700000	29194160	16000000	700000	2281647817
700000	31018768	17000000	700000	2285862803
700000	32843376	18000000	700000	2283207990
700000	34667984	19000000	700000	2287793675
700000	3649616	2000000	700180	2091555174
700000	36492592	20000000	700000	2288434348
700000	38317200	21000000	700000	2289521517
700000	40141824	22000000	700000	2288799688
700000	41966432	23000000	700000	2295490798
700000	43791040	24000000	700000	2290467362
700000	45615648	25000000	700000	2299486223
700000	47440256	26000000	700000	2292870715
700000	49264864	27000000	700000	2296262601
700000	51089472	28000000	700000	2295840009
700000	52914080	29000000	700000	2283088583
700000	5474224	3000000	700030	2159019949
700000	54738704	30000000	700000	2295790100
700000	56563312	31000000	700000	2283280987
700000	58387920	32000000	700000	2297156824
700000	60212528	33000000	700000	2281699082
700000	62037136	34000000	700000	2292628180
700000	63861744	35000000	700000	2289205384
700000	65686352	36000000	700000	2287452816
700000	67510976	37000000	700000	2288307099
700000	69335584	38000000	700000	2291843213
700000	71160192	39000000	700000	2287764355
700000	7298832	4000000	700008	2191022678
700000	72984800	40000000	700000	2290479981
700000	74809408	41000000	700000	2289876200
700000	76634016	42000000	700000	2295931853
700000	78458624	43000000	700000	2287709035
700000	80283248	44000000	700000	2285190724
700000	82107856	45000000	700000	2285789051
700000	83932464	46000000	700000	2296405392
700000	85757072	47000000	700000	2287395095
700000	87581680	48000000	700000	2284091448
700000	89406288	49000000	700000	2291430848
700000	9123440	5000000	700000	2215755070
700000	91230896	50000000	700000	2283122738
700000	93055520	51000000	700000	2289503633
700000	94880128	52000000	700000	2278349780
700000	96704736	53000000	700000	2293380038
700000	98529344	54000000	700000	2279841600
700000	100353952	55000000	700000	2291790420
700000	102178560	56000000	700000	2274807397
700000	104003168	57000000	700000	2300071789
700000	105827776	58000000	700000	2299029480
700000	107652400	59000000	700000	2285497331
700000	10948048	6000000	700000	2227599114
700000	109477008	60000000	700000	2292296528
700000	111301616	61000000	700000	2283996535
700000	113126224	62000000	700000	2287238240
700000	114950832	63000000	700000	2288930171
700000	116775440	64000000	700000	2289411656
700000	118600048	65000000	700000	2294015262
700000	120424672	66000000	700000	2288452559
700000	122249280	67000000	700000	2290880288
700000	124073888	68000000	700000	2285404665
700000	125898496	69000000	700000	2287595217
700000	12772656	7000000	700000	2241959712
700000	127723104	70000000	700000	2283217589
700000	129547712	71000000	700000	2286466415
700000	131372320	72000000	700000	2280187477
700000	133196944	73000000	700000	2284611502
700000	135021552	74000000	700000	2285444042
700000	136846160	75000000	700000	2285954682
700000	138670768	76000000	700000	2282957786
700000	140495376	77000000	700000	2284352596
700000	142319984	78000000	700000	2277068539
700000	144144592	79000000	700000	2284859057
700000	14597280	8000000	700000	2248427437
700000	145969216	80000000	700000	2279818243
700000	147793824	81000000	700000	2280914592
700000	149618432	82000000	700000	2282430284
700000	151443040	83000000	700000	2281839606
700000	153267648	84000000	700000	2280425340
700000	155092256	85000000	700000	2282627208
700000	156916864	86000000	700000	2275564290
700000	158741472	87000000	700000	2273966981
700000	160566096	88000000	700000	2295168667
700000	162390704	89000000	700000	2283793528
700000	16421888	9000000	700000	2258602347
700000	164215312	90000000	700000	2290699362
700000	166039920	91000000	700000	2275569417
700000	167864528	92000000	700000	2285495387
700000	169689136	93000000	700000	2282697304
700000	171513744	94000000	700000	2284775982
700000	173338368	95000000	700000	2281291706
700000	175162976	96000000	700000	2277401157
700000	176987584	97000000	700000	2279063585
700000	178812192	98000000	700000	2269994376
700000	180636800	99000000	700000	2271167267
800000	1825008	1000000	805560	2200065521
800000	18246496	10000000	800000	2546769453
800000	182461408	100000000	800000	2564213301
800000	20071104	11000000	800000	2550637261
800000	21895712	12000000	800000	2559643905
800000	23720320	13000000	800000	2561003618
800000	25544928	14000000	800000	2589990972
800000	27369552	15000000	800000	2564060466
800000	29194160	16000000	800000	2569538045
800000	31018768	17000000	800000	2568407062
800000	32843376	18000000	800000	2574223160
800000	34667984	19000000	800000	2574607555
800000	3649616	2000000	800310	2354148780
800000	36492592	20000000	800000	2579176757
800000	38317200	21000000	800000	2578941616
800000	40141824	22000000	800000	2582961065
800000	41966432	23000000	800000	2577852254
800000	43791040	24000000	800000	2581893271
800000	45615648	25000000	800000	2579023720
800000	47440256	26000000	800000	2587565859
800000	49264864	27000000	800000	2581972794
800000	51089472	28000000	800000	2589217907
800000	52914080	29000000	800000	2579127185
800000	5474224	3000000	800052	2421667949
800000	54738704	30000000	800000	2589977327
800000	56563312	31000000	800000	2576450000
800000	58387920	32000000	800000	2591305465
800000	60212528	33000000	800000	2583017071
800000	62037136	34000000	800000	2590590583
800000	63861744	35000000	800000	2586541509
800000	65686352	36000000	800000	2600003729
800000	67510976	37000000	800000	2589807941
800000	69335584	38000000	800000	2591700953
800000	71160192	39000000	800000	2588095969
800000	7298832	4000000	800012	2461948808
800000	72984800	40000000	800000	2587057456
800000	74809408	41000000	800000	2590523398
800000	76634016	42000000	800000	2587877873
800000	78458624	43000000	800000	2590496830
800000	80283248	44000000	800000	2587551305
800000	82107856	45000000	800000	2597268851
800000	83932464	46000000	800000	2594573685
800000	85757072	47000000	800000	2585556905
800000	87581680	48000000	800000	2581166477
800000	89406288	49000000	800000	2592357859
800000	9123440	5000000	800004	2486710342
800000	91230896	50000000	800000	2581087144
800000	93055520	51000000	800000	2592957515
800000	94880128	52000000	800000	2579373234
800000	96704736	53000000	800000	2593126929
800000	98529344	54000000	800000	2578565885
800000	100353952	55000000	800000	2590916009
800000	102178560	56000000	800000	2573630909
800000	104003168	57000000	800000	2593578225
800000	105827776	58000000	800000	2591754244
800000	107652400	59000000	800000	2586582601
800000	10948048	6000000	800000	2504169981
800000	109477008	60000000	800000	2592119418
800000	111301616	61000000	800000	2583006040
800000	113126224	62000000	800000	2589119851
800000	114950832	63000000	800000	2587855948
800000	116775440	64000000	800000	2589323543
800000	118600048	65000000	800000	2588880691
800000	120424672	66000000	800000	2587514862
800000	122249280	67000000	800000	2589129875
800000	124073888	68000000	800000	2586730186
800000	125898496	69000000	800000	2582408783
800000	12772656	7000000	800000	2514892057
800000	127723104	70000000	800000	2594865747
800000	129547712	71000000	800000	2582487048
800000	131372320	72000000	800000	2579970460
800000	133196944	73000000	800000	2575915669
800000	135021552	74000000	800000	2576254068
800000	136846160	75000000	800000	2577814690
800000	138670768	76000000	800000	2574569917
800000	140495376	77000000	800000	2572387577
800000	142319984	78000000	800000	2569150170
800000	144144592	79000000	800000	2572386495
800000	14597280	8000000	800000	2527272287
800000	145969216	80000000	800000	2566406806
800000	147793824	81000000	800000	2569850791
800000	149618432	82000000	800000	2571562632
800000	151443040	83000000	800000	2568140619
800000	153267648	84000000	800000	2567663742
800000	155092256	85000000	800000	2576731889
800000	156916864	86000000	800000	2568170493
800000	158741472	87000000	800000	2561331278
800000	160566096	88000000	800000	2581607959
800000	162390704	89000000	800000	2567352578
800000	16421888	9000000	800000	2532787599
800000	164215312	90000000	800000	2583861676
800000	166039920	91000000	800000	2568295441
800000	167864528	92000000	800000	2574132679
800000	169689136	93000000	800000	2573994188
800000	171513744	94000000	800000	2576105137
800000	173338368	95000000	800000	2569351036
800000	175162976	96000000	800000	2573270529
800000	176987584	97000000	800000	2564807841
800000	178812192	98000000	800000	2564190348
800000	180636800	99000000	800000	2567023323
900000	1825008	1000000	909658	2483617438
900000	18246496	10000000	900000	2842622118
900000	182461408	100000000	900000	3162369781
900000	20071104	11000000	900000	2847352863
900000	21895712	12000000	900002	2855738291
900000	23720320	13000000	900000	2851447212
900000	25544928	14000000	900000	2861934575
900000	27369552	15000000	900000	2862368860
900000	29194160	16000000	900000	2869101495
900000	31018768	17000000	900000	2866519891
900000	32843376	18000000	900000	2870619177
900000	34667984	19000000	900000	2874303352
900000	3649616	2000000	900648	2635489183
900000	36492592	20000000	900000	2881947242
900000	38317200	21000000	900000	2877675682
900000	40141824	22000000	900000	2884382318
900000	41966432	23000000	900000	2883724307
900000	43791040	24000000	900000	2886197771
900000	45615648	25000000	900000	2883256952
900000	47440256	26000000	900000	2890955304
900000	49264864	27000000	900000	2886258266
900000	51089472	28000000	900000	2891783884
900000	52914080	29000000	900000	2882402740
900000	5474224	3000000	900112	2704124740
900000	54738704	30000000	900000	2895638830
900000	56563312	31000000	900000	2882724646
900000	58387920	32000000	900000	2894033425
900000	60212528	33000000	900000	2881839371
900000	62037136	34000000	900000	2897086310
900000	63861744	35000000	900000	2893348294
900000	65686352	36000000	900000	2891205961
900000	67510976	37000000	900000	2922634278
900000	69335584	38000000	900000	2899821900
900000	71160192	39000000	900000	2893744441
900000	7298832	4000000	900028	2752736278
900000	72984800	40000000	900000	2895799167
900000	74809408	41000000	900000	2894496466
900000	76634016	42000000	900000	2894390496
900000	78458624	43000000	900000	2890494503
900000	80283248	44000000	900000	2886570611
900000	82107856	45000000	900000	2888606455
900000	83932464	46000000	900000	2899162895
900000	85757072	47000000	900000	2888028025
900000	87581680	48000000	900000	2882670015
900000	89406288	49000000	900000	2889340211
900000	9123440	5000000	900016	2777929258
900000	91230896	50000000	900000	2882288141
900000	93055520	51000000	900000	2892894699
900000	94880128	52000000	900000	2878089869
900000	96704736	53000000	900000	2892588559
900000	98529344	54000000	900000	2877069596
900000	100353952	55000000	900000	2895357341
900000	102178560	56000000	900000	2880684658
900000	104003168	57000000	900000	2892870436
900000	105827776	58000000	900000	2895888196
900000	107652400	59000000	900000	2882602979
900000	10948048	6000000	900006	2800923756
900000	109477008	60000000	900000	2894357007
900000	111301616	61000000	900000	2881116105
900000	113126224	62000000	900000	2891203235
900000	114950832	63000000	900000	2879431676
900000	116775440	64000000	900000	2889411895
900000	118600048	65000000	900000	2884385024
900000	120424672	66000000	900000	2892201129
900000	122249280	67000000	900000	2889540733
900000	124073888	68000000	900000	2888061289
900000	125898496	69000000	900000	2878920313
900000	12772656	7000000	900006	2811294778
900000	127723104	70000000	900000	2881656300
900000	129547712	71000000	900000	2874201829
900000	131372320	72000000	900000	2879537973
900000	133196944	73000000	900000	2869897311
900000	135021552	74000000	900000	2870834268
900000	136846160	75000000	900000	2869079193
900000	138670768	76000000	900000	2869247484
900000	140495376	77000000	900000	2864104530
900000	142319984	78000000	900000	2863402603
900000	144144592	79000000	900000	2864188800
900000	14597280	8000000	900000	2828923066
900000	145969216	80000000	900000	2859105507
900000	147793824	81000000	900000	2860280449
900000	149618432	82000000	900000	2862235059
900000	151443040	83000000	900000	2858861822
900000	153267648	84000000	900000	2859681158
900000	155092256	85000000	900000	2855684155
900000	156916864	86000000	900000	3167419010
900000	158741472	87000000	900000	3154597916
900000	160566096	88000000	900000	2878202036
900000	162390704	89000000	900000	3175412298
900000	16421888	9000000	900000	2829769862
900000	164215312	90000000	900000	2878869932
900000	166039920	91000000	900000	3153397474
900000	167864528	92000000	900000	2872743175
900000	169689136	93000000	900000	3168322596
900000	171513744	94000000	900000	2872500924
900000	173338368	95000000	900000	3163723009
900000	175162976	96000000	900000	3176004299
900000	176987584	97000000	900000	3152440523
900000	178812192	98000000	900000	3168963499
900000	180636800	99000000	900000	3171187416
