1000000	182848	100000	2602546	4989767736
1000000	1825008	1000000	421898	1997362434
1000000	18246496	10000000	400000	2334596391
1000000	2007456	1100000	415964	2010447374
1000000	2189920	1200000	411454	2021106960
1000000	2372384	1300000	408776	2033861116
1000000	2554848	1400000	406636	2049367560
1000000	2737312	1500000	405154	2056508292
1000000	2919776	1600000	403920	2068934875
1000000	3102224	1700000	403158	2078850290
1000000	3284688	1800000	402496	2089879704
1000000	3467152	1900000	402032	2100815965
1000000	365312	200000	1339072	2744800048
1000000	3649616	2000000	401686	2110254156
1000000	3832080	2100000	401478	2120564342
1000000	4014528	2200000	401108	2128402091
1000000	4196992	2300000	400976	2136252349
1000000	4379456	2400000	400722	2144509845
1000000	4561920	2500000	400626	2152907109
1000000	4744384	2600000	400544	2160274224
1000000	4926832	2700000	400440	2167250902
1000000	5109296	2800000	400444	2173621806
1000000	5291760	2900000	400326	2178481526
1000000	547776	300000	878662	2306642613
1000000	5474224	3000000	400310	2184938465
1000000	5656688	3100000	400236	2190594315
1000000	5839152	3200000	400196	2196092102
1000000	6021600	3300000	400212	2201720040
1000000	6204064	3400000	400200	2207495612
1000000	6386528	3500000	400158	2210820927
1000000	6568992	3600000	400120	2215843030
1000000	6751456	3700000	400128	2220138720
1000000	6933904	3800000	400104	2223794065
1000000	7116368	3900000	400102	2226768168
1000000	730240	400000	669734	2122256209
1000000	7298832	4000000	400074	2232798918
1000000	7481296	4100000	400090	2238335716
1000000	7663760	4200000	400066	2242292602
1000000	7846208	4300000	400070	2244337138
1000000	8028672	4400000	400036	2245309054
1000000	8211136	4500000	400052	2250711540
1000000	8393600	4600000	400030	2253574727
1000000	8576064	4700000	400038	2255189397
1000000	8758528	4800000	400044	2260207249
1000000	8940976	4900000	400046	2260992862
1000000	912704	500000	562318	2038957497
1000000	9123440	5000000	400030	2263918418
1000000	9305904	5100000	400036	2267224931
1000000	9488368	5200000	400008	2271094719
1000000	9670832	5300000	400032	2277739040
1000000	9853280	5400000	400012	2273128991
1000000	10035744	5500000	400018	2277956803
1000000	10218208	5600000	400024	2277555876
1000000	10400672	5700000	400024	2280966132
1000000	10583136	5800000	400008	2282800920
1000000	10765584	5900000	400014	2286061854
1000000	1095152	600000	501742	1999150934
1000000	10948048	6000000	400020	2287627862
1000000	11130512	6100000	400008	2288300517
1000000	11312976	6200000	400006	2290158552
1000000	11495440	6300000	400014	2291892681
1000000	11677904	6400000	400006	2294326259
1000000	11860352	6500000	400004	2293544622
1000000	12042816	6600000	400010	2296869668
1000000	12225280	6700000	400012	2299225238
1000000	12407744	6800000	400012	2301624553
1000000	12590208	6900000	400010	2304891244
1000000	1277616	700000	467268	1985304716
1000000	12772656	7000000	400004	2304363372
1000000	12955120	7100000	400004	2303167381
1000000	13137584	7200000	400008	2305451026
1000000	13320048	7300000	400004	2306002077
1000000	13502512	7400000	400006	2309905438
1000000	13684976	7500000	400002	2311052391
1000000	13867424	7600000	400008	2311642081
1000000	14049888	7700000	400000	2310957539
1000000	14232352	7800000	400002	2311864440
1000000	14414816	7900000	400004	2313850319
1000000	1460080	800000	445034	1984847931
1000000	14597280	8000000	400002	2315521860
1000000	14779728	8100000	400006	2315666043
1000000	14962192	8200000	400002	2317972548
1000000	15144656	8300000	400010	2318332318
1000000	15327120	8400000	400002	2321153405
1000000	15509584	8500000	400004	2319707343
1000000	15692032	8600000	400002	2322412982
1000000	15874496	8700000	400000	2328638542
1000000	16056960	8800000	400008	2325910997
1000000	16239424	8900000	400002	2324040434
1000000	1642544	900000	431364	1989249123
1000000	16421888	9000000	400004	2325182410
1000000	16604352	9100000	400002	2325478612
1000000	16786800	9200000	400000	2326812608
1000000	16969264	9300000	400004	2329237202
1000000	17151728	9400000	400002	2327687952
1000000	17334192	9500000	400000	2330349788
1000000	17516656	9600000	400000	2327399341
1000000	17699104	9700000	400000	2331972254
1000000	17881568	9800000	400004	2331642026
1000000	18064032	9900000	400000	2332857885
100000	182848	100000	42164	444922178
100000	1825008	1000000	40000	176584615
100000	18246496	10000000	40000	217304770
100000	2007456	1100000	40000	178752171
100000	2189920	1200000	40000	179633671
100000	2372384	1300000	40000	181768932
100000	2554848	1400000	40002	182340203
100000	2737312	1500000	40000	186181205
100000	2919776	1600000	40000	186552655
100000	3102224	1700000	40000	187893562
100000	3284688	1800000	40000	190110158
100000	3467152	1900000	40000	192325750
100000	365312	200000	40128	162341281
100000	3649616	2000000	40000	190725174
100000	3832080	2100000	40000	191789714
100000	4014528	2200000	40000	193745132
100000	4196992	2300000	40000	193984501
100000	4379456	2400000	40000	195504722
100000	4561920	2500000	40000	197912302
100000	4744384	2600000	40000	197459637
100000	4926832	2700000	40000	197968107
100000	5109296	2800000	40000	199543369
100000	5291760	2900000	40000	199571728
100000	547776	300000	40032	162128565
100000	5474224	3000000	40000	200552218
100000	5656688	3100000	40000	199936818
100000	5839152	3200000	40000	201187002
100000	6021600	3300000	40000	203979395
100000	6204064	3400000	40000	203303527
100000	6386528	3500000	40000	203612047
100000	6568992	3600000	40000	203812710
100000	6751456	3700000	40000	203994329
100000	6933904	3800000	40000	204571943
100000	7116368	3900000	40000	204955235
100000	730240	400000	40008	163300722
100000	7298832	4000000	40000	205814671
100000	7481296	4100000	40000	206237695
100000	7663760	4200000	40000	207526420
100000	7846208	4300000	40000	207903760
100000	8028672	4400000	40000	206879910
100000	8211136	4500000	40000	207783631
100000	8393600	4600000	40000	208281303
100000	8576064	4700000	40000	208765224
100000	8758528	4800000	40000	209024709
100000	8940976	4900000	40000	208508011
100000	912704	500000	40000	165114693
100000	9123440	5000000	40000	208882961
100000	9305904	5100000	40000	210009464
100000	9488368	5200000	40000	210034520
100000	9670832	5300000	40000	209766580
100000	9853280	5400000	40000	210997487
100000	10035744	5500000	40000	210244244
100000	10218208	5600000	40000	210365343
100000	10400672	5700000	40000	210840165
100000	10583136	5800000	40000	210993798
100000	10765584	5900000	40000	211701584
100000	1095152	600000	40000	167169356
100000	10948048	6000000	40000	211860350
100000	11130512	6100000	40000	211751982
100000	11312976	6200000	40000	212045893
100000	11495440	6300000	40000	212150715
100000	11677904	6400000	40000	212585372
100000	11860352	6500000	40000	212764171
100000	12042816	6600000	40000	212627117
100000	12225280	6700000	40000	212921010
100000	12407744	6800000	40000	213377851
100000	12590208	6900000	40000	213179211
100000	1277616	700000	40004	170876585
100000	12772656	7000000	40000	214589636
100000	12955120	7100000	40000	213224744
100000	13137584	7200000	40000	213990191
100000	13320048	7300000	40000	214471696
100000	13502512	7400000	40000	215346802
100000	13684976	7500000	40000	215617609
100000	13867424	7600000	40000	214291293
100000	14049888	7700000	40000	214747610
100000	14232352	7800000	40000	214418154
100000	14414816	7900000	40000	214836448
100000	1460080	800000	40000	172651395
100000	14597280	8000000	40000	214693860
100000	14779728	8100000	40000	215027660
100000	14962192	8200000	40000	214894442
100000	15144656	8300000	40000	215246938
100000	15327120	8400000	40000	215302406
100000	15509584	8500000	40000	215480845
100000	15692032	8600000	40000	216589887
100000	15874496	8700000	40000	215980502
100000	16056960	8800000	40000	215572523
100000	16239424	8900000	40000	215393591
100000	1642544	900000	40000	173709387
100000	16421888	9000000	40000	215825474
100000	16604352	9100000	40000	216069150
100000	16786800	9200000	40000	215780795
100000	16969264	9300000	40000	217959387
100000	17151728	9400000	40000	216345661
100000	17334192	9500000	40000	216524920
100000	17516656	9600000	40000	216630104
100000	17699104	9700000	40000	217150337
100000	17881568	9800000	40000	216533937
100000	18064032	9900000	40000	216733307
200000	182848	100000	112450	365505735
200000	1825008	1000000	80004	357745156
200000	18246496	10000000	80000	437607886
200000	2007456	1100000	80006	363554512
200000	2189920	1200000	80004	364633407
200000	2372384	1300000	80004	368395518
200000	2554848	1400000	80000	371393478
200000	2737312	1500000	80000	374162087
200000	2919776	1600000	80000	377687980
200000	3102224	1700000	80000	380154498
200000	3284688	1800000	80000	382048518
200000	3467152	1900000	80000	384818425
200000	365312	200000	84408	337556156
200000	3649616	2000000	80000	387138648
200000	3832080	2100000	80000	389697866
200000	4014528	2200000	80000	391072120
200000	4196992	2300000	80000	393322819
200000	4379456	2400000	80000	394963166
200000	4561920	2500000	80000	396887855
200000	4744384	2600000	80000	397775860
200000	4926832	2700000	80000	399965326
200000	5109296	2800000	80000	401223846
200000	5291760	2900000	80000	403143334
200000	547776	300000	81018	332636873
200000	5474224	3000000	80000	404543916
200000	5656688	3100000	80000	405605415
200000	5839152	3200000	80000	406197183
200000	6021600	3300000	80000	407331378
200000	6204064	3400000	80000	409689397
200000	6386528	3500000	80000	410911201
200000	6568992	3600000	80000	412991076
200000	6751456	3700000	80000	411906760
200000	6933904	3800000	80000	413319178
200000	7116368	3900000	80000	414035693
200000	730240	400000	80342	334863327
200000	7298832	4000000	80000	416169370
200000	7481296	4100000	80000	415663373
200000	7663760	4200000	80000	416590043
200000	7846208	4300000	80000	417598325
200000	8028672	4400000	80000	417841704
200000	8211136	4500000	80000	419703940
200000	8393600	4600000	80000	419868175
200000	8576064	4700000	80000	420205989
200000	8758528	4800000	80000	421060864
200000	8940976	4900000	80000	421151645
200000	912704	500000	80128	337589515
200000	9123440	5000000	80000	422492212
200000	9305904	5100000	80000	423897144
200000	9488368	5200000	80000	422830157
200000	9670832	5300000	80000	425806399
200000	9853280	5400000	80000	424910601
200000	10035744	5500000	80000	424420547
200000	10218208	5600000	80000	425008291
200000	10400672	5700000	80000	425591901
200000	10583136	5800000	80000	425678027
200000	10765584	5900000	80000	426501988
200000	1095152	600000	80064	342097678
200000	10948048	6000000	80000	426995590
200000	11130512	6100000	80000	427542724
200000	11312976	6200000	80000	427980918
200000	11495440	6300000	80000	427827171
200000	11677904	6400000	80000	428709687
200000	11860352	6500000	80000	429327297
200000	12042816	6600000	80000	429053084
200000	12225280	6700000	80000	429195468
200000	12407744	6800000	80000	430090566
200000	12590208	6900000	80000	430604727
200000	1277616	700000	80026	345244941
200000	12772656	7000000	80000	430062957
200000	12955120	7100000	80000	430824543
200000	13137584	7200000	80000	431183182
200000	13320048	7300000	80000	431498885
200000	13502512	7400000	80000	432345975
200000	13684976	7500000	80000	431920963
200000	13867424	7600000	80000	432308573
200000	14049888	7700000	80000	432491276
200000	14232352	7800000	80000	432613895
200000	14414816	7900000	80000	433640759
200000	1460080	800000	80018	349758901
200000	14597280	8000000	80000	433426263
200000	14779728	8100000	80000	434179142
200000	14962192	8200000	80000	434239522
200000	15144656	8300000	80000	435542832
200000	15327120	8400000	80000	434209875
200000	15509584	8500000	80000	434319863
200000	15692032	8600000	80000	436689844
200000	15874496	8700000	80000	436353427
200000	16056960	8800000	80000	436762694
200000	16239424	8900000	80000	435990566
200000	1642544	900000	80006	353960156
200000	16421888	9000000	80000	435834451
200000	16604352	9100000	80000	436037716
200000	16786800	9200000	80000	435502886
200000	16969264	9300000	80000	436932115
200000	17151728	9400000	80000	436532391
200000	17334192	9500000	80000	437659151
200000	17516656	9600000	80000	436689949
200000	17699104	9700000	80000	436945594
200000	17881568	9800000	80000	437451764
200000	18064032	9900000	80000	437393081
300000	182848	100000	236514	615911779
300000	1825008	1000000	120064	544437799
300000	18246496	10000000	120000	659719113
300000	2007456	1100000	120044	548257381
300000	2189920	1200000	120026	553591114
300000	2372384	1300000	120014	558095738
300000	2554848	1400000	120004	562912999
300000	2737312	1500000	120010	568370019
300000	2919776	1600000	120006	572176612
300000	3102224	1700000	120008	574715015
300000	3284688	1800000	120004	578363904
300000	3467152	1900000	120000	581661809
300000	365312	200000	142940	527670177
300000	3649616	2000000	120000	585091502
300000	3832080	2100000	120000	589878323
300000	4014528	2200000	120002	591380592
300000	4196992	2300000	120002	594281438
300000	4379456	2400000	120002	597428673
300000	4561920	2500000	120002	598950536
300000	4744384	2600000	120000	601889268
300000	4926832	2700000	120000	604519163
300000	5109296	2800000	120002	606616205
300000	5291760	2900000	120000	608796149
300000	547776	300000	126474	510773290
300000	5474224	3000000	120000	610511496
300000	5656688	3100000	120000	614974332
300000	5839152	3200000	120000	613940265
300000	6021600	3300000	120000	615488287
300000	6204064	3400000	120000	617651062
300000	6386528	3500000	120000	619674017
300000	6568992	3600000	120000	620973514
300000	6751456	3700000	120000	622475764
300000	6933904	3800000	120000	623297049
300000	7116368	3900000	120000	625347667
300000	730240	400000	122310	509716556
300000	7298832	4000000	120000	625905085
300000	7481296	4100000	120000	627995382
300000	7663760	4200000	120000	628685535
300000	7846208	4300000	120000	629703678
300000	8028672	4400000	120000	631360356
300000	8211136	4500000	120000	633808185
300000	8393600	4600000	120000	632844149
300000	8576064	4700000	120000	634078382
300000	8758528	4800000	120002	637244445
300000	8940976	4900000	120000	634979467
300000	912704	500000	120974	513680055
300000	9123440	5000000	120002	636528024
300000	9305904	5100000	120000	637389114
300000	9488368	5200000	120000	639785476
300000	9670832	5300000	120000	639136077
300000	9853280	5400000	120000	642034017
300000	10035744	5500000	120000	640247351
300000	10218208	5600000	120000	641421704
300000	10400672	5700000	120000	644052885
300000	10583136	5800000	120000	642373619
300000	10765584	5900000	120000	643302368
300000	1095152	600000	120500	521027200
300000	10948048	6000000	120000	643870121
300000	11130512	6100000	120000	646156340
300000	11312976	6200000	120000	647036190
300000	11495440	6300000	120000	645844224
300000	11677904	6400000	120000	646750263
300000	11860352	6500000	120000	646654412
300000	12042816	6600000	120000	648642084
300000	12225280	6700000	120000	648007686
300000	12407744	6800000	120000	648436699
300000	12590208	6900000	120000	649573979
300000	1277616	700000	120224	524352215
300000	12772656	7000000	120000	650781503
300000	12955120	7100000	120000	649862907
300000	13137584	7200000	120000	651425839
300000	13320048	7300000	120000	650292530
300000	13502512	7400000	120000	651541209
300000	13684976	7500000	120000	653805461
300000	13867424	7600000	120000	652536181
300000	14049888	7700000	120000	652882230
300000	14232352	7800000	120000	653057880
300000	14414816	7900000	120000	653361009
300000	1460080	800000	120168	531065578
300000	14597280	8000000	120000	654637311
300000	14779728	8100000	120000	654230458
300000	14962192	8200000	120000	654018047
300000	15144656	8300000	120000	655981439
300000	15327120	8400000	120000	654776582
300000	15509584	8500000	120000	655970204
300000	15692032	8600000	120000	656361984
300000	15874496	8700000	120000	656368607
300000	16056960	8800000	120000	657587982
300000	16239424	8900000	120000	656795075
300000	1642544	900000	120110	536773058
300000	16421888	9000000	120000	657631507
300000	16604352	9100000	120000	657790208
300000	16786800	9200000	120000	657460392
300000	16969264	9300000	120000	657502696
300000	17151728	9400000	120000	658165023
300000	17334192	9500000	120000	657824510
300000	17516656	9600000	120000	658739420
300000	17699104	9700000	120000	659211051
300000	17881568	9800000	120000	660998648
300000	18064032	9900000	120000	659772486
400000	182848	100000	423656	928947810
400000	1825008	1000000	160262	727621093
400000	18246496	10000000	160000	883222016
400000	2007456	1100000	160146	736743994
400000	2189920	1200000	160132	741117458
400000	2372384	1300000	160086	747913143
400000	2554848	1400000	160062	753919158
400000	2737312	1500000	160046	760329654
400000	2919776	1600000	160056	766903584
400000	3102224	1700000	160030	770201147
400000	3284688	1800000	160020	775081498
400000	3467152	1900000	160030	781324577
400000	365312	200000	225136	737633993
400000	3649616	2000000	160020	784193602
400000	3832080	2100000	160020	787535886
400000	4014528	2200000	160002	793044964
400000	4196992	2300000	160006	795449712
400000	4379456	2400000	160004	800244425
400000	4561920	2500000	160000	803672714
400000	4744384	2600000	160002	806817193
400000	4926832	2700000	160006	808843491
400000	5109296	2800000	160004	813418275
400000	5291760	2900000	160002	814443288
400000	547776	300000	181994	697741408
400000	5474224	3000000	160000	816652947
400000	5656688	3100000	160000	820121200
400000	5839152	3200000	160000	824169420
400000	6021600	3300000	160000	824241257
400000	6204064	3400000	160000	826235068
400000	6386528	3500000	160000	828319751
400000	6568992	3600000	160002	832852667
400000	6751456	3700000	160002	833660828
400000	6933904	3800000	160000	833748359
400000	7116368	3900000	160000	836619435
400000	730240	400000	168694	690285075
400000	7298832	4000000	160000	837700221
400000	7481296	4100000	160000	838992248
400000	7663760	4200000	160000	840377016
400000	7846208	4300000	160000	842609266
400000	8028672	4400000	160000	844089267
400000	8211136	4500000	160000	845063748
400000	8393600	4600000	160000	847207139
400000	8576064	4700000	160002	847571082
400000	8758528	4800000	160000	849246470
400000	8940976	4900000	160000	849866155
400000	912704	500000	164046	693036646
400000	9123440	5000000	160000	851375021
400000	9305904	5100000	160002	852634935
400000	9488368	5200000	160000	853543665
400000	9670832	5300000	160000	856067628
400000	9853280	5400000	160000	855186042
400000	10035744	5500000	160000	856338140
400000	10218208	5600000	160002	857892581
400000	10400672	5700000	160000	858728180
400000	10583136	5800000	160000	859318788
400000	10765584	5900000	160002	862819366
400000	1095152	600000	162100	698951636
400000	10948048	6000000	160000	862163200
400000	11130512	6100000	160000	861381497
400000	11312976	6200000	160000	862195769
400000	11495440	6300000	160000	862894609
400000	11677904	6400000	160000	864364722
400000	11860352	6500000	160000	866107053
400000	12042816	6600000	160000	865084079
400000	12225280	6700000	160000	865999333
400000	12407744	6800000	160000	866490989
400000	12590208	6900000	160000	866795422
400000	1277616	700000	161074	705136966
400000	12772656	7000000	160000	867859311
400000	12955120	7100000	160000	867878915
400000	13137584	7200000	160000	868054569
400000	13320048	7300000	160000	868949846
400000	13502512	7400000	160000	872279083
400000	13684976	7500000	160000	871637961
400000	13867424	7600000	160000	871256971
400000	14049888	7700000	160000	873103196
400000	14232352	7800000	160000	874337783
400000	14414816	7900000	160000	873192921
400000	1460080	800000	160662	712765501
400000	14597280	8000000	160000	874739807
400000	14779728	8100000	160000	875293185
400000	14962192	8200000	160000	874874463
400000	15144656	8300000	160000	874564100
400000	15327120	8400000	160000	875855779
400000	15509584	8500000	160000	876824854
400000	15692032	8600000	160000	877869252
400000	15874496	8700000	160000	878196502
400000	16056960	8800000	160000	878111836
400000	16239424	8900000	160000	878967886
400000	1642544	900000	160408	720209670
400000	16421888	9000000	160000	878995790
400000	16604352	9100000	160000	881589227
400000	16786800	9200000	160000	878929232
400000	16969264	9300000	160000	880467374
400000	17151728	9400000	160002	880826217
400000	17334192	9500000	160000	881222826
400000	17516656	9600000	160000	881758561
400000	17699104	9700000	160000	882604938
400000	17881568	9800000	160000	883499668
400000	18064032	9900000	160000	883233204
500000	182848	100000	670826	1546951718
500000	1825008	1000000	200820	916858317
500000	18246496	10000000	200000	1110088106
500000	2007456	1100000	200586	925389200
500000	2189920	1200000	200408	934471127
500000	2372384	1300000	200236	941379887
500000	2554848	1400000	200196	950025156
500000	2737312	1500000	200146	955998633
500000	2919776	1600000	200092	962665779
500000	3102224	1700000	200084	968649396
500000	3284688	1800000	200058	973947973
500000	3467152	1900000	200040	979482501
500000	365312	200000	334898	1101732177
500000	3649616	2000000	200052	984849380
500000	3832080	2100000	200044	991817092
500000	4014528	2200000	200028	995571391
500000	4196992	2300000	200014	1001271090
500000	4379456	2400000	200016	1004537891
500000	4561920	2500000	200012	1007115259
500000	4744384	2600000	200018	1013449103
500000	4926832	2700000	200004	1015941291
500000	5109296	2800000	200014	1019088400
500000	5291760	2900000	200002	1022364280
500000	547776	300000	251404	902779441
500000	5474224	3000000	200006	1025576533
500000	5656688	3100000	200006	1029839477
500000	5839152	3200000	200006	1031737520
500000	6021600	3300000	200000	1034831011
500000	6204064	3400000	200006	1037850665
500000	6386528	3500000	200008	1040763438
500000	6568992	3600000	200000	1042211102
500000	6751456	3700000	200004	1044844995
500000	6933904	3800000	200000	1046281394
500000	7116368	3900000	200000	1048580446
500000	730240	400000	222822	879263210
500000	7298832	4000000	200004	1051600117
500000	7481296	4100000	200004	1053321553
500000	7663760	4200000	200002	1055157744
500000	7846208	4300000	200000	1056869840
500000	8028672	4400000	200004	1058254231
500000	8211136	4500000	200002	1060823422
500000	8393600	4600000	200000	1061853280
500000	8576064	4700000	200000	1064053924
500000	8758528	4800000	200000	1064325186
500000	8940976	4900000	200000	1066287908
500000	912704	500000	210900	877723133
500000	9123440	5000000	200000	1067235676
500000	9305904	5100000	200000	1069617283
500000	9488368	5200000	200000	1071458865
500000	9670832	5300000	200000	1072288622
500000	9853280	5400000	200000	1072796103
500000	10035744	5500000	200000	1074845457
500000	10218208	5600000	200000	1076179707
500000	10400672	5700000	200000	1078362199
500000	10583136	5800000	200000	1077036881
500000	10765584	5900000	200000	1079475772
500000	1095152	600000	205872	882715173
500000	10948048	6000000	200000	1080172039
500000	11130512	6100000	200000	1080270995
500000	11312976	6200000	200002	1082683835
500000	11495440	6300000	200000	1082276450
500000	11677904	6400000	200000	1083151790
500000	11860352	6500000	200000	1083381024
500000	12042816	6600000	200000	1086003295
500000	12225280	6700000	200000	1085108993
500000	12407744	6800000	200002	1087722221
500000	12590208	6900000	200000	1087116546
500000	1277616	700000	203250	890448115
500000	12772656	7000000	200000	1090034042
500000	12955120	7100000	200000	1089565773
500000	13137584	7200000	200000	1089385412
500000	13320048	7300000	200002	1091211107
500000	13502512	7400000	200000	1092525357
500000	13684976	7500000	200000	1093973934
500000	13867424	7600000	200000	1094504555
500000	14049888	7700000	200000	1095877724
500000	14232352	7800000	200000	1096157497
500000	14414816	7900000	200000	1097878535
500000	1460080	800000	201982	901476466
500000	14597280	8000000	200000	1099037945
500000	14779728	8100000	200000	1100148363
500000	14962192	8200000	200000	1099446847
500000	15144656	8300000	200000	1099812104
500000	15327120	8400000	200000	1101988036
500000	15509584	8500000	200000	1101673038
500000	15692032	8600000	200000	1103355827
500000	15874496	8700000	200000	1104272770
500000	16056960	8800000	200000	1104715889
500000	16239424	8900000	200000	1104640458
500000	1642544	900000	201290	908224608
500000	16421888	9000000	200000	1105934373
500000	16604352	9100000	200000	1106064498
500000	16786800	9200000	200000	1113082991
500000	16969264	9300000	200000	1106980165
500000	17151728	9400000	200000	1108094566
500000	17334192	9500000	200000	1107275536
500000	17516656	9600000	200000	1107704934
500000	17699104	9700000	200000	1109753057
500000	17881568	9800000	200000	1109171259
500000	18064032	9900000	200000	1108967859
600000	182848	100000	973248	1930328779
600000	1825008	1000000	242012	1104459410
600000	18246496	10000000	240000	1326756265
600000	2007456	1100000	241394	1114820737
600000	2189920	1200000	240984	1123688295
600000	2372384	1300000	240682	1133575268
600000	2554848	1400000	240502	1141967930
600000	2737312	1500000	240360	1149232880
600000	2919776	1600000	240292	1157470465
600000	3102224	1700000	240260	1165617972
600000	3284688	1800000	240208	1171986429
600000	3467152	1900000	240152	1178858049
600000	365312	200000	474502	1375518105
600000	3649616	2000000	240118	1184601036
600000	3832080	2100000	240074	1190819179
600000	4014528	2200000	240066	1196348442
600000	4196992	2300000	240054	1202668903
600000	4379456	2400000	240052	1206847172
600000	4561920	2500000	240036	1211845072
600000	4744384	2600000	240020	1216621667
600000	4926832	2700000	240030	1221042533
600000	5109296	2800000	240030	1225010561
600000	5291760	2900000	240024	1229227077
600000	547776	300000	337858	1228823199
600000	5474224	3000000	240020	1231942652
600000	5656688	3100000	240012	1235720100
600000	5839152	3200000	240014	1242871664
600000	6021600	3300000	240016	1244439929
600000	6204064	3400000	240020	1245948368
600000	6386528	3500000	240006	1249722322
600000	6568992	3600000	240010	1253245483
600000	6751456	3700000	240006	1256262915
600000	6933904	3800000	240010	1258235397
600000	7116368	3900000	240004	1260974449
600000	730240	400000	285878	1075540744
600000	7298832	4000000	240004	1262878463
600000	7481296	4100000	240002	1265535375
600000	7663760	4200000	240004	1268084666
600000	7846208	4300000	240006	1270146815
600000	8028672	4400000	240004	1271398023
600000	8211136	4500000	240002	1273693302
600000	8393600	4600000	240006	1276672978
600000	8576064	4700000	240000	1277635706
600000	8758528	4800000	240000	1280422495
600000	8940976	4900000	240000	1281693740
600000	912704	500000	264120	1066227519
600000	9123440	5000000	240000	1284035275
600000	9305904	5100000	240000	1284920951
600000	9488368	5200000	240002	1285907236
600000	9670832	5300000	240004	1290727994
600000	9853280	5400000	240004	1288485409
600000	10035744	5500000	240000	1291855577
600000	10218208	5600000	240000	1291581237
600000	10400672	5700000	240000	1292406705
600000	10583136	5800000	240000	1294190193
600000	10765584	5900000	240000	1296282131
600000	1095152	600000	253418	1068184220
600000	10948048	6000000	240000	1296974817
600000	11130512	6100000	240000	1298424747
600000	11312976	6200000	240000	1298285760
600000	11495440	6300000	240000	1300456874
600000	11677904	6400000	240000	1301796452
600000	11860352	6500000	240000	1300705531
600000	12042816	6600000	240000	1303731186
600000	12225280	6700000	240000	1303639814
600000	12407744	6800000	240000	1305739893
600000	12590208	6900000	240000	1306296783
600000	1277616	700000	247658	1074477030
600000	12772656	7000000	240000	1306820495
600000	12955120	7100000	240000	1307582395
600000	13137584	7200000	240000	1307973188
600000	13320048	7300000	240000	1308742619
600000	13502512	7400000	240000	1311545272
600000	13684976	7500000	240000	1310521266
600000	13867424	7600000	240000	1313593883
600000	14049888	7700000	240000	1312762671
600000	14232352	7800000	240000	1313257595
600000	14414816	7900000	240000	1315339798
600000	1460080	800000	244946	1084027317
600000	14597280	8000000	240000	1314780273
600000	14779728	8100000	240000	1315910908
600000	14962192	8200000	240002	1314646311
600000	15144656	8300000	240000	1316430321
600000	15327120	8400000	240000	1318068207
600000	15509584	8500000	240000	1318229456
600000	15692032	8600000	240000	1318417432
600000	15874496	8700000	240000	1319756078
600000	16056960	8800000	240000	1321047714
600000	16239424	8900000	240000	1321001290
600000	1642544	900000	243078	1096366753
600000	16421888	9000000	240000	1323606215
600000	16604352	9100000	240000	1323030236
600000	16786800	9200000	240000	1325453323
600000	16969264	9300000	240000	1321949409
600000	17151728	9400000	240000	1323308509
600000	17334192	9500000	240000	1324699847
600000	17516656	9600000	240000	1324171754
600000	17699104	9700000	240000	1324954553
600000	17881568	9800000	240000	1326790280
600000	18064032	9900000	240000	1326017162
700000	182848	100000	1326020	2394039116
700000	1825008	1000000	284504	1295796471
700000	18246496	10000000	280000	1550961969
700000	2007456	1100000	282992	1307337575
700000	2189920	1200000	282024	1317126801
700000	2372384	1300000	281622	1328436202
700000	2554848	1400000	281192	1337091671
700000	2737312	1500000	280920	1347718136
700000	2919776	1600000	280664	1355449753
700000	3102224	1700000	280482	1363413000
700000	3284688	1800000	280374	1371504644
700000	3467152	1900000	280336	1379276191
700000	365312	200000	644790	1683537103
700000	3649616	2000000	280272	1387704154
700000	3832080	2100000	280226	1393109642
700000	4014528	2200000	280198	1401590257
700000	4196992	2300000	280146	1406037121
700000	4379456	2400000	280104	1412467806
700000	4561920	2500000	280092	1417742948
700000	4744384	2600000	280092	1423669987
700000	4926832	2700000	280078	1428994064
700000	5109296	2800000	280078	1432530971
700000	5291760	2900000	280040	1440288382
700000	547776	300000	443582	1475397572
700000	5474224	3000000	280044	1441376706
700000	5656688	3100000	280036	1446197093
700000	5839152	3200000	280028	1450114083
700000	6021600	3300000	280046	1453429985
700000	6204064	3400000	280016	1457872761
700000	6386528	3500000	280026	1460433224
700000	6568992	3600000	280012	1464669083
700000	6751456	3700000	280008	1468733130
700000	6933904	3800000	280024	1471034368
700000	7116368	3900000	280018	1473753760
700000	730240	400000	361440	1285941912
700000	7298832	4000000	280010	1474708814
700000	7481296	4100000	280014	1478621184
700000	7663760	4200000	280006	1481319652
700000	7846208	4300000	280010	1484362520
700000	8028672	4400000	280006	1485587087
700000	8211136	4500000	280002	1489437267
700000	8393600	4600000	280008	1491311094
700000	8576064	4700000	280006	1493568544
700000	8758528	4800000	280002	1496683537
700000	8940976	4900000	280004	1496825289
700000	912704	500000	324132	1263643422
700000	9123440	5000000	280002	1499368324
700000	9305904	5100000	280002	1501331144
700000	9488368	5200000	280004	1502199663
700000	9670832	5300000	280004	1504649780
700000	9853280	5400000	280002	1506588188
700000	10035744	5500000	280000	1506549723
700000	10218208	5600000	280002	1507683880
700000	10400672	5700000	280002	1512093712
700000	10583136	5800000	280002	1513322702
700000	10765584	5900000	280006	1517928870
700000	1095152	600000	305358	1260343233
700000	10948048	6000000	280006	1514950989
700000	11130512	6100000	280000	1515946305
700000	11312976	6200000	280000	1518844021
700000	11495440	6300000	280002	1518818781
700000	11677904	6400000	280002	1520730258
700000	11860352	6500000	280000	1521429147
700000	12042816	6600000	280004	1522391871
700000	12225280	6700000	280004	1524448445
700000	12407744	6800000	280000	1526561572
700000	12590208	6900000	280002	1531214579
700000	1277616	700000	295484	1265005067
700000	12772656	7000000	280002	1529054019
700000	12955120	7100000	280002	1527660722
700000	13137584	7200000	280010	1533020310
700000	13320048	7300000	280000	1529791255
700000	13502512	7400000	280002	1531936794
700000	13684976	7500000	280000	1532134986
700000	13867424	7600000	280000	1534335102
700000	14049888	7700000	280000	1534164819
700000	14232352	7800000	280000	1535572638
700000	14414816	7900000	280000	1535860192
700000	1460080	800000	289734	1275780496
700000	14597280	8000000	280000	1536833152
700000	14779728	8100000	280000	1538635811
700000	14962192	8200000	280002	1542179784
700000	15144656	8300000	280000	1539776748
700000	15327120	8400000	280000	1540270804
700000	15509584	8500000	280000	1540929650
700000	15692032	8600000	280002	1542012926
700000	15874496	8700000	280000	1542666171
700000	16056960	8800000	280000	1546600390
700000	16239424	8900000	280000	1542929024
700000	1642544	900000	286290	1284770724
700000	16421888	9000000	280000	1544415088
700000	16604352	9100000	280000	1545246615
700000	16786800	9200000	280000	1545765520
700000	16969264	9300000	280000	1546664618
700000	17151728	9400000	280000	1546492825
700000	17334192	9500000	280000	1547382441
700000	17516656	9600000	280000	1548008283
700000	17699104	9700000	280000	1547960939
700000	17881568	9800000	280000	1552703532
700000	18064032	9900000	280000	1549148438
800000	182848	100000	1722192	3371893724
800000	1825008	1000000	328240	1488731300
800000	18246496	10000000	320000	1776578188
800000	2007456	1100000	325846	1501375406
800000	2189920	1200000	324098	1511848730
800000	2372384	1300000	323058	1524972726
800000	2554848	1400000	322268	1535020448
800000	2737312	1500000	321728	1543682692
800000	2919776	1600000	321314	1558947812
800000	3102224	1700000	321008	1569282576
800000	3284688	1800000	320796	1579218813
800000	3467152	1900000	320626	1587989288
800000	365312	200000	844412	2014636084
800000	3649616	2000000	320550	1596719220
800000	3832080	2100000	320424	1603927248
800000	4014528	2200000	320314	1610954967
800000	4196992	2300000	320302	1618453342
800000	4379456	2400000	320226	1625956183
800000	4561920	2500000	320194	1630979296
800000	4744384	2600000	320164	1636826205
800000	4926832	2700000	320144	1644026668
800000	5109296	2800000	320110	1649921147
800000	5291760	2900000	320116	1655355406
800000	547776	300000	566608	1728935550
800000	5474224	3000000	320094	1658686738
800000	5656688	3100000	320076	1664709904
800000	5839152	3200000	320064	1668077596
800000	6021600	3300000	320048	1671655507
800000	6204064	3400000	320052	1676442407
800000	6386528	3500000	320034	1681556982
800000	6568992	3600000	320038	1684658553
800000	6751456	3700000	320038	1688812821
800000	6933904	3800000	320036	1691459796
800000	7116368	3900000	320026	1695809704
800000	730240	400000	450054	1656703950
800000	7298832	4000000	320022	1699061240
800000	7481296	4100000	320026	1701061266
800000	7663760	4200000	320012	1704599936
800000	7846208	4300000	320024	1707795832
800000	8028672	4400000	320008	1710351132
800000	8211136	4500000	320016	1712726049
800000	8393600	4600000	320002	1714789509
800000	8576064	4700000	320006	1716866630
800000	8758528	4800000	320010	1721493306
800000	8940976	4900000	320014	1721834384
800000	912704	500000	393260	1468838186
800000	9123440	5000000	320018	1726366255
800000	9305904	5100000	320010	1726613153
800000	9488368	5200000	320008	1729507539
800000	9670832	5300000	320000	1731640570
800000	9853280	5400000	320002	1731715364
800000	10035744	5500000	320010	1733689741
800000	10218208	5600000	320006	1735741900
800000	10400672	5700000	320006	1743318648
800000	10583136	5800000	320008	1736397393
800000	10765584	5900000	320002	1740868380
800000	1095152	600000	363680	1457347963
800000	10948048	6000000	320000	1741837742
800000	11130512	6100000	320000	1742123996
800000	11312976	6200000	320006	1744390941
800000	11495440	6300000	320000	1744819150
800000	11677904	6400000	320000	1748388708
800000	11860352	6500000	320000	1748466406
800000	12042816	6600000	320002	1749533624
800000	12225280	6700000	320000	1750808312
800000	12407744	6800000	320006	1753709693
800000	12590208	6900000	320000	1752720613
800000	1277616	700000	347520	1459081794
800000	12772656	7000000	320006	1756329774
800000	12955120	7100000	320002	1755809737
800000	13137584	7200000	320004	1756881788
800000	13320048	7300000	320002	1757528703
800000	13502512	7400000	320002	1757408531
800000	13684976	7500000	320002	1759608266
800000	13867424	7600000	320004	1763340419
800000	14049888	7700000	320000	1761043231
800000	14232352	7800000	320000	1764130959
800000	14414816	7900000	320002	1763713380
800000	1460080	800000	337456	1467393219
800000	14597280	8000000	320002	1764907547
800000	14779728	8100000	320000	1766677171
800000	14962192	8200000	320002	1764122763
800000	15144656	8300000	320000	1767060459
800000	15327120	8400000	320002	1767483324
800000	15509584	8500000	320000	1768507506
800000	15692032	8600000	320004	1770020995
800000	15874496	8700000	320000	1770887493
800000	16056960	8800000	320000	1770914935
800000	16239424	8900000	320000	1770957887
800000	1642544	900000	331522	1476809054
800000	16421888	9000000	320000	1773619113
800000	16604352	9100000	320002	1771140345
800000	16786800	9200000	320000	1774622636
800000	16969264	9300000	320004	1772550289
800000	17151728	9400000	320000	1773461547
800000	17334192	9500000	320004	1776380427
800000	17516656	9600000	320000	1774320039
800000	17699104	9700000	320000	1776263811
800000	17881568	9800000	320000	1776632592
800000	18064032	9900000	320000	1777286459
900000	182848	100000	2150028	3840022127
900000	1825008	1000000	374016	1814654216
900000	18246496	10000000	360000	2127109411
900000	2007456	1100000	369632	1826653844
900000	2189920	1200000	367436	1836273190
900000	2372384	1300000	365350	1847589126
900000	2554848	1400000	363998	1858920340
900000	2737312	1500000	363094	1870622152
900000	2919776	1600000	362396	1881771104
900000	3102224	1700000	361946	1891955764
900000	3284688	1800000	361504	1901408975
900000	3467152	1900000	361210	1910516397
900000	365312	200000	1076264	2375231300
900000	3649616	2000000	360966	1922112486
900000	3832080	2100000	360790	1930684608
900000	4014528	2200000	360630	1935572034
900000	4196992	2300000	360472	1947050847
900000	4379456	2400000	360440	1950980525
900000	4561920	2500000	360394	1957653082
900000	4744384	2600000	360352	1963700506
900000	4926832	2700000	360276	1971588242
900000	5109296	2800000	360224	1984544507
900000	5291760	2900000	360212	1982297568
900000	547776	300000	712138	2008828983
900000	5474224	3000000	360166	1986546680
900000	5656688	3100000	360128	1992098991
900000	5839152	3200000	360136	1999208060
900000	6021600	3300000	360100	2002720689
900000	6204064	3400000	360106	2008864843
900000	6386528	3500000	360060	2012536899
900000	6568992	3600000	360068	2013213049
900000	6751456	3700000	360062	2028704037
900000	6933904	3800000	360060	2024166083
900000	7116368	3900000	360070	2026991407
900000	730240	400000	552604	1884008623
900000	7298832	4000000	360030	2040736452
900000	7481296	4100000	360034	2032023239
900000	7663760	4200000	360034	2039077886
900000	7846208	4300000	360024	2039154477
900000	8028672	4400000	360030	2043904485
900000	8211136	4500000	360044	2046708715
900000	8393600	4600000	360026	2048958912
900000	8576064	4700000	360022	2050364116
900000	8758528	4800000	360016	2054011704
900000	8940976	4900000	360034	2055716729
900000	912704	500000	472782	1829001085
900000	9123440	5000000	360018	2057087004
900000	9305904	5100000	360018	2063618697
900000	9488368	5200000	360022	2062620245
900000	9670832	5300000	360014	2065703455
900000	9853280	5400000	360010	2068594249
900000	10035744	5500000	360008	2068066245
900000	10218208	5600000	360006	2070922305
900000	10400672	5700000	360000	2072253813
900000	10583136	5800000	360010	2075152327
900000	10765584	5900000	360006	2077489918
900000	1095152	600000	429936	1800814874
900000	10948048	6000000	360004	2077216058
900000	11130512	6100000	360002	2079655951
900000	11312976	6200000	360010	2084391984
900000	11495440	6300000	360000	2082667601
900000	11677904	6400000	360004	2083996957
900000	11860352	6500000	360000	2087340839
900000	12042816	6600000	360002	2088454053
900000	12225280	6700000	360004	2086775284
900000	12407744	6800000	360004	2092223557
900000	12590208	6900000	360000	2092468600
900000	1277616	700000	404068	1795037524
900000	12772656	7000000	360002	2094152324
900000	12955120	7100000	360002	2094828907
900000	13137584	7200000	360002	2096831318
900000	13320048	7300000	360012	2099009108
900000	13502512	7400000	360000	2100658794
900000	13684976	7500000	360002	2102816622
900000	13867424	7600000	360004	2103900365
900000	14049888	7700000	360004	2104088016
900000	14232352	7800000	360004	2107447525
900000	14414816	7900000	360000	2108248845
900000	1460080	800000	389272	1795951058
900000	14597280	8000000	360002	2107709865
900000	14779728	8100000	360000	2109573300
900000	14962192	8200000	360000	2108631289
900000	15144656	8300000	360002	2110587345
900000	15327120	8400000	360000	2111867412
900000	15509584	8500000	360002	2114702147
900000	15692032	8600000	360002	2116458301
900000	15874496	8700000	360000	2116375642
900000	16056960	8800000	360002	2118349926
900000	16239424	8900000	360002	2117533761
900000	1642544	900000	379950	1803163167
900000	16421888	9000000	360000	2119406827
900000	16604352	9100000	360000	2120808832
900000	16786800	9200000	360000	2121119193
900000	16969264	9300000	360000	2123906601
900000	17151728	9400000	360000	2123958282
900000	17334192	9500000	360000	2123567905
900000	17516656	9600000	360000	2125156305
900000	17699104	9700000	360004	2124401771
900000	17881568	9800000	360000	2126620347
900000	18064032	9900000	360000	2126230128
