1000000	182848	100000	0	226162959
1000000	1825008	1000000	0	226577572
1000000	18246496	10000000	0	225331458
1000000	2007456	1100000	0	226447183
1000000	2189920	1200000	0	226488685
1000000	2372384	1300000	0	226826676
1000000	2554848	1400000	0	224474236
1000000	2737312	1500000	0	226261759
1000000	2919776	1600000	0	227034725
1000000	3102224	1700000	0	227921345
1000000	3284688	1800000	0	226292905
1000000	3467152	1900000	0	225137601
1000000	365312	200000	0	224825086
1000000	3649616	2000000	0	227312580
1000000	3832080	2100000	0	226829689
1000000	4014528	2200000	0	226341168
1000000	4196992	2300000	0	227466576
1000000	4379456	2400000	0	228239246
1000000	4561920	2500000	0	227546554
1000000	4744384	2600000	0	225355047
1000000	4926832	2700000	0	227697627
1000000	5109296	2800000	0	228723204
1000000	5291760	2900000	0	228539763
1000000	547776	300000	0	228308719
1000000	5474224	3000000	0	226297058
1000000	5656688	3100000	0	226405435
1000000	5839152	3200000	0	228148320
1000000	6021600	3300000	0	227465982
1000000	6204064	3400000	0	225352237
1000000	6386528	3500000	0	226281426
1000000	6568992	3600000	0	226669673
1000000	6751456	3700000	0	227272519
1000000	6933904	3800000	0	227035139
1000000	7116368	3900000	0	225609551
1000000	730240	400000	0	223905952
1000000	7298832	4000000	0	226022773
1000000	7481296	4100000	0	228187386
1000000	7663760	4200000	0	228387980
1000000	7846208	4300000	0	226293616
1000000	8028672	4400000	0	226392377
1000000	8211136	4500000	0	226696982
1000000	8393600	4600000	0	227102424
1000000	8576064	4700000	0	226949712
1000000	8758528	4800000	0	226506671
1000000	8940976	4900000	0	225704816
1000000	912704	500000	0	226874786
1000000	9123440	5000000	0	228195812
1000000	9305904	5100000	0	225778586
1000000	9488368	5200000	0	226033218
1000000	9670832	5300000	0	226376273
1000000	9853280	5400000	0	229277017
1000000	10035744	5500000	0	226723154
1000000	10218208	5600000	0	226593977
1000000	10400672	5700000	0	225608216
1000000	10583136	5800000	0	227585199
1000000	10765584	5900000	0	225418811
1000000	1095152	600000	0	224042628
1000000	10948048	6000000	0	228135632
1000000	11130512	6100000	0	227485204
1000000	11312976	6200000	0	227874351
1000000	11495440	6300000	0	226340257
1000000	11677904	6400000	0	225956410
1000000	11860352	6500000	0	225778148
1000000	12042816	6600000	0	228378267
1000000	12225280	6700000	0	225523943
1000000	12407744	6800000	0	226304342
1000000	12590208	6900000	0	226489549
1000000	1277616	700000	0	226772106
1000000	12772656	7000000	0	227382716
1000000	12955120	7100000	0	226309422
1000000	13137584	7200000	0	227179461
1000000	13320048	7300000	0	224934418
1000000	13502512	7400000	0	227756335
1000000	13684976	7500000	0	227549147
1000000	13867424	7600000	0	225631080
1000000	14049888	7700000	0	225769708
1000000	14232352	7800000	0	226120470
1000000	14414816	7900000	0	227029338
1000000	1460080	800000	0	226792089
1000000	14597280	8000000	0	226358935
1000000	14779728	8100000	0	225781396
1000000	14962192	8200000	0	226483963
1000000	15144656	8300000	0	228348045
1000000	15327120	8400000	0	226112920
1000000	15509584	8500000	0	224889974
1000000	15692032	8600000	0	227412541
1000000	15874496	8700000	0	227843306
1000000	16056960	8800000	0	226296812
1000000	16239424	8900000	0	225935431
1000000	1642544	900000	0	225821872
1000000	16421888	9000000	0	225645907
1000000	16604352	9100000	0	227290000
1000000	16786800	9200000	0	225849165
1000000	16969264	9300000	0	228187754
1000000	17151728	9400000	0	227493591
1000000	17334192	9500000	0	227962035
1000000	17516656	9600000	0	225704359
1000000	17699104	9700000	0	227261353
1000000	17881568	9800000	0	225545628
1000000	18064032	9900000	0	227992280
100000	182848	100000	0	17729307
100000	1825008	1000000	0	19811785
100000	18246496	10000000	0	17394122
100000	2007456	1100000	0	17843014
100000	2189920	1200000	0	19418086
100000	2372384	1300000	0	18101913
100000	2554848	1400000	0	17945929
100000	2737312	1500000	0	19476533
100000	2919776	1600000	0	19531809
100000	3102224	1700000	0	17633137
100000	3284688	1800000	0	20491558
100000	3467152	1900000	0	19299754
100000	365312	200000	0	18567664
100000	3649616	2000000	0	19603904
100000	3832080	2100000	0	18477496
100000	4014528	2200000	0	18652722
100000	4196992	2300000	0	19146183
100000	4379456	2400000	0	19310150
100000	4561920	2500000	0	18996425
100000	4744384	2600000	0	18930946
100000	4926832	2700000	0	17805219
100000	5109296	2800000	0	17797304
100000	5291760	2900000	0	18573711
100000	547776	300000	0	16881493
100000	5474224	3000000	0	17013978
100000	5656688	3100000	0	18142878
100000	5839152	3200000	0	19698797
100000	6021600	3300000	0	18095036
100000	6204064	3400000	0	18244378
100000	6386528	3500000	0	17855401
100000	6568992	3600000	0	19846596
100000	6751456	3700000	0	18200631
100000	6933904	3800000	0	18016031
100000	7116368	3900000	0	20654255
100000	730240	400000	0	19823063
100000	7298832	4000000	0	18004791
100000	7481296	4100000	0	19043558
100000	7663760	4200000	0	19710111
100000	7846208	4300000	0	18211721
100000	8028672	4400000	0	19956153
100000	8211136	4500000	0	17593513
100000	8393600	4600000	0	18701864
100000	8576064	4700000	0	17703742
100000	8758528	4800000	0	18169597
100000	8940976	4900000	0	17193422
100000	912704	500000	0	19674277
100000	9123440	5000000	0	19294095
100000	9305904	5100000	0	19883736
100000	9488368	5200000	0	18075055
100000	9670832	5300000	0	18486658
100000	9853280	5400000	0	18063653
100000	10035744	5500000	0	19266160
100000	10218208	5600000	0	18991702
100000	10400672	5700000	0	18132599
100000	10583136	5800000	0	19057828
100000	10765584	5900000	0	17782138
100000	1095152	600000	0	20657197
100000	10948048	6000000	0	17072401
100000	11130512	6100000	0	17864260
100000	11312976	6200000	0	18562936
100000	11495440	6300000	0	18412003
100000	11677904	6400000	0	17327782
100000	11860352	6500000	0	17949369
100000	12042816	6600000	0	18881921
100000	12225280	6700000	0	17947043
100000	12407744	6800000	0	18432792
100000	12590208	6900000	0	20395761
100000	1277616	700000	0	21432576
100000	12772656	7000000	0	18186897
100000	12955120	7100000	0	17931677
100000	13137584	7200000	0	17822401
100000	13320048	7300000	0	18171008
100000	13502512	7400000	0	18536241
100000	13684976	7500000	0	18811557
100000	13867424	7600000	0	19360472
100000	14049888	7700000	0	18533955
100000	14232352	7800000	0	18747701
100000	14414816	7900000	0	18129293
100000	1460080	800000	0	19484343
100000	14597280	8000000	0	17266861
100000	14779728	8100000	0	19102766
100000	14962192	8200000	0	17272774
100000	15144656	8300000	0	17203187
100000	15327120	8400000	0	17125143
100000	15509584	8500000	0	18108676
100000	15692032	8600000	0	19885645
100000	15874496	8700000	0	17393595
100000	16056960	8800000	0	17442278
100000	16239424	8900000	0	17632870
100000	1642544	900000	0	21281139
100000	16421888	9000000	0	17587901
100000	16604352	9100000	0	17484306
100000	16786800	9200000	0	18401595
100000	16969264	9300000	0	17524193
100000	17151728	9400000	0	17684423
100000	17334192	9500000	0	17610408
100000	17516656	9600000	0	18365149
100000	17699104	9700000	0	17933669
100000	17881568	9800000	0	18830466
100000	18064032	9900000	0	18015688
200000	182848	100000	0	37997243
200000	1825008	1000000	0	37871443
200000	18246496	10000000	0	36407830
200000	2007456	1100000	0	37861855
200000	2189920	1200000	0	38349382
200000	2372384	1300000	0	37817618
200000	2554848	1400000	0	39337263
200000	2737312	1500000	0	37284747
200000	2919776	1600000	0	37910564
200000	3102224	1700000	0	37726150
200000	3284688	1800000	0	37798740
200000	3467152	1900000	0	37784677
200000	365312	200000	0	38857816
200000	3649616	2000000	0	36987726
200000	3832080	2100000	0	37820358
200000	4014528	2200000	0	39310641
200000	4196992	2300000	0	38068133
200000	4379456	2400000	0	37852378
200000	4561920	2500000	0	39319385
200000	4744384	2600000	0	40204305
200000	4926832	2700000	0	38681205
200000	5109296	2800000	0	37885291
200000	5291760	2900000	0	37779405
200000	547776	300000	0	37603329
200000	5474224	3000000	0	39457999
200000	5656688	3100000	0	37820088
200000	5839152	3200000	0	37861417
200000	6021600	3300000	0	37818045
200000	6204064	3400000	0	38691301
200000	6386528	3500000	0	37834452
200000	6568992	3600000	0	39586839
200000	6751456	3700000	0	37846416
200000	6933904	3800000	0	37959825
200000	7116368	3900000	0	37894774
200000	730240	400000	0	36299989
200000	7298832	4000000	0	38387430
200000	7481296	4100000	0	37870060
200000	7663760	4200000	0	38092678
200000	7846208	4300000	0	38077162
200000	8028672	4400000	0	37940249
200000	8211136	4500000	0	37199809
200000	8393600	4600000	0	37798258
200000	8576064	4700000	0	39479947
200000	8758528	4800000	0	37858284
200000	8940976	4900000	0	37832134
200000	912704	500000	0	36843310
200000	9123440	5000000	0	37133734
200000	9305904	5100000	0	37860991
200000	9488368	5200000	0	38123122
200000	9670832	5300000	0	37138029
200000	9853280	5400000	0	37812058
200000	10035744	5500000	0	39365018
200000	10218208	5600000	0	37777180
200000	10400672	5700000	0	37943233
200000	10583136	5800000	0	37060646
200000	10765584	5900000	0	39217277
200000	1095152	600000	0	38074992
200000	10948048	6000000	0	37925109
200000	11130512	6100000	0	39331630
200000	11312976	6200000	0	39863556
200000	11495440	6300000	0	39386270
200000	11677904	6400000	0	37754671
200000	11860352	6500000	0	37920546
200000	12042816	6600000	0	37751894
200000	12225280	6700000	0	37920663
200000	12407744	6800000	0	37143238
200000	12590208	6900000	0	37953479
200000	1277616	700000	0	37091679
200000	12772656	7000000	0	37747220
200000	12955120	7100000	0	37868637
200000	13137584	7200000	0	37811178
200000	13320048	7300000	0	37772360
200000	13502512	7400000	0	37792461
200000	13684976	7500000	0	37954291
200000	13867424	7600000	0	37784838
200000	14049888	7700000	0	37754259
200000	14232352	7800000	0	37099613
200000	14414816	7900000	0	38014925
200000	1460080	800000	0	37306964
200000	14597280	8000000	0	38723345
200000	14779728	8100000	0	37849898
200000	14962192	8200000	0	37871581
200000	15144656	8300000	0	36906785
200000	15327120	8400000	0	37783178
200000	15509584	8500000	0	37872463
200000	15692032	8600000	0	37174454
200000	15874496	8700000	0	38072220
200000	16056960	8800000	0	38683593
200000	16239424	8900000	0	37165705
200000	1642544	900000	0	36701240
200000	16421888	9000000	0	37715107
200000	16604352	9100000	0	37922647
200000	16786800	9200000	0	37884730
200000	16969264	9300000	0	37862366
200000	17151728	9400000	0	37842504
200000	17334192	9500000	0	38013790
200000	17516656	9600000	0	37838894
200000	17699104	9700000	0	37915811
200000	17881568	9800000	0	38020960
200000	18064032	9900000	0	37763716
300000	182848	100000	0	59521712
300000	1825008	1000000	0	57411788
300000	18246496	10000000	0	58620705
300000	2007456	1100000	0	57430386
300000	2189920	1200000	0	59383381
300000	2372384	1300000	0	59393608
300000	2554848	1400000	0	57941887
300000	2737312	1500000	0	58188865
300000	2919776	1600000	0	57421800
300000	3102224	1700000	0	57466071
300000	3284688	1800000	0	58889371
300000	3467152	1900000	0	57812298
300000	365312	200000	0	59701277
300000	3649616	2000000	0	57324475
300000	3832080	2100000	0	57673739
300000	4014528	2200000	0	59055886
300000	4196992	2300000	0	58223729
300000	4379456	2400000	0	57416756
300000	4561920	2500000	0	58020029
300000	4744384	2600000	0	58924021
300000	4926832	2700000	0	57305127
300000	5109296	2800000	0	57423791
300000	5291760	2900000	0	57655984
300000	547776	300000	0	60842112
300000	5474224	3000000	0	59381003
300000	5656688	3100000	0	58341242
300000	5839152	3200000	0	60273247
300000	6021600	3300000	0	58384835
300000	6204064	3400000	0	58265300
300000	6386528	3500000	0	58417263
300000	6568992	3600000	0	58228229
300000	6751456	3700000	0	59286584
300000	6933904	3800000	0	59563917
300000	7116368	3900000	0	57726153
300000	730240	400000	0	58333526
300000	7298832	4000000	0	57609119
300000	7481296	4100000	0	56658992
300000	7663760	4200000	0	57645689
300000	7846208	4300000	0	59239537
300000	8028672	4400000	0	57000931
300000	8211136	4500000	0	59377992
300000	8393600	4600000	0	59089545
300000	8576064	4700000	0	58007814
300000	8758528	4800000	0	59009578
300000	8940976	4900000	0	57809576
300000	912704	500000	0	59827230
300000	9123440	5000000	0	57484347
300000	9305904	5100000	0	58878151
300000	9488368	5200000	0	57429473
300000	9670832	5300000	0	58682236
300000	9853280	5400000	0	57778575
300000	10035744	5500000	0	59315064
300000	10218208	5600000	0	58898403
300000	10400672	5700000	0	59914998
300000	10583136	5800000	0	58558567
300000	10765584	5900000	0	58299042
300000	1095152	600000	0	59850406
300000	10948048	6000000	0	59341986
300000	11130512	6100000	0	56885583
300000	11312976	6200000	0	57701545
300000	11495440	6300000	0	59645868
300000	11677904	6400000	0	58770494
300000	11860352	6500000	0	59480491
300000	12042816	6600000	0	56621145
300000	12225280	6700000	0	57482220
300000	12407744	6800000	0	57435782
300000	12590208	6900000	0	57281706
300000	1277616	700000	0	59636006
300000	12772656	7000000	0	57875916
300000	12955120	7100000	0	59158331
300000	13137584	7200000	0	57782815
300000	13320048	7300000	0	59213109
300000	13502512	7400000	0	57221766
300000	13684976	7500000	0	57114414
300000	13867424	7600000	0	58715024
300000	14049888	7700000	0	56996870
300000	14232352	7800000	0	59083570
300000	14414816	7900000	0	59105144
300000	1460080	800000	0	60651024
300000	14597280	8000000	0	58336905
300000	14779728	8100000	0	58873500
300000	14962192	8200000	0	58412611
300000	15144656	8300000	0	57653505
300000	15327120	8400000	0	59113328
300000	15509584	8500000	0	57275893
300000	15692032	8600000	0	57384389
300000	15874496	8700000	0	57297168
300000	16056960	8800000	0	58764368
300000	16239424	8900000	0	58646588
300000	1642544	900000	0	59756432
300000	16421888	9000000	0	59152004
300000	16604352	9100000	0	59090193
300000	16786800	9200000	0	58367764
300000	16969264	9300000	0	57351671
300000	17151728	9400000	0	56916362
300000	17334192	9500000	0	57836583
300000	17516656	9600000	0	58383463
300000	17699104	9700000	0	58636871
300000	17881568	9800000	0	59208472
300000	18064032	9900000	0	56458323
400000	182848	100000	0	80760556
400000	1825008	1000000	0	78896653
400000	18246496	10000000	0	81558121
400000	2007456	1100000	0	80646221
400000	2189920	1200000	0	80982320
400000	2372384	1300000	0	80223933
400000	2554848	1400000	0	79615422
400000	2737312	1500000	0	79657298
400000	2919776	1600000	0	80239186
400000	3102224	1700000	0	78824231
400000	3284688	1800000	0	80668851
400000	3467152	1900000	0	79740359
400000	365312	200000	0	81138856
400000	3649616	2000000	0	80436439
400000	3832080	2100000	0	79400900
400000	4014528	2200000	0	80498962
400000	4196992	2300000	0	79374507
400000	4379456	2400000	0	80135607
400000	4561920	2500000	0	81548030
400000	4744384	2600000	0	81467126
400000	4926832	2700000	0	78743509
400000	5109296	2800000	0	79842823
400000	5291760	2900000	0	79873847
400000	547776	300000	0	81977568
400000	5474224	3000000	0	81905973
400000	5656688	3100000	0	79197127
400000	5839152	3200000	0	81651022
400000	6021600	3300000	0	81338105
400000	6204064	3400000	0	79198302
400000	6386528	3500000	0	78916316
400000	6568992	3600000	0	78987735
400000	6751456	3700000	0	80002425
400000	6933904	3800000	0	80225790
400000	7116368	3900000	0	79705985
400000	730240	400000	0	80762364
400000	7298832	4000000	0	79532330
400000	7481296	4100000	0	79176100
400000	7663760	4200000	0	78907228
400000	7846208	4300000	0	80954151
400000	8028672	4400000	0	80257872
400000	8211136	4500000	0	80908441
400000	8393600	4600000	0	80527297
400000	8576064	4700000	0	79848898
400000	8758528	4800000	0	79596499
400000	8940976	4900000	0	79237182
400000	912704	500000	0	81754362
400000	9123440	5000000	0	78425435
400000	9305904	5100000	0	81377164
400000	9488368	5200000	0	78499205
400000	9670832	5300000	0	80040172
400000	9853280	5400000	0	78714116
400000	10035744	5500000	0	80355294
400000	10218208	5600000	0	79158591
400000	10400672	5700000	0	80726895
400000	10583136	5800000	0	81066655
400000	10765584	5900000	0	81198353
400000	1095152	600000	0	81501105
400000	10948048	6000000	0	79065264
400000	11130512	6100000	0	79663204
400000	11312976	6200000	0	80107111
400000	11495440	6300000	0	81938437
400000	11677904	6400000	0	81336185
400000	11860352	6500000	0	80885621
400000	12042816	6600000	0	78928293
400000	12225280	6700000	0	79160464
400000	12407744	6800000	0	78980672
400000	12590208	6900000	0	78888630
400000	1277616	700000	0	80971051
400000	12772656	7000000	0	79529174
400000	12955120	7100000	0	80374328
400000	13137584	7200000	0	79886396
400000	13320048	7300000	0	80654403
400000	13502512	7400000	0	79409517
400000	13684976	7500000	0	78343018
400000	13867424	7600000	0	82868131
400000	14049888	7700000	0	80039626
400000	14232352	7800000	0	81188421
400000	14414816	7900000	0	80511685
400000	1460080	800000	0	81791779
400000	14597280	8000000	0	80118723
400000	14779728	8100000	0	80958261
400000	14962192	8200000	0	79812489
400000	15144656	8300000	0	78477748
400000	15327120	8400000	0	80976704
400000	15509584	8500000	0	79432577
400000	15692032	8600000	0	80343447
400000	15874496	8700000	0	78796638
400000	16056960	8800000	0	79812886
400000	16239424	8900000	0	81591043
400000	1642544	900000	0	81072923
400000	16421888	9000000	0	81009454
400000	16604352	9100000	0	82961806
400000	16786800	9200000	0	80849844
400000	16969264	9300000	0	78553074
400000	17151728	9400000	0	79024174
400000	17334192	9500000	0	81046087
400000	17516656	9600000	0	80888012
400000	17699104	9700000	0	81824961
400000	17881568	9800000	0	81013395
400000	18064032	9900000	0	79212288
500000	182848	100000	0	106063169
500000	1825008	1000000	0	102663335
500000	18246496	10000000	0	104260376
500000	2007456	1100000	0	102330388
500000	2189920	1200000	0	103237674
500000	2372384	1300000	0	105176401
500000	2554848	1400000	0	103204683
500000	2737312	1500000	0	102964682
500000	2919776	1600000	0	104915886
500000	3102224	1700000	0	102513776
500000	3284688	1800000	0	103001884
500000	3467152	1900000	0	104233698
500000	365312	200000	0	104053373
500000	3649616	2000000	0	104448910
500000	3832080	2100000	0	104633180
500000	4014528	2200000	0	103336604
500000	4196992	2300000	0	102894879
500000	4379456	2400000	0	105113770
500000	4561920	2500000	0	102510220
500000	4744384	2600000	0	104084165
500000	4926832	2700000	0	104017212
500000	5109296	2800000	0	104395136
500000	5291760	2900000	0	102058146
500000	547776	300000	0	105657493
500000	5474224	3000000	0	103581878
500000	5656688	3100000	0	102838677
500000	5839152	3200000	0	104307436
500000	6021600	3300000	0	104762103
500000	6204064	3400000	0	104133657
500000	6386528	3500000	0	102497474
500000	6568992	3600000	0	103461876
500000	6751456	3700000	0	102121980
500000	6933904	3800000	0	105934382
500000	7116368	3900000	0	103415739
500000	730240	400000	0	107001922
500000	7298832	4000000	0	104852505
500000	7481296	4100000	0	105154595
500000	7663760	4200000	0	102828896
500000	7846208	4300000	0	102955863
500000	8028672	4400000	0	102185462
500000	8211136	4500000	0	102978204
500000	8393600	4600000	0	105361518
500000	8576064	4700000	0	102656857
500000	8758528	4800000	0	103005467
500000	8940976	4900000	0	103386065
500000	912704	500000	0	104954131
500000	9123440	5000000	0	102851643
500000	9305904	5100000	0	103173171
500000	9488368	5200000	0	103937135
500000	9670832	5300000	0	103647818
500000	9853280	5400000	0	104259740
500000	10035744	5500000	0	102942708
500000	10218208	5600000	0	103658947
500000	10400672	5700000	0	102752731
500000	10583136	5800000	0	102656292
500000	10765584	5900000	0	104839316
500000	1095152	600000	0	105821359
500000	10948048	6000000	0	104031389
500000	11130512	6100000	0	103182745
500000	11312976	6200000	0	101984225
500000	11495440	6300000	0	102783892
500000	11677904	6400000	0	103100076
500000	11860352	6500000	0	102366688
500000	12042816	6600000	0	104542521
500000	12225280	6700000	0	104480569
500000	12407744	6800000	0	102602312
500000	12590208	6900000	0	103165388
500000	1277616	700000	0	105953335
500000	12772656	7000000	0	103709429
500000	12955120	7100000	0	105339156
500000	13137584	7200000	0	104657739
500000	13320048	7300000	0	104315817
500000	13502512	7400000	0	103945192
500000	13684976	7500000	0	103385493
500000	13867424	7600000	0	102768151
500000	14049888	7700000	0	102358044
500000	14232352	7800000	0	103127291
500000	14414816	7900000	0	105109383
500000	1460080	800000	0	105804247
500000	14597280	8000000	0	103049029
500000	14779728	8100000	0	104468577
500000	14962192	8200000	0	104618643
500000	15144656	8300000	0	103239593
500000	15327120	8400000	0	103743182
500000	15509584	8500000	0	103899323
500000	15692032	8600000	0	103844653
500000	15874496	8700000	0	105170447
500000	16056960	8800000	0	102801166
500000	16239424	8900000	0	103859315
500000	1642544	900000	0	103740743
500000	16421888	9000000	0	102397835
500000	16604352	9100000	0	102540758
500000	16786800	9200000	0	103835034
500000	16969264	9300000	0	102026849
500000	17151728	9400000	0	102648810
500000	17334192	9500000	0	102853385
500000	17516656	9600000	0	104163033
500000	17699104	9700000	0	103489724
500000	17881568	9800000	0	104614131
500000	18064032	9900000	0	104897699
600000	182848	100000	0	130745026
600000	1825008	1000000	0	128374808
600000	18246496	10000000	0	130020220
600000	2007456	1100000	0	127525481
600000	2189920	1200000	0	128289073
600000	2372384	1300000	0	131057265
600000	2554848	1400000	0	128437638
600000	2737312	1500000	0	128435862
600000	2919776	1600000	0	131030810
600000	3102224	1700000	0	128227836
600000	3284688	1800000	0	128468171
600000	3467152	1900000	0	129238684
600000	365312	200000	0	131387637
600000	3649616	2000000	0	127916148
600000	3832080	2100000	0	129394674
600000	4014528	2200000	0	128629589
600000	4196992	2300000	0	128383591
600000	4379456	2400000	0	129464653
600000	4561920	2500000	0	128134233
600000	4744384	2600000	0	129153309
600000	4926832	2700000	0	129250482
600000	5109296	2800000	0	127690417
600000	5291760	2900000	0	127801856
600000	547776	300000	0	130951396
600000	5474224	3000000	0	128214531
600000	5656688	3100000	0	129456399
600000	5839152	3200000	0	129587853
600000	6021600	3300000	0	129233408
600000	6204064	3400000	0	131612604
600000	6386528	3500000	0	127431010
600000	6568992	3600000	0	128896988
600000	6751456	3700000	0	127159387
600000	6933904	3800000	0	130796702
600000	7116368	3900000	0	128883079
600000	730240	400000	0	131577505
600000	7298832	4000000	0	130091981
600000	7481296	4100000	0	130914041
600000	7663760	4200000	0	128101215
600000	7846208	4300000	0	128358392
600000	8028672	4400000	0	127457370
600000	8211136	4500000	0	128910536
600000	8393600	4600000	0	130635147
600000	8576064	4700000	0	128317911
600000	8758528	4800000	0	128117553
600000	8940976	4900000	0	128036655
600000	912704	500000	0	129148909
600000	9123440	5000000	0	127946442
600000	9305904	5100000	0	128247431
600000	9488368	5200000	0	129245888
600000	9670832	5300000	0	127741840
600000	9853280	5400000	0	130224370
600000	10035744	5500000	0	128431698
600000	10218208	5600000	0	128250281
600000	10400672	5700000	0	127808096
600000	10583136	5800000	0	127871143
600000	10765584	5900000	0	128865176
600000	1095152	600000	0	132153821
600000	10948048	6000000	0	130389891
600000	11130512	6100000	0	128682833
600000	11312976	6200000	0	127336288
600000	11495440	6300000	0	128054234
600000	11677904	6400000	0	128369585
600000	11860352	6500000	0	127772960
600000	12042816	6600000	0	130117637
600000	12225280	6700000	0	129844304
600000	12407744	6800000	0	127399353
600000	12590208	6900000	0	128905318
600000	1277616	700000	0	130145752
600000	12772656	7000000	0	128240425
600000	12955120	7100000	0	130604061
600000	13137584	7200000	0	131633946
600000	13320048	7300000	0	129205206
600000	13502512	7400000	0	129262908
600000	13684976	7500000	0	127941896
600000	13867424	7600000	0	128256518
600000	14049888	7700000	0	127371188
600000	14232352	7800000	0	128176584
600000	14414816	7900000	0	130128884
600000	1460080	800000	0	131032958
600000	14597280	8000000	0	128218351
600000	14779728	8100000	0	127447126
600000	14962192	8200000	0	128486788
600000	15144656	8300000	0	128115782
600000	15327120	8400000	0	128940023
600000	15509584	8500000	0	129152696
600000	15692032	8600000	0	127689697
600000	15874496	8700000	0	130752693
600000	16056960	8800000	0	128208020
600000	16239424	8900000	0	131081162
600000	1642544	900000	0	128815667
600000	16421888	9000000	0	127375072
600000	16604352	9100000	0	128421816
600000	16786800	9200000	0	129002037
600000	16969264	9300000	0	127236918
600000	17151728	9400000	0	127782939
600000	17334192	9500000	0	126933963
600000	17516656	9600000	0	128939654
600000	17699104	9700000	0	129639638
600000	17881568	9800000	0	129441451
600000	18064032	9900000	0	129536973
700000	182848	100000	0	152652035
700000	1825008	1000000	0	150560778
700000	18246496	10000000	0	154450983
700000	2007456	1100000	0	153139084
700000	2189920	1200000	0	151685508
700000	2372384	1300000	0	152774952
700000	2554848	1400000	0	151665297
700000	2737312	1500000	0	154131748
700000	2919776	1600000	0	153746267
700000	3102224	1700000	0	152035860
700000	3284688	1800000	0	151222988
700000	3467152	1900000	0	150135183
700000	365312	200000	0	154404893
700000	3649616	2000000	0	150924367
700000	3832080	2100000	0	152476175
700000	4014528	2200000	0	151446805
700000	4196992	2300000	0	150988882
700000	4379456	2400000	0	152506697
700000	4561920	2500000	0	150774360
700000	4744384	2600000	0	151812206
700000	4926832	2700000	0	151667588
700000	5109296	2800000	0	150532308
700000	5291760	2900000	0	153067584
700000	547776	300000	0	153765336
700000	5474224	3000000	0	151304105
700000	5656688	3100000	0	151289451
700000	5839152	3200000	0	152270102
700000	6021600	3300000	0	151449313
700000	6204064	3400000	0	151957853
700000	6386528	3500000	0	150829463
700000	6568992	3600000	0	153061380
700000	6751456	3700000	0	150125968
700000	6933904	3800000	0	151637393
700000	7116368	3900000	0	151574847
700000	730240	400000	0	152383432
700000	7298832	4000000	0	152737551
700000	7481296	4100000	0	152776990
700000	7663760	4200000	0	153565694
700000	7846208	4300000	0	151820927
700000	8028672	4400000	0	150565242
700000	8211136	4500000	0	151033259
700000	8393600	4600000	0	152728041
700000	8576064	4700000	0	152776977
700000	8758528	4800000	0	153434902
700000	8940976	4900000	0	151738440
700000	912704	500000	0	153095344
700000	9123440	5000000	0	150676524
700000	9305904	5100000	0	151630195
700000	9488368	5200000	0	150052931
700000	9670832	5300000	0	150432792
700000	9853280	5400000	0	152290108
700000	10035744	5500000	0	151728670
700000	10218208	5600000	0	151032218
700000	10400672	5700000	0	152321649
700000	10583136	5800000	0	150736957
700000	10765584	5900000	0	151598104
700000	1095152	600000	0	153358729
700000	10948048	6000000	0	152110931
700000	11130512	6100000	0	151293966
700000	11312976	6200000	0	152303242
700000	11495440	6300000	0	151975206
700000	11677904	6400000	0	151644415
700000	11860352	6500000	0	150578510
700000	12042816	6600000	0	151566968
700000	12225280	6700000	0	151918314
700000	12407744	6800000	0	150346690
700000	12590208	6900000	0	152266808
700000	1277616	700000	0	152378539
700000	12772656	7000000	0	150431503
700000	12955120	7100000	0	152384096
700000	13137584	7200000	0	153187506
700000	13320048	7300000	0	153522938
700000	13502512	7400000	0	152601019
700000	13684976	7500000	0	153845079
700000	13867424	7600000	0	150619074
700000	14049888	7700000	0	151659058
700000	14232352	7800000	0	151020403
700000	14414816	7900000	0	152339968
700000	1460080	800000	0	152017187
700000	14597280	8000000	0	152359375
700000	14779728	8100000	0	151223399
700000	14962192	8200000	0	150888007
700000	15144656	8300000	0	150592450
700000	15327120	8400000	0	151793294
700000	15509584	8500000	0	152071776
700000	15692032	8600000	0	150843434
700000	15874496	8700000	0	153051093
700000	16056960	8800000	0	151727069
700000	16239424	8900000	0	151380458
700000	1642544	900000	0	151811091
700000	16421888	9000000	0	152048356
700000	16604352	9100000	0	150715473
700000	16786800	9200000	0	152155525
700000	16969264	9300000	0	151974315
700000	17151728	9400000	0	151937268
700000	17334192	9500000	0	149739713
700000	17516656	9600000	0	152303874
700000	17699104	9700000	0	151493923
700000	17881568	9800000	0	150234818
700000	18064032	9900000	0	150290053
800000	182848	100000	0	177908172
800000	1825008	1000000	0	174770849
800000	18246496	10000000	0	177588358
800000	2007456	1100000	0	176375909
800000	2189920	1200000	0	176501054
800000	2372384	1300000	0	177496365
800000	2554848	1400000	0	176864003
800000	2737312	1500000	0	178055995
800000	2919776	1600000	0	177890551
800000	3102224	1700000	0	175801394
800000	3284688	1800000	0	177419064
800000	3467152	1900000	0	175316695
800000	365312	200000	0	179437441
800000	3649616	2000000	0	176117205
800000	3832080	2100000	0	177218230
800000	4014528	2200000	0	176432053
800000	4196992	2300000	0	176139525
800000	4379456	2400000	0	176783261
800000	4561920	2500000	0	176699143
800000	4744384	2600000	0	175665749
800000	4926832	2700000	0	179367711
800000	5109296	2800000	0	175794543
800000	5291760	2900000	0	178131746
800000	547776	300000	0	178266240
800000	5474224	3000000	0	175967308
800000	5656688	3100000	0	176088629
800000	5839152	3200000	0	177600141
800000	6021600	3300000	0	175420199
800000	6204064	3400000	0	176844820
800000	6386528	3500000	0	175432799
800000	6568992	3600000	0	176396177
800000	6751456	3700000	0	175128990
800000	6933904	3800000	0	176396944
800000	7116368	3900000	0	176177498
800000	730240	400000	0	177291647
800000	7298832	4000000	0	178837417
800000	7481296	4100000	0	176289652
800000	7663760	4200000	0	177731240
800000	7846208	4300000	0	175100414
800000	8028672	4400000	0	176574308
800000	8211136	4500000	0	176731564
800000	8393600	4600000	0	177519340
800000	8576064	4700000	0	178371467
800000	8758528	4800000	0	178696140
800000	8940976	4900000	0	175483580
800000	912704	500000	0	178131706
800000	9123440	5000000	0	176407007
800000	9305904	5100000	0	175894245
800000	9488368	5200000	0	175186104
800000	9670832	5300000	0	176506610
800000	9853280	5400000	0	177575086
800000	10035744	5500000	0	176397469
800000	10218208	5600000	0	175146993
800000	10400672	5700000	0	176315650
800000	10583136	5800000	0	175481827
800000	10765584	5900000	0	175381790
800000	1095152	600000	0	177898036
800000	10948048	6000000	0	176636589
800000	11130512	6100000	0	175437066
800000	11312976	6200000	0	177054027
800000	11495440	6300000	0	176030084
800000	11677904	6400000	0	176586575
800000	11860352	6500000	0	174597456
800000	12042816	6600000	0	176570093
800000	12225280	6700000	0	175867268
800000	12407744	6800000	0	175975488
800000	12590208	6900000	0	177014405
800000	1277616	700000	0	176045570
800000	12772656	7000000	0	174993165
800000	12955120	7100000	0	176990290
800000	13137584	7200000	0	176633579
800000	13320048	7300000	0	177276357
800000	13502512	7400000	0	176447521
800000	13684976	7500000	0	177042923
800000	13867424	7600000	0	174870965
800000	14049888	7700000	0	174805981
800000	14232352	7800000	0	176373276
800000	14414816	7900000	0	176779246
800000	1460080	800000	0	176957034
800000	14597280	8000000	0	176621509
800000	14779728	8100000	0	175140591
800000	14962192	8200000	0	175609066
800000	15144656	8300000	0	175748716
800000	15327120	8400000	0	175998845
800000	15509584	8500000	0	175348947
800000	15692032	8600000	0	175120677
800000	15874496	8700000	0	176761381
800000	16056960	8800000	0	175689885
800000	16239424	8900000	0	175807871
800000	1642544	900000	0	176357805
800000	16421888	9000000	0	175622698
800000	16604352	9100000	0	175509136
800000	16786800	9200000	0	175938130
800000	16969264	9300000	0	176357370
800000	17151728	9400000	0	175412942
800000	17334192	9500000	0	175050511
800000	17516656	9600000	0	177216179
800000	17699104	9700000	0	176695631
800000	17881568	9800000	0	174410447
800000	18064032	9900000	0	176121858
900000	182848	100000	0	202161255
900000	1825008	1000000	0	199982269
900000	18246496	10000000	0	202645715
900000	2007456	1100000	0	201787657
900000	2189920	1200000	0	200199824
900000	2372384	1300000	0	202288656
900000	2554848	1400000	0	200119964
900000	2737312	1500000	0	202952463
900000	2919776	1600000	0	202216890
900000	3102224	1700000	0	200902224
900000	3284688	1800000	0	201114910
900000	3467152	1900000	0	199446660
900000	365312	200000	0	202794680
900000	3649616	2000000	0	201646104
900000	3832080	2100000	0	201536122
900000	4014528	2200000	0	200751467
900000	4196992	2300000	0	199920970
900000	4379456	2400000	0	202642842
900000	4561920	2500000	0	199914907
900000	4744384	2600000	0	200595847
900000	4926832	2700000	0	201197971
900000	5109296	2800000	0	201529143
900000	5291760	2900000	0	202107945
900000	547776	300000	0	203787516
900000	5474224	3000000	0	200726475
900000	5656688	3100000	0	202419753
900000	5839152	3200000	0	201539711
900000	6021600	3300000	0	201504393
900000	6204064	3400000	0	200416319
900000	6386528	3500000	0	200101988
900000	6568992	3600000	0	200816130
900000	6751456	3700000	0	198925217
900000	6933904	3800000	0	201278971
900000	7116368	3900000	0	201137170
900000	730240	400000	0	201350618
900000	7298832	4000000	0	202264786
900000	7481296	4100000	0	202369194
900000	7663760	4200000	0	201282492
900000	7846208	4300000	0	199775113
900000	8028672	4400000	0	200775029
900000	8211136	4500000	0	200614584
900000	8393600	4600000	0	202047866
900000	8576064	4700000	0	201311599
900000	8758528	4800000	0	203504206
900000	8940976	4900000	0	200451821
900000	912704	500000	0	200493936
900000	9123440	5000000	0	199496432
900000	9305904	5100000	0	200914379
900000	9488368	5200000	0	199719077
900000	9670832	5300000	0	200832711
900000	9853280	5400000	0	201388881
900000	10035744	5500000	0	201480387
900000	10218208	5600000	0	200153153
900000	10400672	5700000	0	200149379
900000	10583136	5800000	0	199995716
900000	10765584	5900000	0	200168762
900000	1095152	600000	0	201993234
900000	10948048	6000000	0	201011638
900000	11130512	6100000	0	200400810
900000	11312976	6200000	0	201651513
900000	11495440	6300000	0	201056793
900000	11677904	6400000	0	201565075
900000	11860352	6500000	0	199215932
900000	12042816	6600000	0	200563772
900000	12225280	6700000	0	200470172
900000	12407744	6800000	0	200257816
900000	12590208	6900000	0	201217291
900000	1277616	700000	0	203358262
900000	12772656	7000000	0	198877878
900000	12955120	7100000	0	201988815
900000	13137584	7200000	0	201975133
900000	13320048	7300000	0	202365941
900000	13502512	7400000	0	200458996
900000	13684976	7500000	0	202555579
900000	13867424	7600000	0	200459620
900000	14049888	7700000	0	199908234
900000	14232352	7800000	0	200596091
900000	14414816	7900000	0	201567877
900000	1460080	800000	0	201771017
900000	14597280	8000000	0	201373070
900000	14779728	8100000	0	202164676
900000	14962192	8200000	0	200019589
900000	15144656	8300000	0	199878557
900000	15327120	8400000	0	200645111
900000	15509584	8500000	0	200148231
900000	15692032	8600000	0	200373335
900000	15874496	8700000	0	201648305
900000	16056960	8800000	0	201339619
900000	16239424	8900000	0	200842363
900000	1642544	900000	0	200620200
900000	16421888	9000000	0	199967637
900000	16604352	9100000	0	200311709
900000	16786800	9200000	0	200187382
900000	16969264	9300000	0	200991418
900000	17151728	9400000	0	201540802
900000	17334192	9500000	0	201493138
900000	17516656	9600000	0	201770229
900000	17699104	9700000	0	202085132
900000	17881568	9800000	0	199012118
900000	18064032	9900000	0	200673771
