1000000	182848	100000	3034296	5393997525
1000000	1825008	1000000	1015258	2696969692
1000000	18246496	10000000	1000000	3061975829
1000000	2007456	1100000	1010770	2713620338
1000000	2189920	1200000	1007872	2727272922
1000000	2372384	1300000	1005858	2741131307
1000000	2554848	1400000	1004506	2778211637
1000000	2737312	1500000	1003456	2769965940
1000000	2919776	1600000	1002714	2783629923
1000000	3102224	1700000	1002122	2802556085
1000000	3284688	1800000	1001708	2806318322
1000000	3467152	1900000	1001290	2818029570
1000000	365312	200000	1839764	3724697965
1000000	3649616	2000000	1001220	2828532887
1000000	3832080	2100000	1000790	2837922932
1000000	4014528	2200000	1000798	2848697138
1000000	4196992	2300000	1000530	2857619317
1000000	4379456	2400000	1000474	2863838085
1000000	4561920	2500000	1000436	2872738049
1000000	4744384	2600000	1000362	2886484316
1000000	4926832	2700000	1000266	2889622928
1000000	5109296	2800000	1000270	2893999035
1000000	5291760	2900000	1000176	2901251879
1000000	547776	300000	1404518	2890436648
1000000	5474224	3000000	1000196	2906628293
1000000	5656688	3100000	1000156	2913489061
1000000	5839152	3200000	1000132	2918003127
1000000	6021600	3300000	1000114	2923643697
1000000	6204064	3400000	1000082	2928160089
1000000	6386528	3500000	1000112	2936164174
1000000	6568992	3600000	1000090	2951728783
1000000	6751456	3700000	1000094	2942795057
1000000	6933904	3800000	1000074	2947959954
1000000	7116368	3900000	1000066	2952075810
1000000	730240	400000	1216794	2733709207
1000000	7298832	4000000	1000046	2955711285
1000000	7481296	4100000	1000044	2959109308
1000000	7663760	4200000	1000050	2964546641
1000000	7846208	4300000	1000046	2972347907
1000000	8028672	4400000	1000030	2969886308
1000000	8211136	4500000	1000038	2972615607
1000000	8393600	4600000	1000020	2978535020
1000000	8576064	4700000	1000038	2979408590
1000000	8758528	4800000	1000036	2981880240
1000000	8940976	4900000	1000014	2983189167
1000000	912704	500000	1127590	2682305856
1000000	9123440	5000000	1000026	2986846796
1000000	9305904	5100000	1000012	2989423633
1000000	9488368	5200000	1000016	2990589326
1000000	9670832	5300000	1000006	2994692786
1000000	9853280	5400000	1000012	2995968396
1000000	10035744	5500000	1000010	2997544546
1000000	10218208	5600000	1000018	3003818663
1000000	10400672	5700000	1000004	3003630492
1000000	10583136	5800000	1000008	3005947444
1000000	10765584	5900000	1000006	3005825848
1000000	1095152	600000	1076830	2662287365
1000000	10948048	6000000	1000002	3010101273
1000000	11130512	6100000	1000000	3012645537
1000000	11312976	6200000	1000002	3011679073
1000000	11495440	6300000	1000002	3013104076
1000000	11677904	6400000	1000008	3015454760
1000000	11860352	6500000	1000006	3018004472
1000000	12042816	6600000	1000006	3024008828
1000000	12225280	6700000	1000002	3021618002
1000000	12407744	6800000	1000004	3022860112
1000000	12590208	6900000	1000010	3025856438
1000000	1277616	700000	1048748	2661079255
1000000	12772656	7000000	1000004	3024920071
1000000	12955120	7100000	1000002	3025062597
1000000	13137584	7200000	1000006	3026692039
1000000	13320048	7300000	1000006	3027978059
1000000	13502512	7400000	1000002	3032930432
1000000	13684976	7500000	1000004	3031306566
1000000	13867424	7600000	1000006	3031201586
1000000	14049888	7700000	1000000	3036210783
1000000	14232352	7800000	1000000	3037032849
1000000	14414816	7900000	1000008	3038084955
1000000	1460080	800000	1033020	2671241489
1000000	14597280	8000000	1000002	3037052075
1000000	14779728	8100000	1000002	3041392855
1000000	14962192	8200000	1000002	3037980361
1000000	15144656	8300000	1000004	3039478076
1000000	15327120	8400000	1000000	3043649030
1000000	15509584	8500000	1000002	3045759767
1000000	15692032	8600000	1000000	3043933875
1000000	15874496	8700000	1000000	3049198533
1000000	16056960	8800000	1000000	3047682374
1000000	16239424	8900000	1000006	3049435772
1000000	1642544	900000	1021706	2683023845
1000000	16421888	9000000	1000000	3046870216
1000000	16604352	9100000	1000002	3053637315
1000000	16786800	9200000	1000000	3050791453
1000000	16969264	9300000	1000000	3056732559
1000000	17151728	9400000	1000002	3054746250
1000000	17334192	9500000	1000002	3059971626
1000000	17516656	9600000	1000008	3060282224
1000000	17699104	9700000	1000000	3061147050
1000000	17881568	9800000	1000000	3060562020
1000000	18064032	9900000	1000000	3062597473
100000	182848	100000	101560	493821550
100000	1825008	1000000	100000	240638183
100000	18246496	10000000	100000	281192916
100000	2007456	1100000	100000	241565076
100000	2189920	1200000	100000	244502557
100000	2372384	1300000	100000	245572877
100000	2554848	1400000	100000	246686774
100000	2737312	1500000	100000	249231171
100000	2919776	1600000	100000	251294106
100000	3102224	1700000	100000	253063739
100000	3284688	1800000	100000	254562939
100000	3467152	1900000	100000	253976976
100000	365312	200000	100114	223260195
100000	3649616	2000000	100000	256988656
100000	3832080	2100000	100000	259569785
100000	4014528	2200000	100000	257359203
100000	4196992	2300000	100000	259869178
100000	4379456	2400000	100000	259330372
100000	4561920	2500000	100000	261366199
100000	4744384	2600000	100000	261301775
100000	4926832	2700000	100000	261548275
100000	5109296	2800000	100000	263789363
100000	5291760	2900000	100000	263577641
100000	547776	300000	100022	223326184
100000	5474224	3000000	100000	266279737
100000	5656688	3100000	100000	264655193
100000	5839152	3200000	100000	266237100
100000	6021600	3300000	100000	266094906
100000	6204064	3400000	100000	266358777
100000	6386528	3500000	100000	267153140
100000	6568992	3600000	100000	267669897
100000	6751456	3700000	100000	270255000
100000	6933904	3800000	100000	268781186
100000	7116368	3900000	100000	269303050
100000	730240	400000	100008	225195024
100000	7298832	4000000	100000	269551778
100000	7481296	4100000	100000	270199031
100000	7663760	4200000	100000	270244462
100000	7846208	4300000	100000	271080193
100000	8028672	4400000	100000	271220295
100000	8211136	4500000	100000	273200954
100000	8393600	4600000	100000	272344107
100000	8576064	4700000	100000	272814488
100000	8758528	4800000	100000	272759059
100000	8940976	4900000	100000	273260651
100000	912704	500000	100002	227147805
100000	9123440	5000000	100000	274276112
100000	9305904	5100000	100000	273754673
100000	9488368	5200000	100000	273933244
100000	9670832	5300000	100000	274319568
100000	9853280	5400000	100000	274987636
100000	10035744	5500000	100000	274926069
100000	10218208	5600000	100000	275122780
100000	10400672	5700000	100000	275319213
100000	10583136	5800000	100000	275509987
100000	10765584	5900000	100000	276116054
100000	1095152	600000	100000	230788394
100000	10948048	6000000	100000	276217038
100000	11130512	6100000	100000	276170658
100000	11312976	6200000	100000	276591791
100000	11495440	6300000	100000	276810655
100000	11677904	6400000	100000	276889664
100000	11860352	6500000	100000	276954030
100000	12042816	6600000	100000	277550660
100000	12225280	6700000	100000	276916367
100000	12407744	6800000	100000	277534023
100000	12590208	6900000	100000	277453860
100000	1277616	700000	100000	232645154
100000	12772656	7000000	100000	278462810
100000	12955120	7100000	100000	278201550
100000	13137584	7200000	100000	278404698
100000	13320048	7300000	100000	278620305
100000	13502512	7400000	100000	278939457
100000	13684976	7500000	100000	278661768
100000	13867424	7600000	100000	278718347
100000	14049888	7700000	100000	278963112
100000	14232352	7800000	100000	278991197
100000	14414816	7900000	100000	279122592
100000	1460080	800000	100000	235278504
100000	14597280	8000000	100000	279044426
100000	14779728	8100000	100000	279591713
100000	14962192	8200000	100000	279703614
100000	15144656	8300000	100000	279756469
100000	15327120	8400000	100000	279690525
100000	15509584	8500000	100000	280103029
100000	15692032	8600000	100000	280175826
100000	15874496	8700000	100000	280246547
100000	16056960	8800000	100000	280487742
100000	16239424	8900000	100000	280567798
100000	1642544	900000	100000	237759317
100000	16421888	9000000	100000	280570098
100000	16604352	9100000	100000	280532752
100000	16786800	9200000	100000	281217340
100000	16969264	9300000	100000	280764286
100000	17151728	9400000	100000	280550300
100000	17334192	9500000	100000	281000457
100000	17516656	9600000	100000	281039277
100000	17699104	9700000	100000	281147804
100000	17881568	9800000	100000	281175283
100000	18064032	9900000	100000	281667077
200000	182848	100000	225626	480879594
200000	1825008	1000000	200002	487907218
200000	18246496	10000000	200000	570416302
200000	2007456	1100000	200000	492011177
200000	2189920	1200000	200002	496034287
200000	2372384	1300000	200002	499149651
200000	2554848	1400000	200004	502831312
200000	2737312	1500000	200000	505620567
200000	2919776	1600000	200000	508966616
200000	3102224	1700000	200000	511691440
200000	3284688	1800000	200000	514091153
200000	3467152	1900000	200000	516461947
200000	365312	200000	203184	459082727
200000	3649616	2000000	200000	518855214
200000	3832080	2100000	200000	521093071
200000	4014528	2200000	200000	523587536
200000	4196992	2300000	200000	525029780
200000	4379456	2400000	200000	526950298
200000	4561920	2500000	200000	530958604
200000	4744384	2600000	200000	530068580
200000	4926832	2700000	200000	532167558
200000	5109296	2800000	200000	533661130
200000	5291760	2900000	200000	536142100
200000	547776	300000	200660	457851411
200000	5474224	3000000	200000	536361292
200000	5656688	3100000	200000	537598805
200000	5839152	3200000	200000	538447646
200000	6021600	3300000	200000	540816534
200000	6204064	3400000	200000	540963946
200000	6386528	3500000	200000	543460864
200000	6568992	3600000	200000	543414195
200000	6751456	3700000	200000	544297446
200000	6933904	3800000	200000	546874208
200000	7116368	3900000	200000	546588673
200000	730240	400000	200192	460349617
200000	7298832	4000000	200000	546714384
200000	7481296	4100000	200000	547966389
200000	7663760	4200000	200000	548998823
200000	7846208	4300000	200000	549058648
200000	8028672	4400000	200000	550580057
200000	8211136	4500000	200000	551812630
200000	8393600	4600000	200000	551273738
200000	8576064	4700000	200000	552339226
200000	8758528	4800000	200000	553096216
200000	8940976	4900000	200000	553469051
200000	912704	500000	200090	464641098
200000	9123440	5000000	200000	554964453
200000	9305904	5100000	200000	557194058
200000	9488368	5200000	200000	555053288
200000	9670832	5300000	200000	556118149
200000	9853280	5400000	200000	556800311
200000	10035744	5500000	200000	557892368
200000	10218208	5600000	200000	557653523
200000	10400672	5700000	200000	559591850
200000	10583136	5800000	200000	560022957
200000	10765584	5900000	200000	559807543
200000	1095152	600000	200050	469716470
200000	10948048	6000000	200000	558832274
200000	11130512	6100000	200000	559849219
200000	11312976	6200000	200000	560609424
200000	11495440	6300000	200000	561658462
200000	11677904	6400000	200000	562853759
200000	11860352	6500000	200000	561807483
200000	12042816	6600000	200000	561292111
200000	12225280	6700000	200000	561822518
200000	12407744	6800000	200000	561758621
200000	12590208	6900000	200000	563305110
200000	1277616	700000	200026	474321135
200000	12772656	7000000	200000	562791798
200000	12955120	7100000	200000	563358033
200000	13137584	7200000	200000	563258547
200000	13320048	7300000	200000	563973779
200000	13502512	7400000	200000	564695856
200000	13684976	7500000	200000	564717065
200000	13867424	7600000	200000	564541020
200000	14049888	7700000	200000	565290940
200000	14232352	7800000	200000	564816453
200000	14414816	7900000	200000	564760706
200000	1460080	800000	200008	479388091
200000	14597280	8000000	200000	569032166
200000	14779728	8100000	200000	566008243
200000	14962192	8200000	200000	566092325
200000	15144656	8300000	200000	566335999
200000	15327120	8400000	200000	566889761
200000	15509584	8500000	200000	567313916
200000	15692032	8600000	200000	567977303
200000	15874496	8700000	200000	567428578
200000	16056960	8800000	200000	567789429
200000	16239424	8900000	200000	568156089
200000	1642544	900000	200006	483957287
200000	16421888	9000000	200000	567559810
200000	16604352	9100000	200000	569738645
200000	16786800	9200000	200000	568196119
200000	16969264	9300000	200000	568357331
200000	17151728	9400000	200000	569753589
200000	17334192	9500000	200000	569110394
200000	17516656	9600000	200000	568890792
200000	17699104	9700000	200000	569652416
200000	17881568	9800000	200000	571772061
200000	18064032	9900000	200000	570053687
300000	182848	100000	398048	920956671
300000	1825008	1000000	300052	743604322
300000	18246496	10000000	300000	861159481
300000	2007456	1100000	300022	749236419
300000	2189920	1200000	300012	754908498
300000	2372384	1300000	300018	760188437
300000	2554848	1400000	300006	766794955
300000	2737312	1500000	300012	769137241
300000	2919776	1600000	300006	772127380
300000	3102224	1700000	300000	773933647
300000	3284688	1800000	300000	781634266
300000	3467152	1900000	300002	785289908
300000	365312	200000	317464	711716231
300000	3649616	2000000	300000	788878978
300000	3832080	2100000	300000	792199525
300000	4014528	2200000	300000	791771301
300000	4196992	2300000	300000	798464376
300000	4379456	2400000	300000	801880839
300000	4561920	2500000	300000	799978164
300000	4744384	2600000	300000	806396620
300000	4926832	2700000	300000	808369172
300000	5109296	2800000	300000	811066180
300000	5291760	2900000	300000	807493838
300000	547776	300000	304936	701306853
300000	5474224	3000000	300002	810766522
300000	5656688	3100000	300000	816380279
300000	5839152	3200000	300000	814065702
300000	6021600	3300000	300000	816006353
300000	6204064	3400000	300000	821883985
300000	6386528	3500000	300000	820165554
300000	6568992	3600000	300000	821129467
300000	6751456	3700000	300000	822058221
300000	6933904	3800000	300000	826988579
300000	7116368	3900000	300000	825111516
300000	730240	400000	301530	702867494
300000	7298832	4000000	300000	825939130
300000	7481296	4100000	300000	831733079
300000	7663760	4200000	300000	828737833
300000	7846208	4300000	300000	829490665
300000	8028672	4400000	300000	835101080
300000	8211136	4500000	300000	831566276
300000	8393600	4600000	300000	832631492
300000	8576064	4700000	300000	836490471
300000	8758528	4800000	300000	834794435
300000	8940976	4900000	300000	835865933
300000	912704	500000	300626	709409111
300000	9123440	5000000	300000	841360831
300000	9305904	5100000	300000	841078001
300000	9488368	5200000	300000	838671974
300000	9670832	5300000	300000	838547139
300000	9853280	5400000	300000	843372344
300000	10035744	5500000	300000	840037174
300000	10218208	5600000	300000	842303879
300000	10400672	5700000	300000	846430690
300000	10583136	5800000	300000	842225095
300000	10765584	5900000	300000	843384416
300000	1095152	600000	300322	717131929
300000	10948048	6000000	300000	848343255
300000	11130512	6100000	300000	846956992
300000	11312976	6200000	300000	845063159
300000	11495440	6300000	300000	849732056
300000	11677904	6400000	300000	850808996
300000	11860352	6500000	300000	845878441
300000	12042816	6600000	300000	846886401
300000	12225280	6700000	300000	852213087
300000	12407744	6800000	300000	849103334
300000	12590208	6900000	300000	849754228
300000	1277616	700000	300154	724552241
300000	12772656	7000000	300000	853863471
300000	12955120	7100000	300000	850279183
300000	13137584	7200000	300000	849914401
300000	13320048	7300000	300000	852546993
300000	13502512	7400000	300000	855958763
300000	13684976	7500000	300000	850985934
300000	13867424	7600000	300000	856223488
300000	14049888	7700000	300000	856601218
300000	14232352	7800000	300000	852438682
300000	14414816	7900000	300000	854620255
300000	1460080	800000	300094	730829827
300000	14597280	8000000	300000	859044851
300000	14779728	8100000	300000	853421099
300000	14962192	8200000	300000	856886392
300000	15144656	8300000	300000	859432575
300000	15327120	8400000	300000	859515011
300000	15509584	8500000	300000	855152970
300000	15692032	8600000	300000	860609935
300000	15874496	8700000	300000	861179308
300000	16056960	8800000	300000	857690603
300000	16239424	8900000	300000	858248950
300000	1642544	900000	300052	737698666
300000	16421888	9000000	300000	861562500
300000	16604352	9100000	300000	857232667
300000	16786800	9200000	300000	857189632
300000	16969264	9300000	300000	859198148
300000	17151728	9400000	300000	858736746
300000	17334192	9500000	300000	859220298
300000	17516656	9600000	300000	860269678
300000	17699104	9700000	300000	860156108
300000	17881568	9800000	300000	858885306
300000	18064032	9900000	300000	860114061
400000	182848	100000	629142	1281463300
400000	1825008	1000000	400198	985497591
400000	18246496	10000000	400000	1145261682
400000	2007456	1100000	400124	993277867
400000	2189920	1200000	400084	1000514216
400000	2372384	1300000	400060	1006916719
400000	2554848	1400000	400044	1015443185
400000	2737312	1500000	400024	1019065592
400000	2919776	1600000	400020	1024855094
400000	3102224	1700000	400008	1030483436
400000	3284688	1800000	400018	1037386628
400000	3467152	1900000	400008	1040985328
400000	365312	200000	450588	1135324684
400000	3649616	2000000	400016	1044948048
400000	3832080	2100000	400002	1049307904
400000	4014528	2200000	400002	1053285389
400000	4196992	2300000	400002	1056516070
400000	4379456	2400000	400002	1060639238
400000	4561920	2500000	400002	1064891890
400000	4744384	2600000	400004	1066846492
400000	4926832	2700000	400000	1069773014
400000	5109296	2800000	400002	1073138602
400000	5291760	2900000	400000	1077155840
400000	547776	300000	415830	937723906
400000	5474224	3000000	400002	1078178171
400000	5656688	3100000	400000	1080623510
400000	5839152	3200000	400000	1084460201
400000	6021600	3300000	400000	1085932552
400000	6204064	3400000	400000	1087729233
400000	6386528	3500000	400002	1089924765
400000	6568992	3600000	400000	1092698270
400000	6751456	3700000	400000	1093963339
400000	6933904	3800000	400002	1097454474
400000	7116368	3900000	400000	1097223936
400000	730240	400000	406292	936138157
400000	7298832	4000000	400000	1098913385
400000	7481296	4100000	400000	1101063734
400000	7663760	4200000	400000	1102954901
400000	7846208	4300000	400000	1103706855
400000	8028672	4400000	400000	1107711446
400000	8211136	4500000	400000	1106522303
400000	8393600	4600000	400000	1108026733
400000	8576064	4700000	400000	1112361408
400000	8758528	4800000	400002	1110639780
400000	8940976	4900000	400000	1112743892
400000	912704	500000	402756	941811057
400000	9123440	5000000	400000	1114549102
400000	9305904	5100000	400000	1114505312
400000	9488368	5200000	400000	1114939708
400000	9670832	5300000	400000	1116156180
400000	9853280	5400000	400000	1117105755
400000	10035744	5500000	400000	1117842684
400000	10218208	5600000	400000	1120437276
400000	10400672	5700000	400000	1119487359
400000	10583136	5800000	400000	1121650321
400000	10765584	5900000	400000	1121804071
400000	1095152	600000	401480	951233461
400000	10948048	6000000	400000	1122468842
400000	11130512	6100000	400000	1123652366
400000	11312976	6200000	400000	1125054596
400000	11495440	6300000	400000	1125641012
400000	11677904	6400000	400000	1125614678
400000	11860352	6500000	400000	1126767967
400000	12042816	6600000	400000	1126709071
400000	12225280	6700000	400000	1128053933
400000	12407744	6800000	400000	1128490607
400000	12590208	6900000	400000	1129485149
400000	1277616	700000	400768	959549701
400000	12772656	7000000	400000	1129261603
400000	12955120	7100000	400000	1130039009
400000	13137584	7200000	400000	1131999136
400000	13320048	7300000	400000	1131428882
400000	13502512	7400000	400000	1131488361
400000	13684976	7500000	400000	1132853584
400000	13867424	7600000	400000	1132906018
400000	14049888	7700000	400000	1133915351
400000	14232352	7800000	400000	1133782598
400000	14414816	7900000	400000	1133880099
400000	1460080	800000	400434	969104134
400000	14597280	8000000	400000	1135400337
400000	14779728	8100000	400000	1135142627
400000	14962192	8200000	400000	1135431553
400000	15144656	8300000	400000	1136363563
400000	15327120	8400000	400000	1137055403
400000	15509584	8500000	400000	1136722520
400000	15692032	8600000	400000	1139166028
400000	15874496	8700000	400000	1138930374
400000	16056960	8800000	400000	1138006443
400000	16239424	8900000	400000	1139189615
400000	1642544	900000	400278	979256218
400000	16421888	9000000	400000	1139847741
400000	16604352	9100000	400000	1140299867
400000	16786800	9200000	400000	1140188115
400000	16969264	9300000	400000	1141545508
400000	17151728	9400000	400000	1142045217
400000	17334192	9500000	400000	1143457205
400000	17516656	9600000	400000	1143500395
400000	17699104	9700000	400000	1143327401
400000	17881568	9800000	400000	1142876955
400000	18064032	9900000	400000	1143511981
500000	182848	100000	920340	1714618404
500000	1825008	1000000	500458	1241198848
500000	18246496	10000000	500000	1438855008
500000	2007456	1100000	500416	1250967893
500000	2189920	1200000	500226	1259032076
500000	2372384	1300000	500156	1267229871
500000	2554848	1400000	500134	1276515581
500000	2737312	1500000	500098	1283116198
500000	2919776	1600000	500058	1290292587
500000	3102224	1700000	500054	1297482844
500000	3284688	1800000	500062	1304357018
500000	3467152	1900000	500032	1308156332
500000	365312	200000	608804	1429295119
500000	3649616	2000000	500026	1314076298
500000	3832080	2100000	500016	1318765127
500000	4014528	2200000	500012	1324016112
500000	4196992	2300000	500006	1328662725
500000	4379456	2400000	500018	1332881808
500000	4561920	2500000	500004	1337811612
500000	4744384	2600000	500008	1341470736
500000	4926832	2700000	500004	1344836075
500000	5109296	2800000	500004	1349405118
500000	5291760	2900000	500006	1351801733
500000	547776	300000	538830	1403977954
500000	5474224	3000000	500006	1354936031
500000	5656688	3100000	500010	1359039726
500000	5839152	3200000	500004	1361738140
500000	6021600	3300000	500000	1365453941
500000	6204064	3400000	500000	1367011606
500000	6386528	3500000	500002	1370159795
500000	6568992	3600000	500000	1372946241
500000	6751456	3700000	500000	1374195968
500000	6933904	3800000	500006	1376670473
500000	7116368	3900000	500000	1378936232
500000	730240	400000	516438	1365143283
500000	7298832	4000000	500000	1382575397
500000	7481296	4100000	500002	1382526375
500000	7663760	4200000	500000	1384458645
500000	7846208	4300000	500000	1387126319
500000	8028672	4400000	500000	1388531542
500000	8211136	4500000	500000	1389344493
500000	8393600	4600000	500000	1391337548
500000	8576064	4700000	500000	1393243059
500000	8758528	4800000	500002	1394397321
500000	8940976	4900000	500000	1401112648
500000	912704	500000	507790	1190450341
500000	9123440	5000000	500000	1397417063
500000	9305904	5100000	500000	1398846720
500000	9488368	5200000	500004	1399636118
500000	9670832	5300000	500000	1401297604
500000	9853280	5400000	500000	1401942682
500000	10035744	5500000	500000	1404975581
500000	10218208	5600000	500000	1405878849
500000	10400672	5700000	500000	1406167340
500000	10583136	5800000	500000	1412072484
500000	10765584	5900000	500000	1408003127
500000	1095152	600000	503954	1199858705
500000	10948048	6000000	500000	1411628836
500000	11130512	6100000	500000	1410397131
500000	11312976	6200000	500000	1412042051
500000	11495440	6300000	500000	1411976578
500000	11677904	6400000	500000	1415097805
500000	11860352	6500000	500000	1414362595
500000	12042816	6600000	500000	1414935659
500000	12225280	6700000	500000	1415189526
500000	12407744	6800000	500000	1417304297
500000	12590208	6900000	500000	1418969861
500000	1277616	700000	502284	1210310274
500000	12772656	7000000	500000	1418461898
500000	12955120	7100000	500000	1420079313
500000	13137584	7200000	500000	1419338193
500000	13320048	7300000	500000	1420200003
500000	13502512	7400000	500000	1421141571
500000	13684976	7500000	500000	1421775227
500000	13867424	7600000	500000	1422214028
500000	14049888	7700000	500000	1423783120
500000	14232352	7800000	500000	1424952300
500000	14414816	7900000	500000	1423857378
500000	1460080	800000	501332	1220873825
500000	14597280	8000000	500000	1425573413
500000	14779728	8100000	500000	1424948528
500000	14962192	8200000	500000	1425602085
500000	15144656	8300000	500000	1427560435
500000	15327120	8400000	500000	1428178844
500000	15509584	8500000	500000	1427280544
500000	15692032	8600000	500000	1429164857
500000	15874496	8700000	500000	1430984203
500000	16056960	8800000	500000	1429392912
500000	16239424	8900000	500000	1430026442
500000	1642544	900000	500912	1233186651
500000	16421888	9000000	500000	1431910495
500000	16604352	9100000	500000	1431156124
500000	16786800	9200000	500000	1431391614
500000	16969264	9300000	500000	1434188802
500000	17151728	9400000	500000	1433429823
500000	17334192	9500000	500000	1433999506
500000	17516656	9600000	500000	1435584258
500000	17699104	9700000	500000	1436022310
500000	17881568	9800000	500000	1435295521
500000	18064032	9900000	500000	1435548390
600000	182848	100000	1264498	2201299637
600000	1825008	1000000	601240	1495661533
600000	18246496	10000000	600000	1726250011
600000	2007456	1100000	600954	1507189197
600000	2189920	1200000	600550	1516366504
600000	2372384	1300000	600448	1526446462
600000	2554848	1400000	600328	1540866072
600000	2737312	1500000	600278	1544111394
600000	2919776	1600000	600192	1552696194
600000	3102224	1700000	600154	1560668370
600000	3284688	1800000	600108	1566825859
600000	3467152	1900000	600116	1574029465
600000	365312	200000	795028	1741190621
600000	3649616	2000000	600062	1580712544
600000	3832080	2100000	600054	1587266081
600000	4014528	2200000	600052	1592345109
600000	4196992	2300000	600062	1598699598
600000	4379456	2400000	600034	1603793665
600000	4561920	2500000	600036	1608987045
600000	4744384	2600000	600022	1613421456
600000	4926832	2700000	600024	1619452901
600000	5109296	2800000	600012	1621907834
600000	5291760	2900000	600010	1625523810
600000	547776	300000	675420	1674304235
600000	5474224	3000000	600016	1629827399
600000	5656688	3100000	600008	1633002162
600000	5839152	3200000	600018	1638033793
600000	6021600	3300000	600008	1640476017
600000	6204064	3400000	600002	1643520057
600000	6386528	3500000	600004	1646801853
600000	6568992	3600000	600006	1649702235
600000	6751456	3700000	600000	1651969789
600000	6933904	3800000	600004	1653878531
600000	7116368	3900000	600002	1657048067
600000	730240	400000	633990	1623897249
600000	7298832	4000000	600000	1661098736
600000	7481296	4100000	600004	1662795966
600000	7663760	4200000	600002	1665303195
600000	7846208	4300000	600002	1666412095
600000	8028672	4400000	600002	1668279646
600000	8211136	4500000	600000	1670565845
600000	8393600	4600000	600000	1672592109
600000	8576064	4700000	600000	1675638039
600000	8758528	4800000	600000	1676024843
600000	8940976	4900000	600000	1677445529
600000	912704	500000	617026	1663261104
600000	9123440	5000000	600000	1679499569
600000	9305904	5100000	600004	1681818635
600000	9488368	5200000	600000	1684355193
600000	9670832	5300000	600000	1684044728
600000	9853280	5400000	600000	1687670027
600000	10035744	5500000	600000	1687634673
600000	10218208	5600000	600000	1688804218
600000	10400672	5700000	600002	1689696547
600000	10583136	5800000	600002	1693415981
600000	10765584	5900000	600000	1693294906
600000	1095152	600000	609072	1677183038
600000	10948048	6000000	600000	1693898312
600000	11130512	6100000	600000	1696020671
600000	11312976	6200000	600000	1696244407
600000	11495440	6300000	600000	1698080169
600000	11677904	6400000	600000	1697959108
600000	11860352	6500000	600000	1699801670
600000	12042816	6600000	600000	1702155144
600000	12225280	6700000	600000	1701928913
600000	12407744	6800000	600000	1703198019
600000	12590208	6900000	600002	1704250314
600000	1277616	700000	605286	1459596186
600000	12772656	7000000	600000	1703708111
600000	12955120	7100000	600000	1704808638
600000	13137584	7200000	600000	1706209321
600000	13320048	7300000	600000	1709048541
600000	13502512	7400000	600000	1708068045
600000	13684976	7500000	600000	1707822895
600000	13867424	7600000	600000	1708559822
600000	14049888	7700000	600000	1710562639
600000	14232352	7800000	600000	1710480399
600000	14414816	7900000	600000	1711043342
600000	1460080	800000	603216	1472422479
600000	14597280	8000000	600000	1712714222
600000	14779728	8100000	600000	1713988744
600000	14962192	8200000	600000	1714999942
600000	15144656	8300000	600000	1713822526
600000	15327120	8400000	600000	1714110325
600000	15509584	8500000	600000	1715356897
600000	15692032	8600000	600000	1715954630
600000	15874496	8700000	600000	1718417352
600000	16056960	8800000	600000	1716784689
600000	16239424	8900000	600000	1718710684
600000	1642544	900000	602050	1483793890
600000	16421888	9000000	600000	1718262946
600000	16604352	9100000	600000	1720531017
600000	16786800	9200000	600000	1720832408
600000	16969264	9300000	600000	1722205374
600000	17151728	9400000	600000	1722258507
600000	17334192	9500000	600000	1724086563
600000	17516656	9600000	600000	1724918216
600000	17699104	9700000	600000	1724633506
600000	17881568	9800000	600000	1725305017
600000	18064032	9900000	600000	1726050293
700000	182848	100000	1658770	3216209043
700000	1825008	1000000	702950	1959354897
700000	18246496	10000000	700000	2215311974
700000	2007456	1100000	701880	1972042290
700000	2189920	1200000	701366	1982933188
700000	2372384	1300000	701040	2001319045
700000	2554848	1400000	700744	2006057641
700000	2737312	1500000	700570	2014853581
700000	2919776	1600000	700380	2025757670
700000	3102224	1700000	700276	2034708379
700000	3284688	1800000	700236	2041296891
700000	3467152	1900000	700182	2049253896
700000	365312	200000	1013206	2083611616
700000	3649616	2000000	700182	2061158277
700000	3832080	2100000	700144	2065334716
700000	4014528	2200000	700122	2078364340
700000	4196992	2300000	700084	2078497846
700000	4379456	2400000	700064	2084401942
700000	4561920	2500000	700028	2091277891
700000	4744384	2600000	700050	2094343432
700000	4926832	2700000	700038	2101143722
700000	5109296	2800000	700030	2106554915
700000	5291760	2900000	700020	2110295779
700000	547776	300000	828910	1931972761
700000	5474224	3000000	700022	2115889389
700000	5656688	3100000	700020	2119343866
700000	5839152	3200000	700014	2122209751
700000	6021600	3300000	700016	2126390612
700000	6204064	3400000	700010	2129857864
700000	6386528	3500000	700010	2136075783
700000	6568992	3600000	700012	2139298756
700000	6751456	3700000	700018	2141215446
700000	6933904	3800000	700000	2143023744
700000	7116368	3900000	700008	2147204382
700000	730240	400000	761330	1873401614
700000	7298832	4000000	700010	2149776726
700000	7481296	4100000	700008	2153822275
700000	7663760	4200000	700004	2155257495
700000	7846208	4300000	700008	2155702945
700000	8028672	4400000	700004	2159232382
700000	8211136	4500000	700006	2162364237
700000	8393600	4600000	700004	2164535221
700000	8576064	4700000	700000	2168348332
700000	8758528	4800000	700006	2167260745
700000	8940976	4900000	700008	2169919922
700000	912704	500000	732118	1885473899
700000	9123440	5000000	700000	2171000343
700000	9305904	5100000	700002	2174475438
700000	9488368	5200000	700002	2176028857
700000	9670832	5300000	700000	2177083386
700000	9853280	5400000	700000	2179005482
700000	10035744	5500000	700000	2180918835
700000	10218208	5600000	700004	2188738562
700000	10400672	5700000	700004	2184507822
700000	10583136	5800000	700000	2186152384
700000	10765584	5900000	700000	2186258586
700000	1095152	600000	717624	1899282057
700000	10948048	6000000	700000	2188351274
700000	11130512	6100000	700002	2190120993
700000	11312976	6200000	700002	2197698676
700000	11495440	6300000	700002	2194283193
700000	11677904	6400000	700000	2194510364
700000	11860352	6500000	700002	2201631392
700000	12042816	6600000	700000	2195824220
700000	12225280	6700000	700000	2196387054
700000	12407744	6800000	700000	2197674825
700000	12590208	6900000	700002	2200900391
700000	1277616	700000	710396	1915725297
700000	12772656	7000000	700000	2200154032
700000	12955120	7100000	700000	2200849257
700000	13137584	7200000	700002	2205905064
700000	13320048	7300000	700000	2205133488
700000	13502512	7400000	700000	2204506046
700000	13684976	7500000	700000	2204764369
700000	13867424	7600000	700000	2205054566
700000	14049888	7700000	700000	2205677273
700000	14232352	7800000	700000	2208171096
700000	14414816	7900000	700000	2207663839
700000	1460080	800000	706370	1931120063
700000	14597280	8000000	700000	2213299525
700000	14779728	8100000	700000	2210421443
700000	14962192	8200000	700000	2212137181
700000	15144656	8300000	700000	2209378328
700000	15327120	8400000	700000	2198231460
700000	15509584	8500000	700000	2201823323
700000	15692032	8600000	700000	2206154738
700000	15874496	8700000	700000	2202078062
700000	16056960	8800000	700000	2206491503
700000	16239424	8900000	700000	2200971875
700000	1642544	900000	704402	1946176201
700000	16421888	9000000	700000	2217439806
700000	16604352	9100000	700000	2204604654
700000	16786800	9200000	700000	2206658842
700000	16969264	9300000	700000	2205823136
700000	17151728	9400000	700000	2210516577
700000	17334192	9500000	700000	2209071381
700000	17516656	9600000	700000	2213064870
700000	17699104	9700000	700002	2208573716
700000	17881568	9800000	700000	2212755778
700000	18064032	9900000	700000	2212152135
800000	182848	100000	2090366	3717371970
800000	1825008	1000000	805442	2201305704
800000	18246496	10000000	800000	2493692622
800000	2007456	1100000	803568	2214485580
800000	2189920	1200000	802536	2236121974
800000	2372384	1300000	801864	2243446555
800000	2554848	1400000	801620	2254230905
800000	2737312	1500000	801002	2263671378
800000	2919776	1600000	800796	2274686631
800000	3102224	1700000	800644	2284096231
800000	3284688	1800000	800556	2296321849
800000	3467152	1900000	800412	2301892385
800000	365312	200000	1258134	2472761964
800000	3649616	2000000	800346	2310721683
800000	3832080	2100000	800260	2318163524
800000	4014528	2200000	800214	2326595464
800000	4196992	2300000	800174	2333482139
800000	4379456	2400000	800162	2340333593
800000	4561920	2500000	800120	2347808569
800000	4744384	2600000	800094	2353318374
800000	4926832	2700000	800092	2358412112
800000	5109296	2800000	800070	2364524128
800000	5291760	2900000	800070	2369058418
800000	547776	300000	1001792	2238673303
800000	5474224	3000000	800032	2380220193
800000	5656688	3100000	800054	2380572679
800000	5839152	3200000	800022	2382481153
800000	6021600	3300000	800034	2387960252
800000	6204064	3400000	800024	2393156595
800000	6386528	3500000	800030	2397211791
800000	6568992	3600000	800022	2400357901
800000	6751456	3700000	800036	2402437834
800000	6933904	3800000	800022	2406385814
800000	7116368	3900000	800022	2410841697
800000	730240	400000	900734	2153704396
800000	7298832	4000000	800026	2412987004
800000	7481296	4100000	800020	2416298147
800000	7663760	4200000	800010	2419823005
800000	7846208	4300000	800016	2423010716
800000	8028672	4400000	800006	2425981889
800000	8211136	4500000	800012	2426232743
800000	8393600	4600000	800004	2428449756
800000	8576064	4700000	800012	2433408801
800000	8758528	4800000	800006	2434141562
800000	8940976	4900000	800002	2437988669
800000	912704	500000	854388	2145266354
800000	9123440	5000000	800002	2439682057
800000	9305904	5100000	800002	2441633134
800000	9488368	5200000	800012	2465605003
800000	9670832	5300000	800008	2444049292
800000	9853280	5400000	800004	2446837923
800000	10035744	5500000	800002	2449620240
800000	10218208	5600000	800002	2450387665
800000	10400672	5700000	800002	2451304328
800000	10583136	5800000	800002	2457500372
800000	10765584	5900000	800002	2461303142
800000	1095152	600000	831148	2143634987
800000	10948048	6000000	800002	2455828243
800000	11130512	6100000	800000	2457552764
800000	11312976	6200000	800002	2462501313
800000	11495440	6300000	800002	2461862087
800000	11677904	6400000	800002	2461864124
800000	11860352	6500000	800002	2462717726
800000	12042816	6600000	800002	2463588955
800000	12225280	6700000	800008	2460733863
800000	12407744	6800000	800000	2467923666
800000	12590208	6900000	800000	2471259872
800000	1277616	700000	819410	2157510358
800000	12772656	7000000	800000	2469969999
800000	12955120	7100000	800000	2469568626
800000	13137584	7200000	800000	2473241468
800000	13320048	7300000	800000	2472317848
800000	13502512	7400000	800000	2472887132
800000	13684976	7500000	800000	2475162310
800000	13867424	7600000	800002	2476792397
800000	14049888	7700000	800000	2477634568
800000	14232352	7800000	800000	2476670637
800000	14414816	7900000	800000	2479981984
800000	1460080	800000	812046	2171481863
800000	14597280	8000000	800000	2481086305
800000	14779728	8100000	800000	2480160413
800000	14962192	8200000	800000	2481669466
800000	15144656	8300000	800000	2481692499
800000	15327120	8400000	800000	2480293552
800000	15509584	8500000	800000	2486262040
800000	15692032	8600000	800000	2477893327
800000	15874496	8700000	800000	2485515250
800000	16056960	8800000	800000	2481014792
800000	16239424	8900000	800000	2484922332
800000	1642544	900000	808094	2188224757
800000	16421888	9000000	800002	2483237068
800000	16604352	9100000	800000	2487345705
800000	16786800	9200000	800000	2485050034
800000	16969264	9300000	800000	2491772196
800000	17151728	9400000	800000	2487554455
800000	17334192	9500000	800000	2492818999
800000	17516656	9600000	800000	2491707923
800000	17699104	9700000	800004	2493976165
800000	17881568	9800000	800000	2490553994
800000	18064032	9900000	800000	2495581087
900000	182848	100000	2551606	4903255471
900000	1825008	1000000	909494	2445042090
900000	18246496	10000000	900000	2777850124
900000	2007456	1100000	906642	2458342426
900000	2189920	1200000	904972	2473103586
900000	2372384	1300000	903562	2487303939
900000	2554848	1400000	902660	2502015534
900000	2737312	1500000	901960	2511589485
900000	2919776	1600000	901562	2530700136
900000	3102224	1700000	901128	2542341696
900000	3284688	1800000	900960	2554672022
900000	3467152	1900000	900746	2565255618
900000	365312	200000	1534296	3382795648
900000	3649616	2000000	900634	2574550901
900000	3832080	2100000	900476	2583222720
900000	4014528	2200000	900432	2590970556
900000	4196992	2300000	900360	2597261801
900000	4379456	2400000	900268	2606558600
900000	4561920	2500000	900260	2616582671
900000	4744384	2600000	900210	2622589379
900000	4926832	2700000	900146	2626462430
900000	5109296	2800000	900174	2633342257
900000	5291760	2900000	900128	2638495700
900000	547776	300000	1193724	2559365668
900000	5474224	3000000	900112	2643757758
900000	5656688	3100000	900096	2649612905
900000	5839152	3200000	900070	2656299003
900000	6021600	3300000	900064	2660045421
900000	6204064	3400000	900064	2672668306
900000	6386528	3500000	900038	2668537609
900000	6568992	3600000	900046	2675073152
900000	6751456	3700000	900044	2675208632
900000	6933904	3800000	900034	2681882921
900000	7116368	3900000	900034	2685160535
900000	730240	400000	1052604	2439435209
900000	7298832	4000000	900024	2687116317
900000	7481296	4100000	900036	2691482154
900000	7663760	4200000	900028	2694352236
900000	7846208	4300000	900032	2696656412
900000	8028672	4400000	900018	2700788261
900000	8211136	4500000	900012	2704655725
900000	8393600	4600000	900020	2714671855
900000	8576064	4700000	900002	2711360705
900000	8758528	4800000	900018	2710879560
900000	8940976	4900000	900008	2711742042
900000	912704	500000	985794	2408717592
900000	9123440	5000000	900006	2715629945
900000	9305904	5100000	900006	2717645372
900000	9488368	5200000	900006	2719058266
900000	9670832	5300000	900004	2720660624
900000	9853280	5400000	900008	2722251168
900000	10035744	5500000	900008	2725617309
900000	10218208	5600000	900006	2730046301
900000	10400672	5700000	900004	2729404737
900000	10583136	5800000	900008	2733747240
900000	10765584	5900000	900006	2734039996
900000	1095152	600000	951076	2396341318
900000	10948048	6000000	900006	2734616538
900000	11130512	6100000	900002	2737472597
900000	11312976	6200000	900002	2738521765
900000	11495440	6300000	900000	2740955505
900000	11677904	6400000	900002	2754174669
900000	11860352	6500000	900000	2743410706
900000	12042816	6600000	900006	2742764667
900000	12225280	6700000	900000	2745589411
900000	12407744	6800000	900004	2745666854
900000	12590208	6900000	900000	2750374716
900000	1277616	700000	931858	2402557946
900000	12772656	7000000	900002	2745358088
900000	12955120	7100000	900000	2748575567
900000	13137584	7200000	900002	2750165178
900000	13320048	7300000	900002	2753135916
900000	13502512	7400000	900000	2755358508
900000	13684976	7500000	900000	2754657514
900000	13867424	7600000	900000	2756176685
900000	14049888	7700000	900002	2755786338
900000	14232352	7800000	900006	2758084352
900000	14414816	7900000	900002	2758103082
900000	1460080	800000	920930	2415959871
900000	14597280	8000000	900000	2761256409
900000	14779728	8100000	900000	2760834727
900000	14962192	8200000	900002	2758849176
900000	15144656	8300000	900000	2762268323
900000	15327120	8400000	900000	2766077081
900000	15509584	8500000	900002	2768166967
900000	15692032	8600000	900002	2762884526
900000	15874496	8700000	900000	2769988778
900000	16056960	8800000	900000	2763371751
900000	16239424	8900000	900000	2771576612
900000	1642544	900000	914016	2431228374
900000	16421888	9000000	900000	2763107313
900000	16604352	9100000	900000	2772034849
900000	16786800	9200000	900004	2771138356
900000	16969264	9300000	900000	2776644703
900000	17151728	9400000	900000	2772419838
900000	17334192	9500000	900000	2779121052
900000	17516656	9600000	900000	2772892481
900000	17699104	9700000	900000	2778734726
900000	17881568	9800000	900000	2775165169
900000	18064032	9900000	900000	2780574594
