1000000	182848	100000	0	190504222
1000000	1825008	1000000	0	190560379
1000000	18246496	10000000	0	189976120
1000000	2007456	1100000	0	190164033
1000000	2189920	1200000	0	191101120
1000000	2372384	1300000	0	190366394
1000000	2554848	1400000	0	190127229
1000000	2737312	1500000	0	190236329
1000000	2919776	1600000	0	190294551
1000000	3102224	1700000	0	190191446
1000000	3284688	1800000	0	190009590
1000000	3467152	1900000	0	190492103
1000000	365312	200000	0	190149140
1000000	3649616	2000000	0	190696176
1000000	3832080	2100000	0	190320532
1000000	4014528	2200000	0	190154998
1000000	4196992	2300000	0	190047410
1000000	4379456	2400000	0	190343204
1000000	4561920	2500000	0	190416268
1000000	4744384	2600000	0	190297993
1000000	4926832	2700000	0	190839367
1000000	5109296	2800000	0	190448106
1000000	5291760	2900000	0	190526201
1000000	547776	300000	0	190214448
1000000	5474224	3000000	0	190430431
1000000	5656688	3100000	0	190602748
1000000	5839152	3200000	0	190105988
1000000	6021600	3300000	0	190576781
1000000	6204064	3400000	0	190049541
1000000	6386528	3500000	0	190047979
1000000	6568992	3600000	0	190511270
1000000	6751456	3700000	0	190131097
1000000	6933904	3800000	0	190013857
1000000	7116368	3900000	0	190163846
1000000	730240	400000	0	190369179
1000000	7298832	4000000	0	190109575
1000000	7481296	4100000	0	190151977
1000000	7663760	4200000	0	190147950
1000000	7846208	4300000	0	190151961
1000000	8028672	4400000	0	190055277
1000000	8211136	4500000	0	190395908
1000000	8393600	4600000	0	192124345
1000000	8576064	4700000	0	190246580
1000000	8758528	4800000	0	190428115
1000000	8940976	4900000	0	191062737
1000000	912704	500000	0	190100595
1000000	9123440	5000000	0	190337958
1000000	9305904	5100000	0	190158826
1000000	9488368	5200000	0	190101831
1000000	9670832	5300000	0	190410706
1000000	9853280	5400000	0	190259885
1000000	10035744	5500000	0	190286798
1000000	10218208	5600000	0	190301115
1000000	10400672	5700000	0	190233362
1000000	10583136	5800000	0	190369097
1000000	10765584	5900000	0	190035076
1000000	1095152	600000	0	190183025
1000000	10948048	6000000	0	190169197
1000000	11130512	6100000	0	189948717
1000000	11312976	6200000	0	190097869
1000000	11495440	6300000	0	189925886
1000000	11677904	6400000	0	192340800
1000000	11860352	6500000	0	191800925
1000000	12042816	6600000	0	190253937
1000000	12225280	6700000	0	189970748
1000000	12407744	6800000	0	190139358
1000000	12590208	6900000	0	190240882
1000000	1277616	700000	0	190292031
1000000	12772656	7000000	0	190415399
1000000	12955120	7100000	0	190396352
1000000	13137584	7200000	0	190211162
1000000	13320048	7300000	0	191271141
1000000	13502512	7400000	0	190070142
1000000	13684976	7500000	0	190411514
1000000	13867424	7600000	0	190166491
1000000	14049888	7700000	0	190054923
1000000	14232352	7800000	0	190150328
1000000	14414816	7900000	0	190560142
1000000	1460080	800000	0	189955221
1000000	14597280	8000000	0	190163493
1000000	14779728	8100000	0	191421966
1000000	14962192	8200000	0	189976115
1000000	15144656	8300000	0	190152843
1000000	15327120	8400000	0	190509468
1000000	15509584	8500000	0	190324320
1000000	15692032	8600000	0	190318294
1000000	15874496	8700000	0	190011795
1000000	16056960	8800000	0	190850049
1000000	16239424	8900000	0	190476300
1000000	1642544	900000	0	189930589
1000000	16421888	9000000	0	190080185
1000000	16604352	9100000	0	190323217
1000000	16786800	9200000	0	190264313
1000000	16969264	9300000	0	190386092
1000000	17151728	9400000	0	190618180
1000000	17334192	9500000	0	190187974
1000000	17516656	9600000	0	190110245
1000000	17699104	9700000	0	190371379
1000000	17881568	9800000	0	189999697
1000000	18064032	9900000	0	190407818
100000	182848	100000	0	15153318
100000	1825008	1000000	0	16083109
100000	18246496	10000000	0	14970135
100000	2007456	1100000	0	15173019
100000	2189920	1200000	0	16103042
100000	2372384	1300000	0	15215221
100000	2554848	1400000	0	17120181
100000	2737312	1500000	0	15137113
100000	2919776	1600000	0	15154982
100000	3102224	1700000	0	15119360
100000	3284688	1800000	0	15115678
100000	3467152	1900000	0	15950670
100000	365312	200000	0	15204894
100000	3649616	2000000	0	16029937
100000	3832080	2100000	0	15835426
100000	4014528	2200000	0	17163216
100000	4196992	2300000	0	17138304
100000	4379456	2400000	0	15233346
100000	4561920	2500000	0	16027799
100000	4744384	2600000	0	15235114
100000	4926832	2700000	0	15775561
100000	5109296	2800000	0	15836159
100000	5291760	2900000	0	15693711
100000	547776	300000	0	15237373
100000	5474224	3000000	0	15890616
100000	5656688	3100000	0	15792697
100000	5839152	3200000	0	15199297
100000	6021600	3300000	0	17263029
100000	6204064	3400000	0	15212259
100000	6386528	3500000	0	15153242
100000	6568992	3600000	0	16220653
100000	6751456	3700000	0	15827182
100000	6933904	3800000	0	15837438
100000	7116368	3900000	0	15346300
100000	730240	400000	0	15089129
100000	7298832	4000000	0	15793288
100000	7481296	4100000	0	15181374
100000	7663760	4200000	0	16241420
100000	7846208	4300000	0	15708200
100000	8028672	4400000	0	15644535
100000	8211136	4500000	0	15555861
100000	8393600	4600000	0	15209832
100000	8576064	4700000	0	15186200
100000	8758528	4800000	0	15199320
100000	8940976	4900000	0	15294106
100000	912704	500000	0	15164704
100000	9123440	5000000	0	15488615
100000	9305904	5100000	0	15184245
100000	9488368	5200000	0	15607765
100000	9670832	5300000	0	15803930
100000	9853280	5400000	0	15157720
100000	10035744	5500000	0	15415655
100000	10218208	5600000	0	15601499
100000	10400672	5700000	0	15176654
100000	10583136	5800000	0	15372279
100000	10765584	5900000	0	15660374
100000	1095152	600000	0	15102586
100000	10948048	6000000	0	15512111
100000	11130512	6100000	0	15124676
100000	11312976	6200000	0	15126892
100000	11495440	6300000	0	15104021
100000	11677904	6400000	0	15203360
100000	11860352	6500000	0	15122224
100000	12042816	6600000	0	15102873
100000	12225280	6700000	0	15096045
100000	12407744	6800000	0	15089261
100000	12590208	6900000	0	15302171
100000	1277616	700000	0	15088630
100000	12772656	7000000	0	15056297
100000	12955120	7100000	0	15269471
100000	13137584	7200000	0	15628613
100000	13320048	7300000	0	14998451
100000	13502512	7400000	0	15035338
100000	13684976	7500000	0	15039769
100000	13867424	7600000	0	15284479
100000	14049888	7700000	0	15000956
100000	14232352	7800000	0	15040588
100000	14414816	7900000	0	15021970
100000	1460080	800000	0	15192328
100000	14597280	8000000	0	15028451
100000	14779728	8100000	0	14981386
100000	14962192	8200000	0	15015751
100000	15144656	8300000	0	15018043
100000	15327120	8400000	0	14991536
100000	15509584	8500000	0	14970611
100000	15692032	8600000	0	15013793
100000	15874496	8700000	0	15067645
100000	16056960	8800000	0	14972348
100000	16239424	8900000	0	14982550
100000	1642544	900000	0	15956705
100000	16421888	9000000	0	14995150
100000	16604352	9100000	0	14948751
100000	16786800	9200000	0	14979419
100000	16969264	9300000	0	15340954
100000	17151728	9400000	0	14983280
100000	17334192	9500000	0	15006475
100000	17516656	9600000	0	14952193
100000	17699104	9700000	0	14998099
100000	17881568	9800000	0	14987256
100000	18064032	9900000	0	15090866
200000	182848	100000	0	30120830
200000	1825008	1000000	0	30992435
200000	18246496	10000000	0	32346086
200000	2007456	1100000	0	30186760
200000	2189920	1200000	0	30089982
200000	2372384	1300000	0	30719666
200000	2554848	1400000	0	30152702
200000	2737312	1500000	0	30128621
200000	2919776	1600000	0	30147276
200000	3102224	1700000	0	30395992
200000	3284688	1800000	0	30204558
200000	3467152	1900000	0	30180667
200000	365312	200000	0	30149149
200000	3649616	2000000	0	30363203
200000	3832080	2100000	0	30176813
200000	4014528	2200000	0	30218891
200000	4196992	2300000	0	31496465
200000	4379456	2400000	0	30104065
200000	4561920	2500000	0	30244862
200000	4744384	2600000	0	30157366
200000	4926832	2700000	0	30154044
200000	5109296	2800000	0	30123571
200000	5291760	2900000	0	30116471
200000	547776	300000	0	30121251
200000	5474224	3000000	0	30146271
200000	5656688	3100000	0	31143708
200000	5839152	3200000	0	30142412
200000	6021600	3300000	0	30154892
200000	6204064	3400000	0	30118161
200000	6386528	3500000	0	30099659
200000	6568992	3600000	0	30135675
200000	6751456	3700000	0	30148181
200000	6933904	3800000	0	30119657
200000	7116368	3900000	0	30696996
200000	730240	400000	0	30195160
200000	7298832	4000000	0	30159282
200000	7481296	4100000	0	30139934
200000	7663760	4200000	0	30186667
200000	7846208	4300000	0	31000852
200000	8028672	4400000	0	30121969
200000	8211136	4500000	0	30139766
200000	8393600	4600000	0	30139089
200000	8576064	4700000	0	30089303
200000	8758528	4800000	0	31205293
200000	8940976	4900000	0	30112365
200000	912704	500000	0	30241901
200000	9123440	5000000	0	30125473
200000	9305904	5100000	0	31428700
200000	9488368	5200000	0	30141353
200000	9670832	5300000	0	30309290
200000	9853280	5400000	0	30151732
200000	10035744	5500000	0	30209486
200000	10218208	5600000	0	30146743
200000	10400672	5700000	0	30417499
200000	10583136	5800000	0	30353735
200000	10765584	5900000	0	30225697
200000	1095152	600000	0	30188294
200000	10948048	6000000	0	30160501
200000	11130512	6100000	0	30164167
200000	11312976	6200000	0	30975965
200000	11495440	6300000	0	30143916
200000	11677904	6400000	0	32396843
200000	11860352	6500000	0	30112071
200000	12042816	6600000	0	30113166
200000	12225280	6700000	0	30136006
200000	12407744	6800000	0	30217141
200000	12590208	6900000	0	30126682
200000	1277616	700000	0	31241498
200000	12772656	7000000	0	30189670
200000	12955120	7100000	0	30128056
200000	13137584	7200000	0	30118053
200000	13320048	7300000	0	32624240
200000	13502512	7400000	0	30180236
200000	13684976	7500000	0	30182474
200000	13867424	7600000	0	30137925
200000	14049888	7700000	0	30101855
200000	14232352	7800000	0	30132814
200000	14414816	7900000	0	30135236
200000	1460080	800000	0	30151574
200000	14597280	8000000	0	30073283
200000	14779728	8100000	0	32261825
200000	14962192	8200000	0	30117971
200000	15144656	8300000	0	30167803
200000	15327120	8400000	0	30170999
200000	15509584	8500000	0	30359210
200000	15692032	8600000	0	30155996
200000	15874496	8700000	0	30205534
200000	16056960	8800000	0	30229942
200000	16239424	8900000	0	30139541
200000	1642544	900000	0	30139919
200000	16421888	9000000	0	30116498
200000	16604352	9100000	0	30171477
200000	16786800	9200000	0	30254783
200000	16969264	9300000	0	30087687
200000	17151728	9400000	0	30207944
200000	17334192	9500000	0	30143099
200000	17516656	9600000	0	30104341
200000	17699104	9700000	0	30357229
200000	17881568	9800000	0	30221456
200000	18064032	9900000	0	30213204
300000	182848	100000	0	47149817
300000	1825008	1000000	0	46960783
300000	18246496	10000000	0	46910054
300000	2007456	1100000	0	47903833
300000	2189920	1200000	0	46800788
300000	2372384	1300000	0	46943599
300000	2554848	1400000	0	46811988
300000	2737312	1500000	0	46791924
300000	2919776	1600000	0	47101072
300000	3102224	1700000	0	46910208
300000	3284688	1800000	0	46792860
300000	3467152	1900000	0	47043678
300000	365312	200000	0	47003738
300000	3649616	2000000	0	46867342
300000	3832080	2100000	0	46756247
300000	4014528	2200000	0	47148425
300000	4196992	2300000	0	46822367
300000	4379456	2400000	0	46861954
300000	4561920	2500000	0	46794339
300000	4744384	2600000	0	46812367
300000	4926832	2700000	0	46907931
300000	5109296	2800000	0	46778994
300000	5291760	2900000	0	46773672
300000	547776	300000	0	47047663
300000	5474224	3000000	0	46860416
300000	5656688	3100000	0	47043785
300000	5839152	3200000	0	46750238
300000	6021600	3300000	0	46811544
300000	6204064	3400000	0	46840386
300000	6386528	3500000	0	46794927
300000	6568992	3600000	0	46944951
300000	6751456	3700000	0	46801198
300000	6933904	3800000	0	46795802
300000	7116368	3900000	0	46893761
300000	730240	400000	0	47140403
300000	7298832	4000000	0	46899083
300000	7481296	4100000	0	46975320
300000	7663760	4200000	0	48305783
300000	7846208	4300000	0	46912299
300000	8028672	4400000	0	46725996
300000	8211136	4500000	0	46921987
300000	8393600	4600000	0	46765589
300000	8576064	4700000	0	46779472
300000	8758528	4800000	0	47758543
300000	8940976	4900000	0	46881107
300000	912704	500000	0	47068542
300000	9123440	5000000	0	46981878
300000	9305904	5100000	0	47525313
300000	9488368	5200000	0	46753469
300000	9670832	5300000	0	46751498
300000	9853280	5400000	0	46921422
300000	10035744	5500000	0	46818939
300000	10218208	5600000	0	46824517
300000	10400672	5700000	0	47081461
300000	10583136	5800000	0	46843577
300000	10765584	5900000	0	46761701
300000	1095152	600000	0	46851948
300000	10948048	6000000	0	46827632
300000	11130512	6100000	0	46822654
300000	11312976	6200000	0	48995772
300000	11495440	6300000	0	46821920
300000	11677904	6400000	0	46892702
300000	11860352	6500000	0	47650724
300000	12042816	6600000	0	47161283
300000	12225280	6700000	0	47212756
300000	12407744	6800000	0	46900178
300000	12590208	6900000	0	46786174
300000	1277616	700000	0	46790399
300000	12772656	7000000	0	46895528
300000	12955120	7100000	0	46858926
300000	13137584	7200000	0	46846071
300000	13320048	7300000	0	46931785
300000	13502512	7400000	0	47587994
300000	13684976	7500000	0	46752786
300000	13867424	7600000	0	46779701
300000	14049888	7700000	0	46860000
300000	14232352	7800000	0	47613601
300000	14414816	7900000	0	46786029
300000	1460080	800000	0	46913435
300000	14597280	8000000	0	46926670
300000	14779728	8100000	0	46827123
300000	14962192	8200000	0	47000979
300000	15144656	8300000	0	46915797
300000	15327120	8400000	0	46864250
300000	15509584	8500000	0	47268994
300000	15692032	8600000	0	49024974
300000	15874496	8700000	0	47960860
300000	16056960	8800000	0	46916747
300000	16239424	8900000	0	46893029
300000	1642544	900000	0	46844181
300000	16421888	9000000	0	47733750
300000	16604352	9100000	0	46825938
300000	16786800	9200000	0	47093834
300000	16969264	9300000	0	47072082
300000	17151728	9400000	0	46865523
300000	17334192	9500000	0	46906123
300000	17516656	9600000	0	46921663
300000	17699104	9700000	0	46798203
300000	17881568	9800000	0	46790573
300000	18064032	9900000	0	46840672
400000	182848	100000	0	66644747
400000	1825008	1000000	0	64948485
400000	18246496	10000000	0	64948413
400000	2007456	1100000	0	64876313
400000	2189920	1200000	0	64907766
400000	2372384	1300000	0	66005262
400000	2554848	1400000	0	65242493
400000	2737312	1500000	0	64952316
400000	2919776	1600000	0	64944464
400000	3102224	1700000	0	64909038
400000	3284688	1800000	0	64942069
400000	3467152	1900000	0	64899420
400000	365312	200000	0	64916695
400000	3649616	2000000	0	64886738
400000	3832080	2100000	0	65175310
400000	4014528	2200000	0	64925140
400000	4196992	2300000	0	65184613
400000	4379456	2400000	0	64916560
400000	4561920	2500000	0	65937316
400000	4744384	2600000	0	64901780
400000	4926832	2700000	0	64833177
400000	5109296	2800000	0	64873229
400000	5291760	2900000	0	64819131
400000	547776	300000	0	64994523
400000	5474224	3000000	0	65227923
400000	5656688	3100000	0	65020277
400000	5839152	3200000	0	64793404
400000	6021600	3300000	0	65012725
400000	6204064	3400000	0	64906094
400000	6386528	3500000	0	64940129
400000	6568992	3600000	0	65080994
400000	6751456	3700000	0	65241532
400000	6933904	3800000	0	64882773
400000	7116368	3900000	0	64930372
400000	730240	400000	0	65062581
400000	7298832	4000000	0	65937717
400000	7481296	4100000	0	64997938
400000	7663760	4200000	0	64873118
400000	7846208	4300000	0	65231526
400000	8028672	4400000	0	65179473
400000	8211136	4500000	0	64821523
400000	8393600	4600000	0	65871285
400000	8576064	4700000	0	64914022
400000	8758528	4800000	0	64922667
400000	8940976	4900000	0	64900951
400000	912704	500000	0	66069825
400000	9123440	5000000	0	65012478
400000	9305904	5100000	0	64948097
400000	9488368	5200000	0	64884688
400000	9670832	5300000	0	65004642
400000	9853280	5400000	0	65115295
400000	10035744	5500000	0	64897389
400000	10218208	5600000	0	66342844
400000	10400672	5700000	0	65018468
400000	10583136	5800000	0	64902549
400000	10765584	5900000	0	67051490
400000	1095152	600000	0	64953638
400000	10948048	6000000	0	65026975
400000	11130512	6100000	0	65904442
400000	11312976	6200000	0	64818573
400000	11495440	6300000	0	64880326
400000	11677904	6400000	0	64840504
400000	11860352	6500000	0	65006823
400000	12042816	6600000	0	66947222
400000	12225280	6700000	0	64823722
400000	12407744	6800000	0	64840549
400000	12590208	6900000	0	64882864
400000	1277616	700000	0	64918045
400000	12772656	7000000	0	64900821
400000	12955120	7100000	0	64982381
400000	13137584	7200000	0	64844008
400000	13320048	7300000	0	65056401
400000	13502512	7400000	0	64856680
400000	13684976	7500000	0	64827667
400000	13867424	7600000	0	64929972
400000	14049888	7700000	0	65691505
400000	14232352	7800000	0	64837226
400000	14414816	7900000	0	64956178
400000	1460080	800000	0	65052101
400000	14597280	8000000	0	64904723
400000	14779728	8100000	0	64964043
400000	14962192	8200000	0	64965478
400000	15144656	8300000	0	65007942
400000	15327120	8400000	0	64870595
400000	15509584	8500000	0	65061453
400000	15692032	8600000	0	64810458
400000	15874496	8700000	0	64822260
400000	16056960	8800000	0	64935263
400000	16239424	8900000	0	65148921
400000	1642544	900000	0	65964381
400000	16421888	9000000	0	64856939
400000	16604352	9100000	0	64994198
400000	16786800	9200000	0	65083290
400000	16969264	9300000	0	64925794
400000	17151728	9400000	0	65056929
400000	17334192	9500000	0	65049575
400000	17516656	9600000	0	64854981
400000	17699104	9700000	0	66883020
400000	17881568	9800000	0	66495703
400000	18064032	9900000	0	65374587
500000	182848	100000	0	85138901
500000	1825008	1000000	0	85260860
500000	18246496	10000000	0	84453548
500000	2007456	1100000	0	84526171
500000	2189920	1200000	0	84070078
500000	2372384	1300000	0	84205615
500000	2554848	1400000	0	84144712
500000	2737312	1500000	0	84103721
500000	2919776	1600000	0	84316801
500000	3102224	1700000	0	84084367
500000	3284688	1800000	0	84125060
500000	3467152	1900000	0	85188529
500000	365312	200000	0	84099700
500000	3649616	2000000	0	84104720
500000	3832080	2100000	0	84341909
500000	4014528	2200000	0	84245074
500000	4196992	2300000	0	84222802
500000	4379456	2400000	0	84174108
500000	4561920	2500000	0	86166655
500000	4744384	2600000	0	84533948
500000	4926832	2700000	0	84155312
500000	5109296	2800000	0	84565645
500000	5291760	2900000	0	84541121
500000	547776	300000	0	84408258
500000	5474224	3000000	0	84321580
500000	5656688	3100000	0	84198565
500000	5839152	3200000	0	84170401
500000	6021600	3300000	0	84263013
500000	6204064	3400000	0	85053279
500000	6386528	3500000	0	84233473
500000	6568992	3600000	0	84527840
500000	6751456	3700000	0	84072911
500000	6933904	3800000	0	84133057
500000	7116368	3900000	0	84049275
500000	730240	400000	0	84588586
500000	7298832	4000000	0	84203747
500000	7481296	4100000	0	84247127
500000	7663760	4200000	0	84112277
500000	7846208	4300000	0	84368702
500000	8028672	4400000	0	84131474
500000	8211136	4500000	0	85367915
500000	8393600	4600000	0	84069890
500000	8576064	4700000	0	84327570
500000	8758528	4800000	0	84730471
500000	8940976	4900000	0	84354931
500000	912704	500000	0	84490983
500000	9123440	5000000	0	84093541
500000	9305904	5100000	0	84326215
500000	9488368	5200000	0	84117545
500000	9670832	5300000	0	84564387
500000	9853280	5400000	0	84229101
500000	10035744	5500000	0	84348786
500000	10218208	5600000	0	85559960
500000	10400672	5700000	0	84175685
500000	10583136	5800000	0	84321099
500000	10765584	5900000	0	84297246
500000	1095152	600000	0	84076895
500000	10948048	6000000	0	84097192
500000	11130512	6100000	0	85015778
500000	11312976	6200000	0	84093438
500000	11495440	6300000	0	84126362
500000	11677904	6400000	0	84341144
500000	11860352	6500000	0	84390492
500000	12042816	6600000	0	84394661
500000	12225280	6700000	0	84127395
500000	12407744	6800000	0	84094965
500000	12590208	6900000	0	84854398
500000	1277616	700000	0	85092547
500000	12772656	7000000	0	84391758
500000	12955120	7100000	0	84208618
500000	13137584	7200000	0	84028848
500000	13320048	7300000	0	84237286
500000	13502512	7400000	0	84175488
500000	13684976	7500000	0	84870817
500000	13867424	7600000	0	84549298
500000	14049888	7700000	0	84550170
500000	14232352	7800000	0	84149863
500000	14414816	7900000	0	84280552
500000	1460080	800000	0	84089143
500000	14597280	8000000	0	84207092
500000	14779728	8100000	0	85031521
500000	14962192	8200000	0	84534113
500000	15144656	8300000	0	84210274
500000	15327120	8400000	0	84284031
500000	15509584	8500000	0	84058813
500000	15692032	8600000	0	84294262
500000	15874496	8700000	0	84416749
500000	16056960	8800000	0	84189843
500000	16239424	8900000	0	84076389
500000	1642544	900000	0	85062611
500000	16421888	9000000	0	84454695
500000	16604352	9100000	0	84170779
500000	16786800	9200000	0	84425355
500000	16969264	9300000	0	84352038
500000	17151728	9400000	0	84103027
500000	17334192	9500000	0	84306093
500000	17516656	9600000	0	84186130
500000	17699104	9700000	0	84192532
500000	17881568	9800000	0	84127634
500000	18064032	9900000	0	84255899
600000	182848	100000	0	104224166
600000	1825008	1000000	0	104272104
600000	18246496	10000000	0	104648682
600000	2007456	1100000	0	104343032
600000	2189920	1200000	0	104545793
600000	2372384	1300000	0	104552611
600000	2554848	1400000	0	104504954
600000	2737312	1500000	0	104383982
600000	2919776	1600000	0	104392866
600000	3102224	1700000	0	104594237
600000	3284688	1800000	0	104308154
600000	3467152	1900000	0	104246434
600000	365312	200000	0	104386088
600000	3649616	2000000	0	104406755
600000	3832080	2100000	0	104440684
600000	4014528	2200000	0	104313331
600000	4196992	2300000	0	104680211
600000	4379456	2400000	0	104418965
600000	4561920	2500000	0	104343484
600000	4744384	2600000	0	104335491
600000	4926832	2700000	0	104782402
600000	5109296	2800000	0	104422613
600000	5291760	2900000	0	105443236
600000	547776	300000	0	104333914
600000	5474224	3000000	0	104353938
600000	5656688	3100000	0	104632548
600000	5839152	3200000	0	104322802
600000	6021600	3300000	0	104434376
600000	6204064	3400000	0	104312667
600000	6386528	3500000	0	104679101
600000	6568992	3600000	0	104464765
600000	6751456	3700000	0	104301848
600000	6933904	3800000	0	104667187
600000	7116368	3900000	0	104467809
600000	730240	400000	0	104327941
600000	7298832	4000000	0	104475522
600000	7481296	4100000	0	104258873
600000	7663760	4200000	0	104492429
600000	7846208	4300000	0	104380596
600000	8028672	4400000	0	104565707
600000	8211136	4500000	0	104541558
600000	8393600	4600000	0	104213038
600000	8576064	4700000	0	104604810
600000	8758528	4800000	0	104324111
600000	8940976	4900000	0	104290255
600000	912704	500000	0	104295566
600000	9123440	5000000	0	104352523
600000	9305904	5100000	0	104450405
600000	9488368	5200000	0	104663501
600000	9670832	5300000	0	104667111
600000	9853280	5400000	0	104309494
600000	10035744	5500000	0	104453304
600000	10218208	5600000	0	104303008
600000	10400672	5700000	0	106403818
600000	10583136	5800000	0	105139318
600000	10765584	5900000	0	104574100
600000	1095152	600000	0	104335759
600000	10948048	6000000	0	104592016
600000	11130512	6100000	0	104651834
600000	11312976	6200000	0	104441969
600000	11495440	6300000	0	104482893
600000	11677904	6400000	0	104614211
600000	11860352	6500000	0	104525909
600000	12042816	6600000	0	105243017
600000	12225280	6700000	0	104733107
600000	12407744	6800000	0	104585746
600000	12590208	6900000	0	104532355
600000	1277616	700000	0	106495086
600000	12772656	7000000	0	106362494
600000	12955120	7100000	0	104667824
600000	13137584	7200000	0	106124872
600000	13320048	7300000	0	104218843
600000	13502512	7400000	0	104267526
600000	13684976	7500000	0	104651575
600000	13867424	7600000	0	104360126
600000	14049888	7700000	0	104800360
600000	14232352	7800000	0	104733801
600000	14414816	7900000	0	104217377
600000	1460080	800000	0	104824180
600000	14597280	8000000	0	104436765
600000	14779728	8100000	0	104488970
600000	14962192	8200000	0	104547784
600000	15144656	8300000	0	104549914
600000	15327120	8400000	0	105948327
600000	15509584	8500000	0	104361377
600000	15692032	8600000	0	105146432
600000	15874496	8700000	0	104627972
600000	16056960	8800000	0	105079129
600000	16239424	8900000	0	104416406
600000	1642544	900000	0	104430640
600000	16421888	9000000	0	104418865
600000	16604352	9100000	0	104583174
600000	16786800	9200000	0	104405181
600000	16969264	9300000	0	104687679
600000	17151728	9400000	0	104312900
600000	17334192	9500000	0	104451634
600000	17516656	9600000	0	104543804
600000	17699104	9700000	0	104344695
600000	17881568	9800000	0	104787371
600000	18064032	9900000	0	104389378
700000	182848	100000	0	125196211
700000	1825008	1000000	0	125293017
700000	18246496	10000000	0	127189076
700000	2007456	1100000	0	124851918
700000	2189920	1200000	0	126006122
700000	2372384	1300000	0	124904766
700000	2554848	1400000	0	125229942
700000	2737312	1500000	0	125255080
700000	2919776	1600000	0	125354217
700000	3102224	1700000	0	125225587
700000	3284688	1800000	0	125025272
700000	3467152	1900000	0	124975432
700000	365312	200000	0	125327321
700000	3649616	2000000	0	124916410
700000	3832080	2100000	0	126110817
700000	4014528	2200000	0	125052855
700000	4196992	2300000	0	125034311
700000	4379456	2400000	0	126060680
700000	4561920	2500000	0	124959637
700000	4744384	2600000	0	125369724
700000	4926832	2700000	0	125058686
700000	5109296	2800000	0	125109316
700000	5291760	2900000	0	124971872
700000	547776	300000	0	125241324
700000	5474224	3000000	0	125487222
700000	5656688	3100000	0	125340151
700000	5839152	3200000	0	125208615
700000	6021600	3300000	0	125159815
700000	6204064	3400000	0	125248774
700000	6386528	3500000	0	125199724
700000	6568992	3600000	0	125162391
700000	6751456	3700000	0	125205502
700000	6933904	3800000	0	125174873
700000	7116368	3900000	0	125066106
700000	730240	400000	0	125199945
700000	7298832	4000000	0	125175805
700000	7481296	4100000	0	124898745
700000	7663760	4200000	0	124860433
700000	7846208	4300000	0	125221823
700000	8028672	4400000	0	124981547
700000	8211136	4500000	0	125026692
700000	8393600	4600000	0	125210065
700000	8576064	4700000	0	125380784
700000	8758528	4800000	0	124821283
700000	8940976	4900000	0	127027923
700000	912704	500000	0	125068683
700000	9123440	5000000	0	125134647
700000	9305904	5100000	0	125164270
700000	9488368	5200000	0	125073111
700000	9670832	5300000	0	125091790
700000	9853280	5400000	0	125845975
700000	10035744	5500000	0	124961982
700000	10218208	5600000	0	125543535
700000	10400672	5700000	0	126380559
700000	10583136	5800000	0	125202429
700000	10765584	5900000	0	125083863
700000	1095152	600000	0	125333275
700000	10948048	6000000	0	125207930
700000	11130512	6100000	0	125378903
700000	11312976	6200000	0	125096396
700000	11495440	6300000	0	125005586
700000	11677904	6400000	0	124963494
700000	11860352	6500000	0	124898489
700000	12042816	6600000	0	124901810
700000	12225280	6700000	0	125751724
700000	12407744	6800000	0	124952270
700000	12590208	6900000	0	125301188
700000	1277616	700000	0	125063944
700000	12772656	7000000	0	125058871
700000	12955120	7100000	0	125007694
700000	13137584	7200000	0	125253556
700000	13320048	7300000	0	126996033
700000	13502512	7400000	0	125121571
700000	13684976	7500000	0	124991454
700000	13867424	7600000	0	125146139
700000	14049888	7700000	0	125093891
700000	14232352	7800000	0	125246886
700000	14414816	7900000	0	125353956
700000	1460080	800000	0	125341263
700000	14597280	8000000	0	124984066
700000	14779728	8100000	0	125092321
700000	14962192	8200000	0	124951925
700000	15144656	8300000	0	125134311
700000	15327120	8400000	0	125146996
700000	15509584	8500000	0	125267927
700000	15692032	8600000	0	124926408
700000	15874496	8700000	0	124951034
700000	16056960	8800000	0	125289267
700000	16239424	8900000	0	125199392
700000	1642544	900000	0	125203813
700000	16421888	9000000	0	124927131
700000	16604352	9100000	0	124924908
700000	16786800	9200000	0	125029053
700000	16969264	9300000	0	124906081
700000	17151728	9400000	0	125243887
700000	17334192	9500000	0	127137772
700000	17516656	9600000	0	125205665
700000	17699104	9700000	0	124935432
700000	17881568	9800000	0	125090631
700000	18064032	9900000	0	125305169
800000	182848	100000	0	146426820
800000	1825008	1000000	0	146426163
800000	18246496	10000000	0	146226149
800000	2007456	1100000	0	146660602
800000	2189920	1200000	0	147324907
800000	2372384	1300000	0	146424959
800000	2554848	1400000	0	148089462
800000	2737312	1500000	0	146475981
800000	2919776	1600000	0	146382131
800000	3102224	1700000	0	146206046
800000	3284688	1800000	0	147495644
800000	3467152	1900000	0	146503371
800000	365312	200000	0	146395116
800000	3649616	2000000	0	146298776
800000	3832080	2100000	0	146335002
800000	4014528	2200000	0	146468899
800000	4196992	2300000	0	146272600
800000	4379456	2400000	0	146569032
800000	4561920	2500000	0	146269274
800000	4744384	2600000	0	147067440
800000	4926832	2700000	0	146357193
800000	5109296	2800000	0	146415280
800000	5291760	2900000	0	146699660
800000	547776	300000	0	146417570
800000	5474224	3000000	0	146670759
800000	5656688	3100000	0	146289396
800000	5839152	3200000	0	146682754
800000	6021600	3300000	0	146741231
800000	6204064	3400000	0	146434595
800000	6386528	3500000	0	146288670
800000	6568992	3600000	0	146686328
800000	6751456	3700000	0	146283951
800000	6933904	3800000	0	147122746
800000	7116368	3900000	0	146428678
800000	730240	400000	0	146252899
800000	7298832	4000000	0	146330742
800000	7481296	4100000	0	146753152
800000	7663760	4200000	0	146453453
800000	7846208	4300000	0	146197678
800000	8028672	4400000	0	146269704
800000	8211136	4500000	0	146632657
800000	8393600	4600000	0	146539072
800000	8576064	4700000	0	146336717
800000	8758528	4800000	0	146322982
800000	8940976	4900000	0	146119296
800000	912704	500000	0	146462116
800000	9123440	5000000	0	146526061
800000	9305904	5100000	0	146565877
800000	9488368	5200000	0	146399102
800000	9670832	5300000	0	146372092
800000	9853280	5400000	0	146177174
800000	10035744	5500000	0	146499624
800000	10218208	5600000	0	146346197
800000	10400672	5700000	0	146796496
800000	10583136	5800000	0	146461206
800000	10765584	5900000	0	146331426
800000	1095152	600000	0	146371797
800000	10948048	6000000	0	146481194
800000	11130512	6100000	0	146291755
800000	11312976	6200000	0	148196712
800000	11495440	6300000	0	146286149
800000	11677904	6400000	0	146472502
800000	11860352	6500000	0	146338932
800000	12042816	6600000	0	146147944
800000	12225280	6700000	0	146259313
800000	12407744	6800000	0	146360572
800000	12590208	6900000	0	146434875
800000	1277616	700000	0	146119277
800000	12772656	7000000	0	146216000
800000	12955120	7100000	0	146455617
800000	13137584	7200000	0	146223959
800000	13320048	7300000	0	146406344
800000	13502512	7400000	0	147373900
800000	13684976	7500000	0	146781669
800000	13867424	7600000	0	146417349
800000	14049888	7700000	0	146317788
800000	14232352	7800000	0	146319448
800000	14414816	7900000	0	146521624
800000	1460080	800000	0	146078279
800000	14597280	8000000	0	146570734
800000	14779728	8100000	0	146414925
800000	14962192	8200000	0	146301738
800000	15144656	8300000	0	146404107
800000	15327120	8400000	0	146480565
800000	15509584	8500000	0	146454071
800000	15692032	8600000	0	146510154
800000	15874496	8700000	0	146382700
800000	16056960	8800000	0	146933413
800000	16239424	8900000	0	146618583
800000	1642544	900000	0	146321714
800000	16421888	9000000	0	146174311
800000	16604352	9100000	0	146424345
800000	16786800	9200000	0	146440833
800000	16969264	9300000	0	146436291
800000	17151728	9400000	0	146386768
800000	17334192	9500000	0	146231657
800000	17516656	9600000	0	146474948
800000	17699104	9700000	0	146427918
800000	17881568	9800000	0	146217260
800000	18064032	9900000	0	146614819
900000	182848	100000	0	168298512
900000	1825008	1000000	0	168463312
900000	18246496	10000000	0	169239287
900000	2007456	1100000	0	169432079
900000	2189920	1200000	0	167996024
900000	2372384	1300000	0	168053021
900000	2554848	1400000	0	168141415
900000	2737312	1500000	0	168420776
900000	2919776	1600000	0	168489429
900000	3102224	1700000	0	168224594
900000	3284688	1800000	0	168244334
900000	3467152	1900000	0	168301169
900000	365312	200000	0	168227911
900000	3649616	2000000	0	168159457
900000	3832080	2100000	0	169824969
900000	4014528	2200000	0	168466107
900000	4196992	2300000	0	168353924
900000	4379456	2400000	0	168369070
900000	4561920	2500000	0	168070999
900000	4744384	2600000	0	168505921
900000	4926832	2700000	0	168418964
900000	5109296	2800000	0	168380169
900000	5291760	2900000	0	168227170
900000	547776	300000	0	168450831
900000	5474224	3000000	0	168145813
900000	5656688	3100000	0	168306657
900000	5839152	3200000	0	168604812
900000	6021600	3300000	0	168117686
900000	6204064	3400000	0	168333492
900000	6386528	3500000	0	168309910
900000	6568992	3600000	0	170229099
900000	6751456	3700000	0	168402659
900000	6933904	3800000	0	168525583
900000	7116368	3900000	0	168302884
900000	730240	400000	0	168130452
900000	7298832	4000000	0	168042504
900000	7481296	4100000	0	168492322
900000	7663760	4200000	0	168434718
900000	7846208	4300000	0	168057715
900000	8028672	4400000	0	168265034
900000	8211136	4500000	0	168305494
900000	8393600	4600000	0	168330118
900000	8576064	4700000	0	168264426
900000	8758528	4800000	0	168256163
900000	8940976	4900000	0	168240047
900000	912704	500000	0	168324098
900000	9123440	5000000	0	168221274
900000	9305904	5100000	0	168058256
900000	9488368	5200000	0	168169629
900000	9670832	5300000	0	170437976
900000	9853280	5400000	0	169963289
900000	10035744	5500000	0	169665243
900000	10218208	5600000	0	169390395
900000	10400672	5700000	0	169492206
900000	10583136	5800000	0	169226218
900000	10765584	5900000	0	169891236
900000	1095152	600000	0	168600289
900000	10948048	6000000	0	169333757
900000	11130512	6100000	0	169477551
900000	11312976	6200000	0	169122004
900000	11495440	6300000	0	169228814
900000	11677904	6400000	0	169211260
900000	11860352	6500000	0	169603565
900000	12042816	6600000	0	169150447
900000	12225280	6700000	0	169317864
900000	12407744	6800000	0	169331578
900000	12590208	6900000	0	171333551
900000	1277616	700000	0	169210472
900000	12772656	7000000	0	169327930
900000	12955120	7100000	0	169566261
900000	13137584	7200000	0	169437567
900000	13320048	7300000	0	169588630
900000	13502512	7400000	0	169399754
900000	13684976	7500000	0	169527279
900000	13867424	7600000	0	169702830
900000	14049888	7700000	0	169294227
900000	14232352	7800000	0	169416877
900000	14414816	7900000	0	169377163
900000	1460080	800000	0	168162182
900000	14597280	8000000	0	170066961
900000	14779728	8100000	0	169726521
900000	14962192	8200000	0	169375218
900000	15144656	8300000	0	169398800
900000	15327120	8400000	0	169439163
900000	15509584	8500000	0	169606607
900000	15692032	8600000	0	171434723
900000	15874496	8700000	0	171024533
900000	16056960	8800000	0	169357341
900000	16239424	8900000	0	169508551
900000	1642544	900000	0	168081633
900000	16421888	9000000	0	169107944
900000	16604352	9100000	0	169377610
900000	16786800	9200000	0	169642351
900000	16969264	9300000	0	169263187
900000	17151728	9400000	0	169468653
900000	17334192	9500000	0	170387600
900000	17516656	9600000	0	169423968
900000	17699104	9700000	0	169322594
900000	17881568	9800000	0	169175714
900000	18064032	9900000	0	169709661
