1000	2415	1856	159527	48140
2000	2199	1692	18719	12800
3000	854	599	12921	12638
4000	597	415	705	1995
5000	234	278	380	3186
6000	236	273	607	1291
7000	311	1137	417	1285
8000	338	308	408	2502
9000	268	351	576	2244
10000	298	390	566	1919
11000	172	252	311	2124
12000	156	234	1190	1196
13000	260	293	293	1160
14000	277	259	436	1618
15000	177	210	391	1916
16000	258	258	298	1177
17000	153	277	303	1167
18000	145	244	299	1160
19000	270	385	373	1260
20000	211	307	472	1705
21000	182	274	445	1648
22000	154	227	299	1157
23000	155	233	311	1169
24000	159	239	304	1168
25000	337	875	319	1186
26000	293	370	314	1175
27000	323	342	350	1204
28000	386	440	513	1814
29000	332	391	462	1665
30000	269	293	299	1159
31000	348	444	327	1292
32000	271	290	303	1147
33000	175	322	306	1165
34000	228	391	350	1211
35000	164	297	299	1152
36000	169	308	314	1160
37000	202	339	430	1550
38000	210	324	471	1659
39000	206	304	333	1836
40000	182	300	311	1218
41000	180	291	314	1170
42000	195	272	317	1170
43000	198	297	321	1168
44000	181	275	308	1168
45000	174	282	312	1162
46000	183	276	319	1174
47000	189	275	315	1186
48000	212	291	383	1420
49000	262	331	497	1690
50000	369	448	464	1673
51000	334	393	306	1168
52000	323	392	308	1161
53000	334	393	311	1178
54000	318	380	305	1159
55000	316	375	304	1161
56000	315	371	305	1161
57000	311	378	309	1166
58000	315	360	300	1168
59000	318	367	312	1164
60000	311	353	305	1153
61000	313	348	302	1159
62000	356	410	487	1734
63000	378	464	488	1683
64000	428	419	528	1854
65000	299	333	306	1160
66000	252	410	353	1307
67000	204	374	316	1306
68000	225	370	351	1208
69000	237	403	412	1263
70000	194	350	318	1183
71000	191	334	307	1157
72000	222	341	599	1201
73000	198	338	305	1160
74000	199	348	319	1174
75000	219	351	325	1186
76000	205	333	310	1159
77000	199	324	307	1176
78000	219	354	330	1194
79000	241	361	466	1678
80000	233	324	410	1705
81000	196	312	305	1152
82000	203	314	307	1162
83000	227	335	329	1222
84000	205	310	306	1159
85000	207	324	314	1191
86000	212	315	328	1193
87000	204	301	306	1159
88000	224	320	326	1187
89000	214	307	314	1177
90000	206	301	308	1162
91000	428	419	647	1753
92000	238	357	377	1275
93000	229	317	424	1430
94000	201	246	533	1168
95000	208	294	312	1166
96000	216	296	314	1163
97000	235	319	335	1221
98000	209	285	311	1160
99000	376	479	321	1183
100000	356	430	309	1163
