1000	1483	1547	20182	17222	19868
2000	1114	1081	7199	16358	6092
3000	883	673	749	8702	471
4000	438	453	396	6263	362
5000	293	384	409	1528	335
6000	312	356	439	2785	350
7000	355	529	381	1491	414
8000	441	349	392	1694	363
9000	419	392	515	4769	541
10000	279	241	256	1418	276
11000	265	466	250	2109	1007
12000	329	918	296	1600	294
13000	254	258	379	2296	397
14000	193	167	267	1329	259
15000	240	251	244	1324	258
16000	217	218	243	2023	261
17000	264	273	249	1354	259
18000	272	277	327	1833	332
19000	264	273	393	2312	404
20000	207	192	274	1988	271
21000	276	278	244	1384	262
22000	265	279	247	1348	255
23000	245	243	260	1863	257
24000	277	296	251	1345	259
25000	272	280	247	1364	260
26000	276	284	405	2297	405
27000	269	285	819	2161	382
28000	287	296	264	1357	282
29000	265	276	241	1334	259
30000	273	280	246	1338	261
31000	251	256	254	1826	261
32000	277	288	248	1332	262
33000	272	284	244	1353	269
34000	330	305	266	1384	289
35000	285	298	388	2335	415
36000	274	284	343	1909	792
37000	279	295	247	1341	268
38000	290	309	273	1353	280
39000	401	410	359	1529	354
40000	321	333	284	1450	354
41000	243	260	271	1341	272
42000	265	307	253	1353	273
43000	263	298	249	1331	265
44000	262	307	247	1326	272
45000	293	311	401	2349	409
46000	301	319	396	2288	429
47000	264	275	296	2077	312
48000	265	304	255	1330	269
49000	267	305	251	1329	268
50000	257	293	241	1324	265
51000	277	303	255	1341	275
52000	262	302	252	1332	270
53000	266	287	254	1350	280
54000	261	299	249	1336	270
55000	262	298	253	1322	265
56000	272	315	266	1342	279
57000	262	302	251	1329	269
58000	288	309	380	2268	412
59000	309	318	388	2283	414
60000	294	314	386	2722	408
61000	275	313	256	1342	279
62000	263	300	250	1324	266
63000	266	301	249	1312	271
64000	277	316	259	1334	274
65000	272	309	247	1330	271
66000	270	304	247	1309	269
67000	279	305	252	1333	774
68000	273	307	249	1334	275
69000	273	311	249	1326	270
70000	273	307	251	1320	267
71000	270	307	251	1330	271
72000	282	318	258	1335	277
73000	279	315	254	1320	270
74000	305	320	391	2266	418
75000	264	270	276	1336	278
76000	273	312	252	1332	273
77000	275	314	249	1324	272
78000	278	316	254	1334	274
79000	275	316	250	1328	273
80000	278	317	252	1323	273
81000	286	327	262	1331	281
82000	277	308	261	1312	284
83000	285	326	265	1330	280
84000	280	319	252	1331	279
85000	284	323	258	1317	279
86000	285	322	251	1326	276
87000	283	320	256	1330	277
88000	271	285	273	1329	279
89000	278	321	256	1328	278
90000	283	324	249	1328	278
91000	286	326	252	1341	282
92000	285	324	254	1322	277
93000	288	328	256	1331	280
94000	285	315	258	1328	284
95000	285	327	258	1330	283
96000	290	332	254	1322	280
97000	290	334	261	1333	289
98000	290	332	258	1317	286
99000	283	281	284	1339	290
100000	272	311	257	1329	283
