1000	2338	2389	22104	37097	138993
2000	2276	2368	15656	15174	14899
3000	858	854	6421	13406	7006
4000	431	1455	2278	13296	3172
5000	279	355	561	2484	394
6000	293	361	360	1845	423
7000	273	326	339	2310	399
8000	363	402	389	1578	415
9000	299	384	354	1384	393
10000	308	325	368	2344	456
11000	312	389	371	2236	526
12000	240	205	255	1956	349
13000	375	410	271	1473	329
14000	308	428	376	1760	429
15000	198	274	691	1436	369
16000	228	268	257	1230	308
17000	171	312	260	1260	316
18000	158	281	494	1317	315
19000	158	277	258	1235	313
20000	192	303	318	1447	388
21000	201	322	406	1875	451
22000	205	255	355	1633	1174
23000	151	234	251	1216	302
24000	188	273	270	1248	328
25000	320	385	250	1211	310
26000	316	389	261	1341	312
27000	287	356	254	1218	311
28000	333	390	263	1333	316
29000	318	396	349	1544	411
30000	343	412	407	1728	461
31000	338	394	403	1709	466
32000	289	346	263	1391	317
33000	193	368	266	1286	325
34000	205	377	284	1262	339
35000	190	344	259	1224	314
36000	192	338	263	1228	317
37000	193	311	260	1330	319
38000	191	341	261	1226	314
39000	189	322	263	1226	316
40000	186	313	259	1223	315
41000	211	337	325	1431	379
42000	251	363	419	1733	463
43000	244	355	1025	1695	468
44000	184	303	258	1223	316
45000	203	330	269	1256	323
46000	205	335	264	1243	326
47000	195	309	266	1235	320
48000	206	298	263	1242	319
49000	200	308	264	1945	538
50000	361	455	278	1275	341
51000	339	438	264	1227	322
52000	338	423	261	1218	317
53000	356	440	265	1255	330
54000	332	409	264	1236	320
55000	378	447	385	1652	438
56000	389	462	414	1719	470
57000	385	442	392	1675	471
58000	328	408	462	1247	324
59000	333	388	270	1231	318
60000	336	390	267	1249	334
61000	328	393	270	1244	331
62000	324	389	264	1240	318
63000	316	381	262	1230	323
64000	321	385	265	1237	323
65000	296	328	289	1383	319
66000	210	389	272	1250	327
67000	218	398	273	1264	339
68000	201	378	260	1225	321
69000	245	375	270	1264	329
70000	208	370	265	1237	324
71000	224	390	308	1369	366
72000	254	418	417	1691	470
73000	246	408	397	1677	456
74000	243	413	399	1680	465
75000	216	331	301	1531	354
76000	228	369	278	1258	339
77000	211	360	260	1236	319
78000	216	361	266	1241	325
79000	220	360	268	1249	328
80000	229	366	278	1247	339
81000	213	350	263	1234	326
82000	214	351	267	1234	341
83000	214	343	268	1234	326
84000	235	320	399	1256	332
85000	226	356	276	1373	335
86000	219	344	266	1232	327
87000	220	345	264	1234	323
88000	224	340	267	1237	325
89000	232	357	278	1259	336
90000	220	338	265	1241	325
91000	228	340	265	1263	327
92000	254	377	374	1581	429
93000	265	388	416	1718	472
94000	266	375	413	1716	473
95000	261	374	406	1684	462
96000	246	371	376	1925	439
97000	227	351	264	1238	326
98000	227	329	276	1244	328
99000	385	486	277	1252	342
100000	371	477	269	1235	333
