1000	1370	1415	22654	16753
2000	1081	1248	14596	15136
3000	491	599	5674	4324
4000	309	920	537	4559
5000	246	307	454	2604
6000	236	343	377	1605
7000	284	310	416	1731
8000	438	333	1576	2889
9000	309	390	468	2054
10000	280	313	480	3093
11000	181	257	327	1459
12000	177	270	372	2076
13000	147	229	305	2165
14000	151	252	421	2479
15000	201	262	375	2108
16000	368	1237	401	1507
17000	210	299	304	2329
18000	249	363	375	1545
19000	186	289	343	3169
20000	177	294	458	2417
21000	206	252	362	2353
22000	174	310	283	1422
23000	186	300	299	1409
24000	162	285	318	1463
25000	169	249	294	1351
26000	162	274	274	1364
27000	167	275	285	1377
28000	178	295	427	2436
29000	220	264	350	2259
30000	215	334	328	1430
31000	160	273	272	1357
32000	169	281	292	1382
33000	193	243	315	2134
34000	174	279	274	1379
35000	174	284	280	1366
36000	174	286	275	1359
37000	191	307	442	2434
38000	189	300	444	2401
39000	188	281	318	1397
40000	181	295	286	1347
41000	210	360	318	1406
42000	180	308	280	1362
43000	196	290	282	1846
44000	179	304	285	1396
45000	179	305	278	1382
46000	244	375	364	1443
47000	183	310	325	1377
48000	204	507	474	2603
49000	210	339	461	2426
50000	229	266	345	2241
51000	189	295	285	1357
52000	183	326	288	1360
53000	196	301	286	1364
54000	183	289	275	1344
55000	188	320	288	1370
56000	259	285	318	1916
57000	182	296	286	1357
58000	184	304	279	1357
59000	188	303	281	1350
60000	187	304	315	1397
61000	187	306	309	1530
62000	191	311	446	2355
63000	192	307	426	2345
64000	212	299	388	2536
65000	215	330	303	1391
66000	196	303	283	1336
67000	197	307	282	1353
68000	215	324	297	1363
69000	195	300	275	1346
70000	196	306	285	1349
71000	215	323	298	1371
72000	223	273	309	1340
73000	196	307	280	1345
74000	212	326	307	1354
75000	194	308	279	1340
76000	193	306	284	1347
77000	194	307	279	1344
78000	196	311	293	1411
79000	216	334	453	2367
80000	223	280	310	1342
81000	194	310	283	1343
82000	193	313	282	1339
83000	199	316	293	1350
84000	208	340	304	1363
85000	193	313	287	1325
86000	199	320	289	1357
87000	251	274	315	1779
88000	195	316	286	1349
89000	194	318	288	1347
90000	194	322	291	1350
91000	219	360	346	1431
92000	194	321	289	1345
93000	217	350	337	1410
94000	221	303	327	1353
95000	223	360	352	1440
96000	228	379	376	1503
97000	207	334	302	1358
98000	196	322	289	1340
99000	212	321	307	1366
100000	262	277	324	1355