1000000	182848	100000	0	211635780
1000000	1825008	1000000	0	214758538
1000000	18246496	10000000	0	213159852
1000000	2007456	1100000	0	213336182
1000000	2189920	1200000	0	211509969
1000000	2372384	1300000	0	211395706
1000000	2554848	1400000	0	214792570
1000000	2737312	1500000	0	212802150
1000000	2919776	1600000	0	213863329
1000000	3102224	1700000	0	212754895
1000000	3284688	1800000	0	212398946
1000000	3467152	1900000	0	212394871
1000000	365312	200000	0	212563958
1000000	3649616	2000000	0	214010876
1000000	3832080	2100000	0	212857168
1000000	4014528	2200000	0	212352352
1000000	4196992	2300000	0	212423159
1000000	4379456	2400000	0	212483085
1000000	4561920	2500000	0	214981178
1000000	4744384	2600000	0	212306345
1000000	4926832	2700000	0	212072030
1000000	5109296	2800000	0	213190937
1000000	5291760	2900000	0	213442862
1000000	547776	300000	0	211666842
1000000	5474224	3000000	0	211869921
1000000	5656688	3100000	0	212147755
1000000	5839152	3200000	0	213007059
1000000	6021600	3300000	0	212926890
1000000	6204064	3400000	0	211804586
1000000	6386528	3500000	0	212416076
1000000	6568992	3600000	0	213905003
1000000	6751456	3700000	0	213273339
1000000	6933904	3800000	0	212287809
1000000	7116368	3900000	0	212706555
1000000	730240	400000	0	213806069
1000000	7298832	4000000	0	213380099
1000000	7481296	4100000	0	214721291
1000000	7663760	4200000	0	212205536
1000000	7846208	4300000	0	210513726
1000000	8028672	4400000	0	211520215
1000000	8211136	4500000	0	214902033
1000000	8393600	4600000	0	211342683
1000000	8576064	4700000	0	211774724
1000000	8758528	4800000	0	212099144
1000000	8940976	4900000	0	210948211
1000000	912704	500000	0	211651462
1000000	9123440	5000000	0	211609545
1000000	9305904	5100000	0	211585296
1000000	9488368	5200000	0	210967253
1000000	9670832	5300000	0	214491009
1000000	9853280	5400000	0	211968483
1000000	10035744	5500000	0	211985071
1000000	10218208	5600000	0	211222748
1000000	10400672	5700000	0	212707280
1000000	10583136	5800000	0	212213298
1000000	10765584	5900000	0	211946350
1000000	1095152	600000	0	213213151
1000000	10948048	6000000	0	212078147
1000000	11130512	6100000	0	212528350
1000000	11312976	6200000	0	212436922
1000000	11495440	6300000	0	213099571
1000000	11677904	6400000	0	211823390
1000000	11860352	6500000	0	213821727
1000000	12042816	6600000	0	212543251
1000000	12225280	6700000	0	212715960
1000000	12407744	6800000	0	213117167
1000000	12590208	6900000	0	212472772
1000000	1277616	700000	0	212202209
1000000	12772656	7000000	0	214142272
1000000	12955120	7100000	0	212749733
1000000	13137584	7200000	0	212331562
1000000	13320048	7300000	0	213002602
1000000	13502512	7400000	0	214284300
1000000	13684976	7500000	0	213288787
1000000	13867424	7600000	0	213646514
1000000	14049888	7700000	0	214053702
1000000	14232352	7800000	0	214817079
1000000	14414816	7900000	0	213882995
1000000	1460080	800000	0	214439655
1000000	14597280	8000000	0	214525815
1000000	14779728	8100000	0	213624105
1000000	14962192	8200000	0	213122848
1000000	15144656	8300000	0	212542492
1000000	15327120	8400000	0	215595980
1000000	15509584	8500000	0	214075723
1000000	15692032	8600000	0	213351046
1000000	15874496	8700000	0	211829908
1000000	16056960	8800000	0	215095735
1000000	16239424	8900000	0	211981925
1000000	1642544	900000	0	211034321
1000000	16421888	9000000	0	212482424
1000000	16604352	9100000	0	212717838
1000000	16786800	9200000	0	211742666
1000000	16969264	9300000	0	212390344
1000000	17151728	9400000	0	212019376
1000000	17334192	9500000	0	212457921
1000000	17516656	9600000	0	213458376
1000000	17699104	9700000	0	212122581
1000000	17881568	9800000	0	212513213
1000000	18064032	9900000	0	212395581
100000	182848	100000	0	16977589
100000	1825008	1000000	0	17749443
100000	18246496	10000000	0	15885569
100000	2007456	1100000	0	17357825
100000	2189920	1200000	0	16153173
100000	2372384	1300000	0	16767127
100000	2554848	1400000	0	17388121
100000	2737312	1500000	0	17351585
100000	2919776	1600000	0	16323927
100000	3102224	1700000	0	18359218
100000	3284688	1800000	0	18543900
100000	3467152	1900000	0	16608799
100000	365312	200000	0	16764806
100000	3649616	2000000	0	19271788
100000	3832080	2100000	0	17400505
100000	4014528	2200000	0	16689186
100000	4196992	2300000	0	16064754
100000	4379456	2400000	0	18114452
100000	4561920	2500000	0	18651621
100000	4744384	2600000	0	17333025
100000	4926832	2700000	0	16147307
100000	5109296	2800000	0	17383382
100000	5291760	2900000	0	16813334
100000	547776	300000	0	16732870
100000	5474224	3000000	0	16786220
100000	5656688	3100000	0	16177217
100000	5839152	3200000	0	17490040
100000	6021600	3300000	0	17414022
100000	6204064	3400000	0	16740818
100000	6386528	3500000	0	16329433
100000	6568992	3600000	0	17433195
100000	6751456	3700000	0	16465916
100000	6933904	3800000	0	17624472
100000	7116368	3900000	0	17733023
100000	730240	400000	0	17361169
100000	7298832	4000000	0	16559359
100000	7481296	4100000	0	17226532
100000	7663760	4200000	0	17620066
100000	7846208	4300000	0	16683843
100000	8028672	4400000	0	16509478
100000	8211136	4500000	0	16707358
100000	8393600	4600000	0	16853318
100000	8576064	4700000	0	16407180
100000	8758528	4800000	0	16698625
100000	8940976	4900000	0	17181578
100000	912704	500000	0	17089319
100000	9123440	5000000	0	16485453
100000	9305904	5100000	0	16860858
100000	9488368	5200000	0	17039085
100000	9670832	5300000	0	17206615
100000	9853280	5400000	0	16390572
100000	10035744	5500000	0	16890998
100000	10218208	5600000	0	16517608
100000	10400672	5700000	0	16506549
100000	10583136	5800000	0	16342100
100000	10765584	5900000	0	16981018
100000	1095152	600000	0	16386652
100000	10948048	6000000	0	16975746
100000	11130512	6100000	0	16812502
100000	11312976	6200000	0	16987416
100000	11495440	6300000	0	16407602
100000	11677904	6400000	0	16493339
100000	11860352	6500000	0	16644714
100000	12042816	6600000	0	16140990
100000	12225280	6700000	0	16779359
100000	12407744	6800000	0	16382433
100000	12590208	6900000	0	16220607
100000	1277616	700000	0	16590033
100000	12772656	7000000	0	16604126
100000	12955120	7100000	0	17072834
100000	13137584	7200000	0	16463258
100000	13320048	7300000	0	16175081
100000	13502512	7400000	0	17120146
100000	13684976	7500000	0	16603601
100000	13867424	7600000	0	16354444
100000	14049888	7700000	0	16129560
100000	14232352	7800000	0	16929415
100000	14414816	7900000	0	16155843
100000	1460080	800000	0	15647306
100000	14597280	8000000	0	16430393
100000	14779728	8100000	0	18880546
100000	14962192	8200000	0	16441408
100000	15144656	8300000	0	16313859
100000	15327120	8400000	0	16087474
100000	15509584	8500000	0	16591721
100000	15692032	8600000	0	16407384
100000	15874496	8700000	0	16600465
100000	16056960	8800000	0	16184827
100000	16239424	8900000	0	16058779
100000	1642544	900000	0	16959092
100000	16421888	9000000	0	16299452
100000	16604352	9100000	0	16412417
100000	16786800	9200000	0	16252108
100000	16969264	9300000	0	17017030
100000	17151728	9400000	0	16634204
100000	17334192	9500000	0	16463067
100000	17516656	9600000	0	15812176
100000	17699104	9700000	0	16950475
100000	17881568	9800000	0	16545514
100000	18064032	9900000	0	16400270
200000	182848	100000	0	34022658
200000	1825008	1000000	0	33273144
200000	18246496	10000000	0	33217495
200000	2007456	1100000	0	33000186
200000	2189920	1200000	0	33218363
200000	2372384	1300000	0	32801918
200000	2554848	1400000	0	32592193
200000	2737312	1500000	0	33188190
200000	2919776	1600000	0	32917462
200000	3102224	1700000	0	32508821
200000	3284688	1800000	0	32732336
200000	3467152	1900000	0	33250357
200000	365312	200000	0	34907432
200000	3649616	2000000	0	32840678
200000	3832080	2100000	0	32695180
200000	4014528	2200000	0	32883729
200000	4196992	2300000	0	33295626
200000	4379456	2400000	0	32793716
200000	4561920	2500000	0	33054755
200000	4744384	2600000	0	32700507
200000	4926832	2700000	0	33169549
200000	5109296	2800000	0	33041122
200000	5291760	2900000	0	33148830
200000	547776	300000	0	33967630
200000	5474224	3000000	0	32836560
200000	5656688	3100000	0	33203679
200000	5839152	3200000	0	33104402
200000	6021600	3300000	0	33090519
200000	6204064	3400000	0	32986157
200000	6386528	3500000	0	33217617
200000	6568992	3600000	0	33629709
200000	6751456	3700000	0	33103307
200000	6933904	3800000	0	32610931
200000	7116368	3900000	0	32664117
200000	730240	400000	0	34739473
200000	7298832	4000000	0	33431866
200000	7481296	4100000	0	33523973
200000	7663760	4200000	0	32852176
200000	7846208	4300000	0	32787579
200000	8028672	4400000	0	32584913
200000	8211136	4500000	0	32514886
200000	8393600	4600000	0	32997759
200000	8576064	4700000	0	34312872
200000	8758528	4800000	0	32933333
200000	8940976	4900000	0	32553254
200000	912704	500000	0	34459744
200000	9123440	5000000	0	33387664
200000	9305904	5100000	0	33635164
200000	9488368	5200000	0	32946807
200000	9670832	5300000	0	32576346
200000	9853280	5400000	0	32677028
200000	10035744	5500000	0	33245537
200000	10218208	5600000	0	34875386
200000	10400672	5700000	0	32567744
200000	10583136	5800000	0	32569152
200000	10765584	5900000	0	33195685
200000	1095152	600000	0	34189103
200000	10948048	6000000	0	32826813
200000	11130512	6100000	0	33212625
200000	11312976	6200000	0	33189097
200000	11495440	6300000	0	33018636
200000	11677904	6400000	0	33216374
200000	11860352	6500000	0	32914445
200000	12042816	6600000	0	33155045
200000	12225280	6700000	0	33010840
200000	12407744	6800000	0	33251321
200000	12590208	6900000	0	33145149
200000	1277616	700000	0	34019470
200000	12772656	7000000	0	33213528
200000	12955120	7100000	0	33432157
200000	13137584	7200000	0	32852050
200000	13320048	7300000	0	32937253
200000	13502512	7400000	0	33198718
200000	13684976	7500000	0	33520348
200000	13867424	7600000	0	33075431
200000	14049888	7700000	0	33336688
200000	14232352	7800000	0	33333586
200000	14414816	7900000	0	33346717
200000	1460080	800000	0	34094567
200000	14597280	8000000	0	33353908
200000	14779728	8100000	0	32927920
200000	14962192	8200000	0	35388726
200000	15144656	8300000	0	32681020
200000	15327120	8400000	0	33677195
200000	15509584	8500000	0	33128615
200000	15692032	8600000	0	33994465
200000	15874496	8700000	0	33027969
200000	16056960	8800000	0	32795087
200000	16239424	8900000	0	33015044
200000	1642544	900000	0	34165360
200000	16421888	9000000	0	33651684
200000	16604352	9100000	0	33950540
200000	16786800	9200000	0	32663714
200000	16969264	9300000	0	35003189
200000	17151728	9400000	0	33343926
200000	17334192	9500000	0	33074867
200000	17516656	9600000	0	33293417
200000	17699104	9700000	0	32848344
200000	17881568	9800000	0	35343053
200000	18064032	9900000	0	32692961
300000	182848	100000	0	53202499
300000	1825008	1000000	0	52429824
300000	18246496	10000000	0	52638320
300000	2007456	1100000	0	53199815
300000	2189920	1200000	0	52730779
300000	2372384	1300000	0	51976943
300000	2554848	1400000	0	52007672
300000	2737312	1500000	0	52609490
300000	2919776	1600000	0	52366823
300000	3102224	1700000	0	51956448
300000	3284688	1800000	0	51827164
300000	3467152	1900000	0	52563153
300000	365312	200000	0	53147962
300000	3649616	2000000	0	52183310
300000	3832080	2100000	0	51888828
300000	4014528	2200000	0	52193239
300000	4196992	2300000	0	52850857
300000	4379456	2400000	0	52062341
300000	4561920	2500000	0	52532031
300000	4744384	2600000	0	51987397
300000	4926832	2700000	0	52449746
300000	5109296	2800000	0	52275762
300000	5291760	2900000	0	54862781
300000	547776	300000	0	53029230
300000	5474224	3000000	0	52208965
300000	5656688	3100000	0	52692539
300000	5839152	3200000	0	52083205
300000	6021600	3300000	0	52145524
300000	6204064	3400000	0	51585516
300000	6386528	3500000	0	52785843
300000	6568992	3600000	0	52569865
300000	6751456	3700000	0	52455286
300000	6933904	3800000	0	51554807
300000	7116368	3900000	0	51445901
300000	730240	400000	0	53324250
300000	7298832	4000000	0	52543755
300000	7481296	4100000	0	52473355
300000	7663760	4200000	0	51747993
300000	7846208	4300000	0	51722770
300000	8028672	4400000	0	51838547
300000	8211136	4500000	0	51607336
300000	8393600	4600000	0	52958630
300000	8576064	4700000	0	52858330
300000	8758528	4800000	0	52954621
300000	8940976	4900000	0	51565700
300000	912704	500000	0	53774155
300000	9123440	5000000	0	52095667
300000	9305904	5100000	0	53769433
300000	9488368	5200000	0	52082775
300000	9670832	5300000	0	51917633
300000	9853280	5400000	0	52131337
300000	10035744	5500000	0	52439697
300000	10218208	5600000	0	52012248
300000	10400672	5700000	0	51926643
300000	10583136	5800000	0	52054651
300000	10765584	5900000	0	53425395
300000	1095152	600000	0	53370269
300000	10948048	6000000	0	51951264
300000	11130512	6100000	0	52166351
300000	11312976	6200000	0	52493277
300000	11495440	6300000	0	52010614
300000	11677904	6400000	0	53321032
300000	11860352	6500000	0	52295623
300000	12042816	6600000	0	52460976
300000	12225280	6700000	0	52040055
300000	12407744	6800000	0	52348900
300000	12590208	6900000	0	51861722
300000	1277616	700000	0	53370121
300000	12772656	7000000	0	52836190
300000	12955120	7100000	0	52564229
300000	13137584	7200000	0	52507984
300000	13320048	7300000	0	52052432
300000	13502512	7400000	0	53234030
300000	13684976	7500000	0	52176897
300000	13867424	7600000	0	52362308
300000	14049888	7700000	0	52311867
300000	14232352	7800000	0	52767902
300000	14414816	7900000	0	52619966
300000	1460080	800000	0	53215881
300000	14597280	8000000	0	53115472
300000	14779728	8100000	0	51672909
300000	14962192	8200000	0	52240240
300000	15144656	8300000	0	52068506
300000	15327120	8400000	0	52707710
300000	15509584	8500000	0	52038206
300000	15692032	8600000	0	53069889
300000	15874496	8700000	0	51963442
300000	16056960	8800000	0	51619280
300000	16239424	8900000	0	52092703
300000	1642544	900000	0	52865178
300000	16421888	9000000	0	53099430
300000	16604352	9100000	0	52396158
300000	16786800	9200000	0	52297954
300000	16969264	9300000	0	52461866
300000	17151728	9400000	0	52892431
300000	17334192	9500000	0	52281785
300000	17516656	9600000	0	52088956
300000	17699104	9700000	0	52195763
300000	17881568	9800000	0	52784066
300000	18064032	9900000	0	52008364
400000	182848	100000	0	74223601
400000	1825008	1000000	0	73238930
400000	18246496	10000000	0	73592108
400000	2007456	1100000	0	72755358
400000	2189920	1200000	0	73683154
400000	2372384	1300000	0	73628133
400000	2554848	1400000	0	72828841
400000	2737312	1500000	0	73471060
400000	2919776	1600000	0	72387155
400000	3102224	1700000	0	72782917
400000	3284688	1800000	0	72945939
400000	3467152	1900000	0	73153845
400000	365312	200000	0	74253157
400000	3649616	2000000	0	72833964
400000	3832080	2100000	0	72096061
400000	4014528	2200000	0	72439848
400000	4196992	2300000	0	71721996
400000	4379456	2400000	0	73026003
400000	4561920	2500000	0	73728072
400000	4744384	2600000	0	73742636
400000	4926832	2700000	0	71767123
400000	5109296	2800000	0	72220544
400000	5291760	2900000	0	73464698
400000	547776	300000	0	73317606
400000	5474224	3000000	0	72508820
400000	5656688	3100000	0	73109906
400000	5839152	3200000	0	72515565
400000	6021600	3300000	0	73414689
400000	6204064	3400000	0	72462934
400000	6386528	3500000	0	72636784
400000	6568992	3600000	0	72774593
400000	6751456	3700000	0	73419287
400000	6933904	3800000	0	72196390
400000	7116368	3900000	0	72657069
400000	730240	400000	0	73707664
400000	7298832	4000000	0	73110613
400000	7481296	4100000	0	72423842
400000	7663760	4200000	0	72977227
400000	7846208	4300000	0	73532382
400000	8028672	4400000	0	73125272
400000	8211136	4500000	0	72407498
400000	8393600	4600000	0	75156458
400000	8576064	4700000	0	73136950
400000	8758528	4800000	0	73181036
400000	8940976	4900000	0	72540008
400000	912704	500000	0	73233137
400000	9123440	5000000	0	73241379
400000	9305904	5100000	0	72802725
400000	9488368	5200000	0	75199459
400000	9670832	5300000	0	72440169
400000	9853280	5400000	0	72565763
400000	10035744	5500000	0	72624573
400000	10218208	5600000	0	73498266
400000	10400672	5700000	0	72850122
400000	10583136	5800000	0	73009310
400000	10765584	5900000	0	72805699
400000	1095152	600000	0	74824792
400000	10948048	6000000	0	72905971
400000	11130512	6100000	0	72370288
400000	11312976	6200000	0	73186534
400000	11495440	6300000	0	72908914
400000	11677904	6400000	0	72865630
400000	11860352	6500000	0	72854773
400000	12042816	6600000	0	71725494
400000	12225280	6700000	0	72847495
400000	12407744	6800000	0	73540678
400000	12590208	6900000	0	72971706
400000	1277616	700000	0	73552849
400000	12772656	7000000	0	71849629
400000	12955120	7100000	0	72198922
400000	13137584	7200000	0	73546864
400000	13320048	7300000	0	72981069
400000	13502512	7400000	0	72060499
400000	13684976	7500000	0	72396349
400000	13867424	7600000	0	73328043
400000	14049888	7700000	0	72381684
400000	14232352	7800000	0	71913722
400000	14414816	7900000	0	74616979
400000	1460080	800000	0	74595719
400000	14597280	8000000	0	72665360
400000	14779728	8100000	0	72177414
400000	14962192	8200000	0	72233550
400000	15144656	8300000	0	72641579
400000	15327120	8400000	0	72516035
400000	15509584	8500000	0	73084362
400000	15692032	8600000	0	72770906
400000	15874496	8700000	0	73109073
400000	16056960	8800000	0	72904625
400000	16239424	8900000	0	72874187
400000	1642544	900000	0	74850306
400000	16421888	9000000	0	73099223
400000	16604352	9100000	0	72990284
400000	16786800	9200000	0	72931402
400000	16969264	9300000	0	72628885
400000	17151728	9400000	0	72885296
400000	17334192	9500000	0	73223137
400000	17516656	9600000	0	72574117
400000	17699104	9700000	0	73077499
400000	17881568	9800000	0	72676376
400000	18064032	9900000	0	73718211
500000	182848	100000	0	95736122
500000	1825008	1000000	0	94325624
500000	18246496	10000000	0	93789449
500000	2007456	1100000	0	94858651
500000	2189920	1200000	0	95327532
500000	2372384	1300000	0	95279619
500000	2554848	1400000	0	94557442
500000	2737312	1500000	0	94526490
500000	2919776	1600000	0	95017044
500000	3102224	1700000	0	93566497
500000	3284688	1800000	0	94623166
500000	3467152	1900000	0	95081854
500000	365312	200000	0	95625132
500000	3649616	2000000	0	95293369
500000	3832080	2100000	0	93709543
500000	4014528	2200000	0	93916676
500000	4196992	2300000	0	94113850
500000	4379456	2400000	0	96151987
500000	4561920	2500000	0	95472865
500000	4744384	2600000	0	95546266
500000	4926832	2700000	0	93869901
500000	5109296	2800000	0	96227822
500000	5291760	2900000	0	95624014
500000	547776	300000	0	95093239
500000	5474224	3000000	0	96392089
500000	5656688	3100000	0	95488032
500000	5839152	3200000	0	94191222
500000	6021600	3300000	0	95514351
500000	6204064	3400000	0	94568627
500000	6386528	3500000	0	93932492
500000	6568992	3600000	0	94428650
500000	6751456	3700000	0	95482821
500000	6933904	3800000	0	93561264
500000	7116368	3900000	0	94841690
500000	730240	400000	0	94721562
500000	7298832	4000000	0	95634985
500000	7481296	4100000	0	94961938
500000	7663760	4200000	0	95519985
500000	7846208	4300000	0	94659286
500000	8028672	4400000	0	94640564
500000	8211136	4500000	0	95064681
500000	8393600	4600000	0	94982273
500000	8576064	4700000	0	96253224
500000	8758528	4800000	0	94779014
500000	8940976	4900000	0	94474200
500000	912704	500000	0	94612671
500000	9123440	5000000	0	94017700
500000	9305904	5100000	0	94353576
500000	9488368	5200000	0	95305143
500000	9670832	5300000	0	94291164
500000	9853280	5400000	0	95325091
500000	10035744	5500000	0	94704785
500000	10218208	5600000	0	95384327
500000	10400672	5700000	0	94749148
500000	10583136	5800000	0	94851444
500000	10765584	5900000	0	96691237
500000	1095152	600000	0	96177730
500000	10948048	6000000	0	94849074
500000	11130512	6100000	0	94073451
500000	11312976	6200000	0	95006452
500000	11495440	6300000	0	95474368
500000	11677904	6400000	0	94977671
500000	11860352	6500000	0	93883548
500000	12042816	6600000	0	93639082
500000	12225280	6700000	0	95346765
500000	12407744	6800000	0	95371254
500000	12590208	6900000	0	95191704
500000	1277616	700000	0	95021362
500000	12772656	7000000	0	94017657
500000	12955120	7100000	0	94397252
500000	13137584	7200000	0	95322189
500000	13320048	7300000	0	95112109
500000	13502512	7400000	0	96414409
500000	13684976	7500000	0	94180548
500000	13867424	7600000	0	97489833
500000	14049888	7700000	0	95488891
500000	14232352	7800000	0	93835900
500000	14414816	7900000	0	96180244
500000	1460080	800000	0	94875418
500000	14597280	8000000	0	94947332
500000	14779728	8100000	0	93807600
500000	14962192	8200000	0	93479081
500000	15144656	8300000	0	94468030
500000	15327120	8400000	0	95142811
500000	15509584	8500000	0	95031835
500000	15692032	8600000	0	94451501
500000	15874496	8700000	0	95445049
500000	16056960	8800000	0	95343194
500000	16239424	8900000	0	95989939
500000	1642544	900000	0	96093773
500000	16421888	9000000	0	94277429
500000	16604352	9100000	0	94503385
500000	16786800	9200000	0	95314817
500000	16969264	9300000	0	93980812
500000	17151728	9400000	0	95015885
500000	17334192	9500000	0	96119872
500000	17516656	9600000	0	93917291
500000	17699104	9700000	0	95397900
500000	17881568	9800000	0	94581658
500000	18064032	9900000	0	95094268
600000	182848	100000	0	119925842
600000	1825008	1000000	0	119188571
600000	18246496	10000000	0	118411477
600000	2007456	1100000	0	119354489
600000	2189920	1200000	0	119548378
600000	2372384	1300000	0	118537169
600000	2554848	1400000	0	119063610
600000	2737312	1500000	0	119831660
600000	2919776	1600000	0	118726206
600000	3102224	1700000	0	118467294
600000	3284688	1800000	0	119520327
600000	3467152	1900000	0	119995524
600000	365312	200000	0	120679365
600000	3649616	2000000	0	120612179
600000	3832080	2100000	0	118483029
600000	4014528	2200000	0	120364601
600000	4196992	2300000	0	119304283
600000	4379456	2400000	0	119638332
600000	4561920	2500000	0	119405579
600000	4744384	2600000	0	120122844
600000	4926832	2700000	0	119805109
600000	5109296	2800000	0	118410644
600000	5291760	2900000	0	118597653
600000	547776	300000	0	120243599
600000	5474224	3000000	0	119422340
600000	5656688	3100000	0	119733033
600000	5839152	3200000	0	118326196
600000	6021600	3300000	0	118897860
600000	6204064	3400000	0	119616712
600000	6386528	3500000	0	118510886
600000	6568992	3600000	0	119358574
600000	6751456	3700000	0	118618178
600000	6933904	3800000	0	118818254
600000	7116368	3900000	0	118644275
600000	730240	400000	0	120687932
600000	7298832	4000000	0	119416555
600000	7481296	4100000	0	119246877
600000	7663760	4200000	0	118798274
600000	7846208	4300000	0	118778910
600000	8028672	4400000	0	118604192
600000	8211136	4500000	0	119384413
600000	8393600	4600000	0	119668686
600000	8576064	4700000	0	119452435
600000	8758528	4800000	0	118993660
600000	8940976	4900000	0	118872728
600000	912704	500000	0	120197122
600000	9123440	5000000	0	119918546
600000	9305904	5100000	0	119619285
600000	9488368	5200000	0	118838850
600000	9670832	5300000	0	118795995
600000	9853280	5400000	0	118958277
600000	10035744	5500000	0	118997788
600000	10218208	5600000	0	118828051
600000	10400672	5700000	0	118966533
600000	10583136	5800000	0	118887601
600000	10765584	5900000	0	120199159
600000	1095152	600000	0	119048043
600000	10948048	6000000	0	118526385
600000	11130512	6100000	0	120046139
600000	11312976	6200000	0	118868192
600000	11495440	6300000	0	119947847
600000	11677904	6400000	0	118638265
600000	11860352	6500000	0	119933015
600000	12042816	6600000	0	119636987
600000	12225280	6700000	0	119915040
600000	12407744	6800000	0	119525335
600000	12590208	6900000	0	120080546
600000	1277616	700000	0	120022941
600000	12772656	7000000	0	120231124
600000	12955120	7100000	0	119238915
600000	13137584	7200000	0	119513379
600000	13320048	7300000	0	119441968
600000	13502512	7400000	0	118909948
600000	13684976	7500000	0	118572558
600000	13867424	7600000	0	120135911
600000	14049888	7700000	0	117975483
600000	14232352	7800000	0	119004026
600000	14414816	7900000	0	119353010
600000	1460080	800000	0	119359441
600000	14597280	8000000	0	118896223
600000	14779728	8100000	0	118263451
600000	14962192	8200000	0	118621192
600000	15144656	8300000	0	118736462
600000	15327120	8400000	0	119659548
600000	15509584	8500000	0	119687388
600000	15692032	8600000	0	119469265
600000	15874496	8700000	0	119222518
600000	16056960	8800000	0	119013644
600000	16239424	8900000	0	119830435
600000	1642544	900000	0	119954209
600000	16421888	9000000	0	119199466
600000	16604352	9100000	0	119685477
600000	16786800	9200000	0	119103437
600000	16969264	9300000	0	119064653
600000	17151728	9400000	0	119720613
600000	17334192	9500000	0	119551349
600000	17516656	9600000	0	119476405
600000	17699104	9700000	0	118920975
600000	17881568	9800000	0	118830009
600000	18064032	9900000	0	119165087
700000	182848	100000	0	141948798
700000	1825008	1000000	0	141107077
700000	18246496	10000000	0	139170632
700000	2007456	1100000	0	141068554
700000	2189920	1200000	0	141353505
700000	2372384	1300000	0	140979806
700000	2554848	1400000	0	140949944
700000	2737312	1500000	0	141578383
700000	2919776	1600000	0	140862897
700000	3102224	1700000	0	140389709
700000	3284688	1800000	0	140545625
700000	3467152	1900000	0	141196644
700000	365312	200000	0	142619244
700000	3649616	2000000	0	141674519
700000	3832080	2100000	0	140079574
700000	4014528	2200000	0	141509057
700000	4196992	2300000	0	141208405
700000	4379456	2400000	0	141260358
700000	4561920	2500000	0	140945417
700000	4744384	2600000	0	141895265
700000	4926832	2700000	0	142222984
700000	5109296	2800000	0	140018020
700000	5291760	2900000	0	139397671
700000	547776	300000	0	142322592
700000	5474224	3000000	0	141338873
700000	5656688	3100000	0	142015493
700000	5839152	3200000	0	140365485
700000	6021600	3300000	0	140715020
700000	6204064	3400000	0	141625263
700000	6386528	3500000	0	140844184
700000	6568992	3600000	0	140846364
700000	6751456	3700000	0	140720035
700000	6933904	3800000	0	140699366
700000	7116368	3900000	0	141505146
700000	730240	400000	0	142223245
700000	7298832	4000000	0	140978375
700000	7481296	4100000	0	140364137
700000	7663760	4200000	0	140553467
700000	7846208	4300000	0	139482255
700000	8028672	4400000	0	140189622
700000	8211136	4500000	0	140279862
700000	8393600	4600000	0	142948179
700000	8576064	4700000	0	142636105
700000	8758528	4800000	0	141353628
700000	8940976	4900000	0	140755460
700000	912704	500000	0	142163570
700000	9123440	5000000	0	141320616
700000	9305904	5100000	0	142526176
700000	9488368	5200000	0	140634917
700000	9670832	5300000	0	140958426
700000	9853280	5400000	0	141031274
700000	10035744	5500000	0	140670530
700000	10218208	5600000	0	140761414
700000	10400672	5700000	0	140710591
700000	10583136	5800000	0	141059645
700000	10765584	5900000	0	141081868
700000	1095152	600000	0	139832253
700000	10948048	6000000	0	139577619
700000	11130512	6100000	0	140746201
700000	11312976	6200000	0	141419149
700000	11495440	6300000	0	141585236
700000	11677904	6400000	0	140132795
700000	11860352	6500000	0	141426648
700000	12042816	6600000	0	142286534
700000	12225280	6700000	0	141894427
700000	12407744	6800000	0	140626037
700000	12590208	6900000	0	141548886
700000	1277616	700000	0	141437080
700000	12772656	7000000	0	142285659
700000	12955120	7100000	0	140905158
700000	13137584	7200000	0	140755706
700000	13320048	7300000	0	141904262
700000	13502512	7400000	0	140578069
700000	13684976	7500000	0	140421504
700000	13867424	7600000	0	142693872
700000	14049888	7700000	0	139937225
700000	14232352	7800000	0	142346080
700000	14414816	7900000	0	142801880
700000	1460080	800000	0	140927245
700000	14597280	8000000	0	140498377
700000	14779728	8100000	0	139910548
700000	14962192	8200000	0	140227614
700000	15144656	8300000	0	140326666
700000	15327120	8400000	0	140278707
700000	15509584	8500000	0	140915171
700000	15692032	8600000	0	140537628
700000	15874496	8700000	0	140130873
700000	16056960	8800000	0	140484460
700000	16239424	8900000	0	141161521
700000	1642544	900000	0	141675153
700000	16421888	9000000	0	139449921
700000	16604352	9100000	0	140020393
700000	16786800	9200000	0	140983828
700000	16969264	9300000	0	141112587
700000	17151728	9400000	0	142213960
700000	17334192	9500000	0	140662938
700000	17516656	9600000	0	140661837
700000	17699104	9700000	0	142317831
700000	17881568	9800000	0	141433456
700000	18064032	9900000	0	140744255
800000	182848	100000	0	165655883
800000	1825008	1000000	0	166772484
800000	18246496	10000000	0	162839773
800000	2007456	1100000	0	166370142
800000	2189920	1200000	0	166172295
800000	2372384	1300000	0	164972434
800000	2554848	1400000	0	166419697
800000	2737312	1500000	0	167482793
800000	2919776	1600000	0	164092240
800000	3102224	1700000	0	164737870
800000	3284688	1800000	0	165063911
800000	3467152	1900000	0	166052564
800000	365312	200000	0	165925717
800000	3649616	2000000	0	164151080
800000	3832080	2100000	0	165165566
800000	4014528	2200000	0	165641011
800000	4196992	2300000	0	165885896
800000	4379456	2400000	0	165565205
800000	4561920	2500000	0	165021256
800000	4744384	2600000	0	166028434
800000	4926832	2700000	0	166891190
800000	5109296	2800000	0	165098009
800000	5291760	2900000	0	164008312
800000	547776	300000	0	165734044
800000	5474224	3000000	0	165411488
800000	5656688	3100000	0	166832039
800000	5839152	3200000	0	165445781
800000	6021600	3300000	0	165136218
800000	6204064	3400000	0	165608825
800000	6386528	3500000	0	165477630
800000	6568992	3600000	0	165650291
800000	6751456	3700000	0	164979896
800000	6933904	3800000	0	165260726
800000	7116368	3900000	0	165822234
800000	730240	400000	0	166034582
800000	7298832	4000000	0	165760797
800000	7481296	4100000	0	165330159
800000	7663760	4200000	0	164622277
800000	7846208	4300000	0	163608247
800000	8028672	4400000	0	163324089
800000	8211136	4500000	0	165140136
800000	8393600	4600000	0	166819118
800000	8576064	4700000	0	165924636
800000	8758528	4800000	0	163105461
800000	8940976	4900000	0	165534946
800000	912704	500000	0	165503831
800000	9123440	5000000	0	166399140
800000	9305904	5100000	0	165903280
800000	9488368	5200000	0	164835251
800000	9670832	5300000	0	166060270
800000	9853280	5400000	0	165303975
800000	10035744	5500000	0	165771673
800000	10218208	5600000	0	164868855
800000	10400672	5700000	0	165160054
800000	10583136	5800000	0	166416290
800000	10765584	5900000	0	166651525
800000	1095152	600000	0	167032826
800000	10948048	6000000	0	165397865
800000	11130512	6100000	0	165947152
800000	11312976	6200000	0	165958873
800000	11495440	6300000	0	166080462
800000	11677904	6400000	0	164702282
800000	11860352	6500000	0	165832322
800000	12042816	6600000	0	167283181
800000	12225280	6700000	0	165760701
800000	12407744	6800000	0	164904624
800000	12590208	6900000	0	166262752
800000	1277616	700000	0	167093436
800000	12772656	7000000	0	167107812
800000	12955120	7100000	0	165338979
800000	13137584	7200000	0	164695478
800000	13320048	7300000	0	170133557
800000	13502512	7400000	0	165470438
800000	13684976	7500000	0	165332786
800000	13867424	7600000	0	164986501
800000	14049888	7700000	0	164025924
800000	14232352	7800000	0	165760061
800000	14414816	7900000	0	167658310
800000	1460080	800000	0	164688397
800000	14597280	8000000	0	165154393
800000	14779728	8100000	0	164609365
800000	14962192	8200000	0	165873388
800000	15144656	8300000	0	164520698
800000	15327120	8400000	0	165320155
800000	15509584	8500000	0	166317279
800000	15692032	8600000	0	165351390
800000	15874496	8700000	0	164338956
800000	16056960	8800000	0	165363444
800000	16239424	8900000	0	165798359
800000	1642544	900000	0	165794789
800000	16421888	9000000	0	166326058
800000	16604352	9100000	0	164610969
800000	16786800	9200000	0	165893552
800000	16969264	9300000	0	165966531
800000	17151728	9400000	0	165764408
800000	17334192	9500000	0	164612025
800000	17516656	9600000	0	166034822
800000	17699104	9700000	0	165612631
800000	17881568	9800000	0	166057288
800000	18064032	9900000	0	164766509
900000	182848	100000	0	188117363
900000	1825008	1000000	0	188984677
900000	18246496	10000000	0	187260055
900000	2007456	1100000	0	189511067
900000	2189920	1200000	0	188802875
900000	2372384	1300000	0	188800993
900000	2554848	1400000	0	189518476
900000	2737312	1500000	0	189692654
900000	2919776	1600000	0	187282603
900000	3102224	1700000	0	188540619
900000	3284688	1800000	0	187953714
900000	3467152	1900000	0	189473919
900000	365312	200000	0	188774516
900000	3649616	2000000	0	187431667
900000	3832080	2100000	0	189919761
900000	4014528	2200000	0	189018227
900000	4196992	2300000	0	188928197
900000	4379456	2400000	0	189033599
900000	4561920	2500000	0	188714293
900000	4744384	2600000	0	189103575
900000	4926832	2700000	0	190032315
900000	5109296	2800000	0	188526864
900000	5291760	2900000	0	188557557
900000	547776	300000	0	188083009
900000	5474224	3000000	0	187990603
900000	5656688	3100000	0	190471357
900000	5839152	3200000	0	188824582
900000	6021600	3300000	0	189439266
900000	6204064	3400000	0	188500915
900000	6386528	3500000	0	188765675
900000	6568992	3600000	0	188895263
900000	6751456	3700000	0	189495673
900000	6933904	3800000	0	188723327
900000	7116368	3900000	0	189578934
900000	730240	400000	0	189333448
900000	7298832	4000000	0	188766648
900000	7481296	4100000	0	189504086
900000	7663760	4200000	0	188275452
900000	7846208	4300000	0	186291857
900000	8028672	4400000	0	186465314
900000	8211136	4500000	0	189805627
900000	8393600	4600000	0	188844792
900000	8576064	4700000	0	188549903
900000	8758528	4800000	0	186467603
900000	8940976	4900000	0	188559249
900000	912704	500000	0	188951683
900000	9123440	5000000	0	188748326
900000	9305904	5100000	0	189132325
900000	9488368	5200000	0	188271562
900000	9670832	5300000	0	189209850
900000	9853280	5400000	0	188167824
900000	10035744	5500000	0	189095237
900000	10218208	5600000	0	187932690
900000	10400672	5700000	0	188130430
900000	10583136	5800000	0	189657969
900000	10765584	5900000	0	188906368
900000	1095152	600000	0	189434865
900000	10948048	6000000	0	188410948
900000	11130512	6100000	0	188341788
900000	11312976	6200000	0	189019758
900000	11495440	6300000	0	189195134
900000	11677904	6400000	0	188363597
900000	11860352	6500000	0	189198542
900000	12042816	6600000	0	190091395
900000	12225280	6700000	0	189086378
900000	12407744	6800000	0	188433513
900000	12590208	6900000	0	189834455
900000	1277616	700000	0	189832482
900000	12772656	7000000	0	190166062
900000	12955120	7100000	0	188813277
900000	13137584	7200000	0	188272278
900000	13320048	7300000	0	190655760
900000	13502512	7400000	0	189349804
900000	13684976	7500000	0	189660029
900000	13867424	7600000	0	189976873
900000	14049888	7700000	0	189933823
900000	14232352	7800000	0	189250832
900000	14414816	7900000	0	189677623
900000	1460080	800000	0	188814172
900000	14597280	8000000	0	190214896
900000	14779728	8100000	0	189105474
900000	14962192	8200000	0	190526942
900000	15144656	8300000	0	188552735
900000	15327120	8400000	0	189776000
900000	15509584	8500000	0	189725127
900000	15692032	8600000	0	190075634
900000	15874496	8700000	0	188365762
900000	16056960	8800000	0	190304263
900000	16239424	8900000	0	189464858
900000	1642544	900000	0	188942936
900000	16421888	9000000	0	189556762
900000	16604352	9100000	0	188522689
900000	16786800	9200000	0	189601684
900000	16969264	9300000	0	190994668
900000	17151728	9400000	0	189697366
900000	17334192	9500000	0	188777197
900000	17516656	9600000	0	190647642
900000	17699104	9700000	0	189482031
900000	17881568	9800000	0	189465320
900000	18064032	9900000	0	188966463
