1000000	182848	100000	2891946	5254620999
1000000	1825008	1000000	817378	2445740667
1000000	18246496	10000000	800000	2794961866
1000000	2007456	1100000	812584	2456716091
1000000	2189920	1200000	809198	2473102758
1000000	2372384	1300000	806836	2486669652
1000000	2554848	1400000	804920	2500429653
1000000	2737312	1500000	803910	2511841164
1000000	2919776	1600000	803092	2524132807
1000000	3102224	1700000	802302	2536263825
1000000	3284688	1800000	801874	2547134093
1000000	3467152	1900000	801502	2558075045
1000000	365312	200000	1672228	3547301410
1000000	3649616	2000000	801178	2566313631
1000000	3832080	2100000	800950	2577134728
1000000	4014528	2200000	800888	2588389247
1000000	4196992	2300000	800702	2594651291
1000000	4379456	2400000	800582	2604270933
1000000	4561920	2500000	800510	2610414894
1000000	4744384	2600000	800474	2619627252
1000000	4926832	2700000	800332	2624004539
1000000	5109296	2800000	800302	2634637506
1000000	5291760	2900000	800308	2640217939
1000000	547776	300000	1228156	2683628100
1000000	5474224	3000000	800228	2646774127
1000000	5656688	3100000	800146	2650873014
1000000	5839152	3200000	800168	2658071605
1000000	6021600	3300000	800136	2663098531
1000000	6204064	3400000	800150	2667690996
1000000	6386528	3500000	800118	2672512996
1000000	6568992	3600000	800076	2675213334
1000000	6751456	3700000	800054	2681420049
1000000	6933904	3800000	800062	2684573001
1000000	7116368	3900000	800062	2687648453
1000000	730240	400000	1034494	2516085481
1000000	7298832	4000000	800052	2693024125
1000000	7481296	4100000	800038	2695334527
1000000	7663760	4200000	800036	2699680536
1000000	7846208	4300000	800046	2715817085
1000000	8028672	4400000	800062	2705276836
1000000	8211136	4500000	800020	2707290344
1000000	8393600	4600000	800038	2713266524
1000000	8576064	4700000	800036	2718027046
1000000	8758528	4800000	800018	2719757577
1000000	8940976	4900000	800036	2720360236
1000000	912704	500000	937970	2448193133
1000000	9123440	5000000	800012	2723433906
1000000	9305904	5100000	800020	2728458474
1000000	9488368	5200000	800024	2728185587
1000000	9670832	5300000	800018	2731097219
1000000	9853280	5400000	800020	2732803425
1000000	10035744	5500000	800012	2738517795
1000000	10218208	5600000	800010	2737387394
1000000	10400672	5700000	800012	2743284332
1000000	10583136	5800000	800008	2742398969
1000000	10765584	5900000	800006	2741669033
1000000	1095152	600000	884802	2419362986
1000000	10948048	6000000	800006	2747821985
1000000	11130512	6100000	800012	2747345789
1000000	11312976	6200000	800020	2751677309
1000000	11495440	6300000	800002	2753247400
1000000	11677904	6400000	800004	2754260560
1000000	11860352	6500000	800006	2754337965
1000000	12042816	6600000	800006	2756121969
1000000	12225280	6700000	800004	2759250926
1000000	12407744	6800000	800008	2761191992
1000000	12590208	6900000	800006	2760106829
1000000	1277616	700000	855002	2417096364
1000000	12772656	7000000	800008	2763741589
1000000	12955120	7100000	800008	2763612295
1000000	13137584	7200000	800006	2765281180
1000000	13320048	7300000	800000	2765747770
1000000	13502512	7400000	800004	2768300461
1000000	13684976	7500000	800004	2768770325
1000000	13867424	7600000	800000	2772712282
1000000	14049888	7700000	800000	2771290795
1000000	14232352	7800000	800004	2773230506
1000000	14414816	7900000	800002	2774875616
1000000	1460080	800000	836612	2423604751
1000000	14597280	8000000	800002	2774076832
1000000	14779728	8100000	800000	2776623444
1000000	14962192	8200000	800000	2777616474
1000000	15144656	8300000	800000	2780031741
1000000	15327120	8400000	800002	2781857755
1000000	15509584	8500000	800000	2780281182
1000000	15692032	8600000	800002	2779437515
1000000	15874496	8700000	800000	2782623295
1000000	16056960	8800000	800002	2780451984
1000000	16239424	8900000	800000	2786154426
1000000	1642544	900000	824988	2431481122
1000000	16421888	9000000	800002	2784305883
1000000	16604352	9100000	800000	2784841260
1000000	16786800	9200000	800002	2807191236
1000000	16969264	9300000	800000	2789530805
1000000	17151728	9400000	800008	2788590081
1000000	17334192	9500000	800006	2791857735
1000000	17516656	9600000	800000	2789090985
1000000	17699104	9700000	800000	2797338127
1000000	17881568	9800000	800002	2795853027
1000000	18064032	9900000	800000	2792888796
100000	182848	100000	81722	471956091
100000	1825008	1000000	80000	217692214
100000	18246496	10000000	80000	258722553
100000	2007456	1100000	80000	219488585
100000	2189920	1200000	80000	222796193
100000	2372384	1300000	80000	222310688
100000	2554848	1400000	80000	225885398
100000	2737312	1500000	80000	225815171
100000	2919776	1600000	80000	227872217
100000	3102224	1700000	80000	228162158
100000	3284688	1800000	80000	230925622
100000	3467152	1900000	80000	232628292
100000	365312	200000	80134	201022903
100000	3649616	2000000	80000	231890426
100000	3832080	2100000	80000	235522632
100000	4014528	2200000	80000	234229413
100000	4196992	2300000	80000	236327577
100000	4379456	2400000	80000	237916668
100000	4561920	2500000	80000	238290126
100000	4744384	2600000	80000	239985702
100000	4926832	2700000	80000	238778697
100000	5109296	2800000	80000	241250115
100000	5291760	2900000	80000	241816792
100000	547776	300000	80034	200956312
100000	5474224	3000000	80000	242642178
100000	5656688	3100000	80000	243180209
100000	5839152	3200000	80000	243993953
100000	6021600	3300000	80000	243054993
100000	6204064	3400000	80000	245326597
100000	6386528	3500000	80000	244460420
100000	6568992	3600000	80000	245289621
100000	6751456	3700000	80000	245776569
100000	6933904	3800000	80000	247677585
100000	7116368	3900000	80000	246721934
100000	730240	400000	80006	202894021
100000	7298832	4000000	80000	246335355
100000	7481296	4100000	80000	247298542
100000	7663760	4200000	80000	248044846
100000	7846208	4300000	80000	248437925
100000	8028672	4400000	80000	248496601
100000	8211136	4500000	80000	248599314
100000	8393600	4600000	80000	249240397
100000	8576064	4700000	80000	249651624
100000	8758528	4800000	80000	250248729
100000	8940976	4900000	80000	251098500
100000	912704	500000	80000	207695418
100000	9123440	5000000	80000	252458978
100000	9305904	5100000	80000	250553976
100000	9488368	5200000	80000	252048105
100000	9670832	5300000	80000	251033265
100000	9853280	5400000	80000	252359592
100000	10035744	5500000	80000	251918694
100000	10218208	5600000	80000	251874702
100000	10400672	5700000	80000	252691897
100000	10583136	5800000	80000	252166409
100000	10765584	5900000	80000	252473638
100000	1095152	600000	80002	207539511
100000	10948048	6000000	80000	254757925
100000	11130512	6100000	80000	254545483
100000	11312976	6200000	80000	253611751
100000	11495440	6300000	80000	253378217
100000	11677904	6400000	80000	253604447
100000	11860352	6500000	80000	253829421
100000	12042816	6600000	80000	254021057
100000	12225280	6700000	80000	254085837
100000	12407744	6800000	80000	256549316
100000	12590208	6900000	80000	255101859
100000	1277616	700000	80000	209610968
100000	12772656	7000000	80000	255086095
100000	12955120	7100000	80000	255168313
100000	13137584	7200000	80000	255139380
100000	13320048	7300000	80000	255062672
100000	13502512	7400000	80000	255692898
100000	13684976	7500000	80000	255445644
100000	13867424	7600000	80000	256020314
100000	14049888	7700000	80000	255709981
100000	14232352	7800000	80000	255838892
100000	14414816	7900000	80000	256052839
100000	1460080	800000	80000	212485247
100000	14597280	8000000	80000	256118430
100000	14779728	8100000	80000	255948435
100000	14962192	8200000	80000	256850623
100000	15144656	8300000	80000	257117664
100000	15327120	8400000	80000	257758747
100000	15509584	8500000	80000	256886218
100000	15692032	8600000	80000	256536139
100000	15874496	8700000	80000	256851801
100000	16056960	8800000	80000	256886709
100000	16239424	8900000	80000	257169019
100000	1642544	900000	80000	215018995
100000	16421888	9000000	80000	257151131
100000	16604352	9100000	80000	258115578
100000	16786800	9200000	80000	257514872
100000	16969264	9300000	80000	257855794
100000	17151728	9400000	80000	257545596
100000	17334192	9500000	80000	257632930
100000	17516656	9600000	80000	258229325
100000	17699104	9700000	80000	257847005
100000	17881568	9800000	80000	258066092
100000	18064032	9900000	80000	258499901
200000	182848	100000	187044	436727232
200000	1825008	1000000	160004	440212054
200000	18246496	10000000	160000	523221048
200000	2007456	1100000	160000	443682310
200000	2189920	1200000	160002	447279429
200000	2372384	1300000	160004	452088351
200000	2554848	1400000	160000	454721226
200000	2737312	1500000	160000	457082362
200000	2919776	1600000	160000	460404309
200000	3102224	1700000	160000	463526975
200000	3284688	1800000	160000	466038165
200000	3467152	1900000	160000	468232999
200000	365312	200000	163406	413646631
200000	3649616	2000000	160000	470523592
200000	3832080	2100000	160000	472557983
200000	4014528	2200000	160000	474671005
200000	4196992	2300000	160000	477671297
200000	4379456	2400000	160002	479193888
200000	4561920	2500000	160000	480345740
200000	4744384	2600000	160000	482288050
200000	4926832	2700000	160000	483851902
200000	5109296	2800000	160000	484941424
200000	5291760	2900000	160000	488669980
200000	547776	300000	160772	411329930
200000	5474224	3000000	160000	488362186
200000	5656688	3100000	160000	488974782
200000	5839152	3200000	160000	490831346
200000	6021600	3300000	160000	491536958
200000	6204064	3400000	160000	492684487
200000	6386528	3500000	160000	495615407
200000	6568992	3600000	160000	495095925
200000	6751456	3700000	160000	496133502
200000	6933904	3800000	160000	497405708
200000	7116368	3900000	160000	498398675
200000	730240	400000	160292	413320162
200000	7298832	4000000	160000	499082119
200000	7481296	4100000	160000	499142491
200000	7663760	4200000	160000	501360109
200000	7846208	4300000	160000	501643490
200000	8028672	4400000	160000	501604241
200000	8211136	4500000	160000	502217519
200000	8393600	4600000	160000	503562945
200000	8576064	4700000	160000	504345195
200000	8758528	4800000	160000	504348608
200000	8940976	4900000	160000	506197576
200000	912704	500000	160076	420646442
200000	9123440	5000000	160000	506995726
200000	9305904	5100000	160000	506280298
200000	9488368	5200000	160000	507400462
200000	9670832	5300000	160000	508383902
200000	9853280	5400000	160000	509910827
200000	10035744	5500000	160000	508142521
200000	10218208	5600000	160000	508497603
200000	10400672	5700000	160000	509743354
200000	10583136	5800000	160000	509643247
200000	10765584	5900000	160000	509865832
200000	1095152	600000	160058	422772169
200000	10948048	6000000	160000	510361701
200000	11130512	6100000	160000	510088492
200000	11312976	6200000	160000	511805153
200000	11495440	6300000	160000	512837612
200000	11677904	6400000	160000	511751592
200000	11860352	6500000	160000	512520903
200000	12042816	6600000	160000	512678301
200000	12225280	6700000	160000	512560630
200000	12407744	6800000	160000	513629007
200000	12590208	6900000	160000	513680952
200000	1277616	700000	160026	426887590
200000	12772656	7000000	160000	514265368
200000	12955120	7100000	160000	514825255
200000	13137584	7200000	160000	515889329
200000	13320048	7300000	160000	515261525
200000	13502512	7400000	160000	515225780
200000	13684976	7500000	160000	515213911
200000	13867424	7600000	160000	515946957
200000	14049888	7700000	160000	515900790
200000	14232352	7800000	160000	516277342
200000	14414816	7900000	160000	516955441
200000	1460080	800000	160016	432173303
200000	14597280	8000000	160000	516897296
200000	14779728	8100000	160000	517861557
200000	14962192	8200000	160000	517090603
200000	15144656	8300000	160000	517468835
200000	15327120	8400000	160000	519753970
200000	15509584	8500000	160000	518312131
200000	15692032	8600000	160000	518443692
200000	15874496	8700000	160000	518881234
200000	16056960	8800000	160000	520658883
200000	16239424	8900000	160000	518628693
200000	1642544	900000	160002	435612247
200000	16421888	9000000	160000	519855370
200000	16604352	9100000	160000	519001098
200000	16786800	9200000	160000	520607506
200000	16969264	9300000	160000	519589691
200000	17151728	9400000	160000	520113906
200000	17334192	9500000	160000	520053351
200000	17516656	9600000	160000	519765117
200000	17699104	9700000	160000	520713444
200000	17881568	9800000	160000	521185989
200000	18064032	9900000	160000	520284807
300000	182848	100000	343928	720219948
300000	1825008	1000000	240034	668713032
300000	18246496	10000000	240000	787718046
300000	2007456	1100000	240020	674403208
300000	2189920	1200000	240010	680233879
300000	2372384	1300000	240008	685827186
300000	2554848	1400000	240004	689203395
300000	2737312	1500000	240006	694115400
300000	2919776	1600000	240012	699401922
300000	3102224	1700000	240002	702528048
300000	3284688	1800000	240000	706678284
300000	3467152	1900000	240000	712416337
300000	365312	200000	258412	643092052
300000	3649616	2000000	240000	714753727
300000	3832080	2100000	240000	716950601
300000	4014528	2200000	240006	721805747
300000	4196992	2300000	240002	722559343
300000	4379456	2400000	240000	725267806
300000	4561920	2500000	240002	727533844
300000	4744384	2600000	240000	730556192
300000	4926832	2700000	240000	732040487
300000	5109296	2800000	240000	734540309
300000	5291760	2900000	240000	737050213
300000	547776	300000	245104	629397152
300000	5474224	3000000	240000	740423083
300000	5656688	3100000	240000	742001843
300000	5839152	3200000	240000	743165414
300000	6021600	3300000	240000	745016942
300000	6204064	3400000	240000	746602035
300000	6386528	3500000	240000	747492998
300000	6568992	3600000	240000	749863072
300000	6751456	3700000	240000	751900787
300000	6933904	3800000	240000	751447218
300000	7116368	3900000	240000	752805514
300000	730240	400000	241862	631144952
300000	7298832	4000000	240000	754486795
300000	7481296	4100000	240000	755870374
300000	7663760	4200000	240000	758191807
300000	7846208	4300000	240000	759423291
300000	8028672	4400000	240000	758814049
300000	8211136	4500000	240000	759841540
300000	8393600	4600000	240000	762734281
300000	8576064	4700000	240000	761639383
300000	8758528	4800000	240000	764547304
300000	8940976	4900000	240000	764999932
300000	912704	500000	240778	637787247
300000	9123440	5000000	240000	765092430
300000	9305904	5100000	240000	765608189
300000	9488368	5200000	240000	766255748
300000	9670832	5300000	240000	767379124
300000	9853280	5400000	240000	769367716
300000	10035744	5500000	240000	768568567
300000	10218208	5600000	240000	769863897
300000	10400672	5700000	240000	771836951
300000	10583136	5800000	240000	771042992
300000	10765584	5900000	240000	771754879
300000	1095152	600000	240322	643452759
300000	10948048	6000000	240000	771818438
300000	11130512	6100000	240000	772344526
300000	11312976	6200000	240000	775719610
300000	11495440	6300000	240000	773574478
300000	11677904	6400000	240000	773269095
300000	11860352	6500000	240000	775432330
300000	12042816	6600000	240000	777384180
300000	12225280	6700000	240000	776067650
300000	12407744	6800000	240000	777420503
300000	12590208	6900000	240000	778704121
300000	1277616	700000	240176	649324269
300000	12772656	7000000	240000	777697512
300000	12955120	7100000	240000	777655773
300000	13137584	7200000	240000	778678190
300000	13320048	7300000	240000	778524665
300000	13502512	7400000	240000	779075076
300000	13684976	7500000	240000	778926694
300000	13867424	7600000	240000	780361552
300000	14049888	7700000	240000	780178828
300000	14232352	7800000	240000	781281817
300000	14414816	7900000	240000	781679203
300000	1460080	800000	240130	656201919
300000	14597280	8000000	240000	781845249
300000	14779728	8100000	240000	781745318
300000	14962192	8200000	240000	783023610
300000	15144656	8300000	240000	782621957
300000	15327120	8400000	240000	783197047
300000	15509584	8500000	240000	783347760
300000	15692032	8600000	240000	783338396
300000	15874496	8700000	240000	785325804
300000	16056960	8800000	240000	784427181
300000	16239424	8900000	240000	784967918
300000	1642544	900000	240052	662297538
300000	16421888	9000000	240000	784668210
300000	16604352	9100000	240000	784200519
300000	16786800	9200000	240000	785859725
300000	16969264	9300000	240000	785292111
300000	17151728	9400000	240000	785150137
300000	17334192	9500000	240000	788057647
300000	17516656	9600000	240000	785728678
300000	17699104	9700000	240000	787452522
300000	17881568	9800000	240000	786993717
300000	18064032	9900000	240000	786746828
400000	182848	100000	559908	1056024617
400000	1825008	1000000	320208	894932177
400000	18246496	10000000	320000	1050650440
400000	2007456	1100000	320128	904684496
400000	2189920	1200000	320084	912872654
400000	2372384	1300000	320072	916254551
400000	2554848	1400000	320036	922710655
400000	2737312	1500000	320034	928802352
400000	2919776	1600000	320022	934348577
400000	3102224	1700000	320016	939301937
400000	3284688	1800000	320012	944768720
400000	3467152	1900000	320006	948875555
400000	365312	200000	376116	885687993
400000	3649616	2000000	320006	953094907
400000	3832080	2100000	320008	957717383
400000	4014528	2200000	320004	961745263
400000	4196992	2300000	320002	964926323
400000	4379456	2400000	320000	971448924
400000	4561920	2500000	320002	971535628
400000	4744384	2600000	320000	975474913
400000	4926832	2700000	320004	978307878
400000	5109296	2800000	320002	981449167
400000	5291760	2900000	320002	984307582
400000	547776	300000	338300	853927729
400000	5474224	3000000	320000	986604813
400000	5656688	3100000	320002	988687912
400000	5839152	3200000	320002	992045493
400000	6021600	3300000	320000	995700249
400000	6204064	3400000	320000	995703520
400000	6386528	3500000	320002	997865575
400000	6568992	3600000	320000	1001919263
400000	6751456	3700000	320002	1001469643
400000	6933904	3800000	320000	1004722364
400000	7116368	3900000	320000	1005133116
400000	730240	400000	327136	848711749
400000	7298832	4000000	320000	1007214375
400000	7481296	4100000	320002	1008321383
400000	7663760	4200000	320000	1010378223
400000	7846208	4300000	320000	1011758211
400000	8028672	4400000	320000	1013171453
400000	8211136	4500000	320000	1014075449
400000	8393600	4600000	320000	1015691911
400000	8576064	4700000	320000	1017174357
400000	8758528	4800000	320000	1018623745
400000	8940976	4900000	320000	1019617154
400000	912704	500000	323204	856591540
400000	9123440	5000000	320000	1022644795
400000	9305904	5100000	320000	1020679688
400000	9488368	5200000	320000	1022650383
400000	9670832	5300000	320000	1022289691
400000	9853280	5400000	320000	1026280526
400000	10035744	5500000	320000	1026070553
400000	10218208	5600000	320000	1027126356
400000	10400672	5700000	320000	1028540179
400000	10583136	5800000	320000	1028431666
400000	10765584	5900000	320000	1029166859
400000	1095152	600000	321594	862115327
400000	10948048	6000000	320000	1029782678
400000	11130512	6100000	320000	1030457581
400000	11312976	6200000	320000	1031710303
400000	11495440	6300000	320000	1032804263
400000	11677904	6400000	320000	1033615235
400000	11860352	6500000	320000	1034026831
400000	12042816	6600000	320000	1036362265
400000	12225280	6700000	320000	1035247290
400000	12407744	6800000	320000	1036651868
400000	12590208	6900000	320000	1037756957
400000	1277616	700000	320824	871265726
400000	12772656	7000000	320000	1036499085
400000	12955120	7100000	320000	1037510690
400000	13137584	7200000	320000	1038651463
400000	13320048	7300000	320000	1040641046
400000	13502512	7400000	320000	1039818197
400000	13684976	7500000	320000	1040362178
400000	13867424	7600000	320000	1042455784
400000	14049888	7700000	320000	1041662952
400000	14232352	7800000	320000	1041035461
400000	14414816	7900000	320000	1044285833
400000	1460080	800000	320464	881422902
400000	14597280	8000000	320000	1042794955
400000	14779728	8100000	320000	1043487125
400000	14962192	8200000	320000	1044244614
400000	15144656	8300000	320000	1043777497
400000	15327120	8400000	320000	1044789402
400000	15509584	8500000	320000	1046735014
400000	15692032	8600000	320000	1045550529
400000	15874496	8700000	320000	1046882928
400000	16056960	8800000	320000	1047058888
400000	16239424	8900000	320000	1046121874
400000	1642544	900000	320266	887456340
400000	16421888	9000000	320000	1048471812
400000	16604352	9100000	320000	1047508389
400000	16786800	9200000	320000	1048091842
400000	16969264	9300000	320000	1048095372
400000	17151728	9400000	320000	1049323619
400000	17334192	9500000	320000	1049475727
400000	17516656	9600000	320000	1050007516
400000	17699104	9700000	320000	1050100899
400000	17881568	9800000	320000	1050438791
400000	18064032	9900000	320000	1050469504
500000	182848	100000	837662	1672727060
500000	1825008	1000000	400646	1120041472
500000	18246496	10000000	400000	1316044734
500000	2007456	1100000	400428	1129753147
500000	2189920	1200000	400296	1137627331
500000	2372384	1300000	400194	1146490177
500000	2554848	1400000	400144	1153209539
500000	2737312	1500000	400096	1161723833
500000	2919776	1600000	400074	1167642641
500000	3102224	1700000	400064	1174428408
500000	3284688	1800000	400050	1180839531
500000	3467152	1900000	400044	1188986815
500000	365312	200000	517488	1307273673
500000	3649616	2000000	400024	1191154249
500000	3832080	2100000	400028	1197231382
500000	4014528	2200000	400026	1201213352
500000	4196992	2300000	400016	1206131011
500000	4379456	2400000	400012	1212976323
500000	4561920	2500000	400006	1215772095
500000	4744384	2600000	400008	1219219582
500000	4926832	2700000	400004	1222850376
500000	5109296	2800000	400000	1226186567
500000	5291760	2900000	400006	1230117353
500000	547776	300000	442532	1084976713
500000	5474224	3000000	400000	1232980271
500000	5656688	3100000	400004	1236095405
500000	5839152	3200000	400002	1238793633
500000	6021600	3300000	400004	1243977240
500000	6204064	3400000	400004	1244971053
500000	6386528	3500000	400000	1246590254
500000	6568992	3600000	400000	1248987729
500000	6751456	3700000	400002	1251989102
500000	6933904	3800000	400000	1254807947
500000	7116368	3900000	400004	1256776271
500000	730240	400000	417926	1070250624
500000	7298832	4000000	400000	1258135769
500000	7481296	4100000	400002	1260167640
500000	7663760	4200000	400000	1263741404
500000	7846208	4300000	400000	1264775893
500000	8028672	4400000	400000	1265305675
500000	8211136	4500000	400000	1267171249
500000	8393600	4600000	400000	1268660221
500000	8576064	4700000	400000	1270600344
500000	8758528	4800000	400000	1271927510
500000	8940976	4900000	400000	1273765432
500000	912704	500000	408540	1072808195
500000	9123440	5000000	400000	1276612962
500000	9305904	5100000	400002	1282075969
500000	9488368	5200000	400000	1276250455
500000	9670832	5300000	400000	1279030180
500000	9853280	5400000	400000	1279953916
500000	10035744	5500000	400000	1282080028
500000	10218208	5600000	400000	1280999706
500000	10400672	5700000	400000	1284224714
500000	10583136	5800000	400000	1284680895
500000	10765584	5900000	400002	1284766226
500000	1095152	600000	404462	1081598766
500000	10948048	6000000	400000	1285884458
500000	11130512	6100000	400000	1288324632
500000	11312976	6200000	400000	1289304511
500000	11495440	6300000	400000	1290313303
500000	11677904	6400000	400000	1289767882
500000	11860352	6500000	400000	1291138869
500000	12042816	6600000	400000	1292301268
500000	12225280	6700000	400000	1293577644
500000	12407744	6800000	400000	1294339666
500000	12590208	6900000	400000	1294041375
500000	1277616	700000	402556	1091769616
500000	12772656	7000000	400000	1295099745
500000	12955120	7100000	400000	1295197783
500000	13137584	7200000	400000	1296514285
500000	13320048	7300000	400000	1297125583
500000	13502512	7400000	400000	1297873164
500000	13684976	7500000	400000	1300943038
500000	13867424	7600000	400000	1299198955
500000	14049888	7700000	400000	1300061386
500000	14232352	7800000	400000	1300960180
500000	14414816	7900000	400000	1302222020
500000	1460080	800000	401478	1100400925
500000	14597280	8000000	400000	1301622340
500000	14779728	8100000	400000	1303700658
500000	14962192	8200000	400000	1302845860
500000	15144656	8300000	400000	1301830353
500000	15327120	8400000	400000	1303691515
500000	15509584	8500000	400000	1305068390
500000	15692032	8600000	400000	1307092414
500000	15874496	8700000	400000	1308554850
500000	16056960	8800000	400000	1310642451
500000	16239424	8900000	400000	1308596310
500000	1642544	900000	400888	1110961526
500000	16421888	9000000	400000	1311239255
500000	16604352	9100000	400000	1308971073
500000	16786800	9200000	400000	1310455522
500000	16969264	9300000	400000	1313276687
500000	17151728	9400000	400000	1312209006
500000	17334192	9500000	400000	1315121743
500000	17516656	9600000	400000	1313040166
500000	17699104	9700000	400000	1314629981
500000	17881568	9800000	400000	1314435741
500000	18064032	9900000	400000	1314492454
600000	182848	100000	1168068	2114412582
600000	1825008	1000000	481536	1352162701
600000	18246496	10000000	480000	1579559450
600000	2007456	1100000	481072	1363140768
600000	2189920	1200000	480762	1372451344
600000	2372384	1300000	480590	1384290024
600000	2554848	1400000	480382	1390779872
600000	2737312	1500000	480318	1400143844
600000	2919776	1600000	480300	1407069746
600000	3102224	1700000	480146	1415713927
600000	3284688	1800000	480136	1422925753
600000	3467152	1900000	480112	1430175591
600000	365312	200000	687762	1613575261
600000	3649616	2000000	480104	1435395192
600000	3832080	2100000	480074	1442400685
600000	4014528	2200000	480060	1448192387
600000	4196992	2300000	480044	1453416388
600000	4379456	2400000	480032	1459917763
600000	4561920	2500000	480024	1463569460
600000	4744384	2600000	480034	1467761673
600000	4926832	2700000	480016	1472232704
600000	5109296	2800000	480010	1477291208
600000	5291760	2900000	480020	1480221084
600000	547776	300000	562258	1517091923
600000	5474224	3000000	480006	1483835298
600000	5656688	3100000	480008	1489297028
600000	5839152	3200000	480010	1492894790
600000	6021600	3300000	480010	1495175098
600000	6204064	3400000	480008	1498444933
600000	6386528	3500000	480008	1500977034
600000	6568992	3600000	480000	1504138523
600000	6751456	3700000	480002	1508225087
600000	6933904	3800000	480002	1509550326
600000	7116368	3900000	480006	1512995613
600000	730240	400000	517522	1502577646
600000	7298832	4000000	480002	1514603528
600000	7481296	4100000	480004	1517678043
600000	7663760	4200000	480000	1518704716
600000	7846208	4300000	480002	1521330048
600000	8028672	4400000	480002	1522106400
600000	8211136	4500000	480000	1525075167
600000	8393600	4600000	480004	1527918756
600000	8576064	4700000	480002	1530318874
600000	8758528	4800000	480000	1531605154
600000	8940976	4900000	480000	1531930646
600000	912704	500000	499352	1303263520
600000	9123440	5000000	480002	1534363515
600000	9305904	5100000	480000	1538936987
600000	9488368	5200000	480000	1537956370
600000	9670832	5300000	480002	1538729034
600000	9853280	5400000	480000	1540706251
600000	10035744	5500000	480008	1540019405
600000	10218208	5600000	480000	1545172676
600000	10400672	5700000	480002	1544624520
600000	10583136	5800000	480000	1545281942
600000	10765584	5900000	480000	1547218005
600000	1095152	600000	490436	1312527806
600000	10948048	6000000	480000	1549722777
600000	11130512	6100000	480000	1548954933
600000	11312976	6200000	480000	1549547932
600000	11495440	6300000	480000	1551854930
600000	11677904	6400000	480000	1553089846
600000	11860352	6500000	480000	1553094166
600000	12042816	6600000	480000	1554793608
600000	12225280	6700000	480000	1556149531
600000	12407744	6800000	480000	1556892087
600000	12590208	6900000	480000	1555741707
600000	1277616	700000	486032	1318546697
600000	12772656	7000000	480000	1558284559
600000	12955120	7100000	480000	1559068467
600000	13137584	7200000	480002	1559468007
600000	13320048	7300000	480000	1560497465
600000	13502512	7400000	480000	1561412074
600000	13684976	7500000	480000	1560815422
600000	13867424	7600000	480000	1564057688
600000	14049888	7700000	480000	1563642651
600000	14232352	7800000	480000	1565091668
600000	14414816	7900000	480000	1565659497
600000	1460080	800000	483722	1329289960
600000	14597280	8000000	480000	1565674301
600000	14779728	8100000	480000	1566646921
600000	14962192	8200000	480000	1566570786
600000	15144656	8300000	480002	1568583441
600000	15327120	8400000	480000	1568771834
600000	15509584	8500000	480000	1569999915
600000	15692032	8600000	480000	1570340806
600000	15874496	8700000	480000	1570316042
600000	16056960	8800000	480000	1571548599
600000	16239424	8900000	480000	1571324934
600000	1642544	900000	482344	1341650930
600000	16421888	9000000	480000	1572957897
600000	16604352	9100000	480000	1572530518
600000	16786800	9200000	480000	1572360715
600000	16969264	9300000	480000	1573322076
600000	17151728	9400000	480000	1574053989
600000	17334192	9500000	480000	1575474448
600000	17516656	9600000	480000	1575069305
600000	17699104	9700000	480000	1578144992
600000	17881568	9800000	480000	1579178401
600000	18064032	9900000	480000	1578724953
700000	182848	100000	1548272	2602625892
700000	1825008	1000000	563314	1785891224
700000	18246496	10000000	560000	2034529358
700000	2007456	1100000	562458	1796325061
700000	2189920	1200000	561658	1807927244
700000	2372384	1300000	561156	1819205528
700000	2554848	1400000	560846	1829596904
700000	2737312	1500000	560628	1841823261
700000	2919776	1600000	560446	1850855915
700000	3102224	1700000	560386	1858711092
700000	3284688	1800000	560356	1866634495
700000	3467152	1900000	560202	1873036170
700000	365312	200000	889006	1938913474
700000	3649616	2000000	560202	1883714007
700000	3832080	2100000	560134	1887199382
700000	4014528	2200000	560128	1892897092
700000	4196992	2300000	560108	1900030634
700000	4379456	2400000	560098	1907679676
700000	4561920	2500000	560058	1929910472
700000	4744384	2600000	560058	1917932179
700000	4926832	2700000	560072	1921024904
700000	5109296	2800000	560040	1928140075
700000	5291760	2900000	560036	1961434385
700000	547776	300000	699600	1773739514
700000	5474224	3000000	560028	1937262450
700000	5656688	3100000	560024	1942339389
700000	5839152	3200000	560022	1946280300
700000	6021600	3300000	560020	1969238593
700000	6204064	3400000	560010	1953129155
700000	6386528	3500000	560022	1956628435
700000	6568992	3600000	560012	1959956686
700000	6751456	3700000	560006	1964153077
700000	6933904	3800000	560014	1965064782
700000	7116368	3900000	560010	1968835174
700000	730240	400000	627912	1729076591
700000	7298832	4000000	560010	1970207004
700000	7481296	4100000	560004	1972401583
700000	7663760	4200000	560004	1979619746
700000	7846208	4300000	560002	1975975391
700000	8028672	4400000	560006	1981602418
700000	8211136	4500000	560000	1982635332
700000	8393600	4600000	560004	1985169517
700000	8576064	4700000	560002	1989276827
700000	8758528	4800000	560006	1988648445
700000	8940976	4900000	560018	1993490574
700000	912704	500000	595924	1728241874
700000	9123440	5000000	560002	1992356815
700000	9305904	5100000	560004	1993369962
700000	9488368	5200000	560000	1996709147
700000	9670832	5300000	560002	2000433854
700000	9853280	5400000	560006	2001160743
700000	10035744	5500000	560000	2002157537
700000	10218208	5600000	560002	2002525503
700000	10400672	5700000	560006	2006135607
700000	10583136	5800000	560000	2005043463
700000	10765584	5900000	560000	2006075379
700000	1095152	600000	580448	1737752559
700000	10948048	6000000	560000	2011919548
700000	11130512	6100000	560002	2008627559
700000	11312976	6200000	560000	2012267937
700000	11495440	6300000	560000	2015741828
700000	11677904	6400000	560002	2014980285
700000	11860352	6500000	560000	2014618961
700000	12042816	6600000	560000	2016349031
700000	12225280	6700000	560000	2018003551
700000	12407744	6800000	560000	2018099908
700000	12590208	6900000	560004	2017569304
700000	1277616	700000	572396	1747189824
700000	12772656	7000000	560000	2020192260
700000	12955120	7100000	560000	2022255307
700000	13137584	7200000	560000	2023984026
700000	13320048	7300000	560000	2024976270
700000	13502512	7400000	560002	2023270946
700000	13684976	7500000	560000	2023718490
700000	13867424	7600000	560000	2026842705
700000	14049888	7700000	560000	2026579613
700000	14232352	7800000	560000	2028381081
700000	14414816	7900000	560000	2028211517
700000	1460080	800000	567624	1760491735
700000	14597280	8000000	560000	2029188740
700000	14779728	8100000	560000	2028601790
700000	14962192	8200000	560000	2031606012
700000	15144656	8300000	560000	2029180338
700000	15327120	8400000	560000	2046892318
700000	15509584	8500000	560000	2031770469
700000	15692032	8600000	560000	2034772992
700000	15874496	8700000	560000	2034234761
700000	16056960	8800000	560000	2032902157
700000	16239424	8900000	560000	2035993647
700000	1642544	900000	564796	1772398032
700000	16421888	9000000	560000	2037176719
700000	16604352	9100000	560000	2036861153
700000	16786800	9200000	560000	2038020282
700000	16969264	9300000	560000	2036727368
700000	17151728	9400000	560000	2037927865
700000	17334192	9500000	560000	2033507161
700000	17516656	9600000	560000	2033110198
700000	17699104	9700000	560000	2033296653
700000	17881568	9800000	560000	2033552718
700000	18064032	9900000	560000	2035471844
800000	182848	100000	1972074	3648293812
800000	1825008	1000000	646096	2000716616
800000	18246496	10000000	640000	2288800022
800000	2007456	1100000	644242	2010233315
800000	2189920	1200000	643136	2022235647
800000	2372384	1300000	642348	2034207585
800000	2554848	1400000	641756	2044743952
800000	2737312	1500000	641398	2055790656
800000	2919776	1600000	641092	2068035762
800000	3102224	1700000	640746	2077518997
800000	3284688	1800000	640638	2088279147
800000	3467152	1900000	640454	2095313325
800000	365312	200000	1121462	2313246524
800000	3649616	2000000	640408	2109876740
800000	3832080	2100000	640266	2112315843
800000	4014528	2200000	640224	2119231442
800000	4196992	2300000	640270	2125172039
800000	4379456	2400000	640150	2131666715
800000	4561920	2500000	640174	2138698066
800000	4744384	2600000	640152	2144937343
800000	4926832	2700000	640098	2151069002
800000	5109296	2800000	640078	2155867609
800000	5291760	2900000	640068	2162476579
800000	547776	300000	856708	2064620217
800000	5474224	3000000	640058	2167302862
800000	5656688	3100000	640070	2172037951
800000	5839152	3200000	640048	2176267031
800000	6021600	3300000	640036	2180403680
800000	6204064	3400000	640036	2184569940
800000	6386528	3500000	640044	2189013705
800000	6568992	3600000	640018	2193962732
800000	6751456	3700000	640040	2196289286
800000	6933904	3800000	640032	2197464592
800000	7116368	3900000	640022	2202915083
800000	730240	400000	750202	1978218836
800000	7298832	4000000	640024	2204764002
800000	7481296	4100000	640012	2209829693
800000	7663760	4200000	640010	2227347931
800000	7846208	4300000	640018	2216311801
800000	8028672	4400000	640014	2216686330
800000	8211136	4500000	640008	2224439095
800000	8393600	4600000	640010	2222146671
800000	8576064	4700000	640002	2224546203
800000	8758528	4800000	640008	2225688121
800000	8940976	4900000	640010	2228496956
800000	912704	500000	701254	1958351152
800000	9123440	5000000	640012	2229313436
800000	9305904	5100000	640010	2233568591
800000	9488368	5200000	640008	2235070133
800000	9670832	5300000	640008	2237998396
800000	9853280	5400000	640008	2238169503
800000	10035744	5500000	640010	2242324511
800000	10218208	5600000	640008	2243918775
800000	10400672	5700000	640004	2247813879
800000	10583136	5800000	640002	2242000077
800000	10765584	5900000	640002	2250013221
800000	1095152	600000	675232	1955752324
800000	10948048	6000000	640004	2248254046
800000	11130512	6100000	640002	2251896520
800000	11312976	6200000	640000	2252685553
800000	11495440	6300000	640002	2253228686
800000	11677904	6400000	640002	2253774061
800000	11860352	6500000	640002	2255509521
800000	12042816	6600000	640002	2258053150
800000	12225280	6700000	640000	2258238295
800000	12407744	6800000	640002	2259115296
800000	12590208	6900000	640004	2260290902
800000	1277616	700000	661456	1962552359
800000	12772656	7000000	640000	2260612363
800000	12955120	7100000	640000	2262309440
800000	13137584	7200000	640002	2265469314
800000	13320048	7300000	640000	2265338126
800000	13502512	7400000	640000	2264949369
800000	13684976	7500000	640000	2267092397
800000	13867424	7600000	640000	2271710355
800000	14049888	7700000	640000	2267198102
800000	14232352	7800000	640004	2270433465
800000	14414816	7900000	640000	2271875586
800000	1460080	800000	653752	1971212790
800000	14597280	8000000	640000	2270094105
800000	14779728	8100000	640000	2271781029
800000	14962192	8200000	640004	2274219679
800000	15144656	8300000	640000	2274062919
800000	15327120	8400000	640000	2275759872
800000	15509584	8500000	640000	2273764615
800000	15692032	8600000	640004	2277181782
800000	15874496	8700000	640002	2278432794
800000	16056960	8800000	640000	2277663102
800000	16239424	8900000	640002	2276833521
800000	1642544	900000	649000	1983918403
800000	16421888	9000000	640000	2278718486
800000	16604352	9100000	640000	2282793547
800000	16786800	9200000	640000	2282865596
800000	16969264	9300000	640000	2282772318
800000	17151728	9400000	640000	2279904357
800000	17334192	9500000	640000	2286105730
800000	17516656	9600000	640002	2286035260
800000	17699104	9700000	640000	2285834860
800000	17881568	9800000	640000	2286154171
800000	18064032	9900000	640000	2286592916
900000	182848	100000	2419740	4736728063
900000	1825008	1000000	730900	2211073017
900000	18246496	10000000	720002	2536758732
900000	2007456	1100000	727744	2225081411
900000	2189920	1200000	725672	2238267645
900000	2372384	1300000	724078	2250962828
900000	2554848	1400000	723188	2262762648
900000	2737312	1500000	722352	2274989216
900000	2919776	1600000	721806	2287371879
900000	3102224	1700000	721426	2301057232
900000	3284688	1800000	721204	2311314235
900000	3467152	1900000	720884	2319441136
900000	365312	200000	1380852	2685346609
900000	3649616	2000000	720676	2327816496
900000	3832080	2100000	720610	2341905014
900000	4014528	2200000	720508	2346576912
900000	4196992	2300000	720392	2354441905
900000	4379456	2400000	720322	2361674604
900000	4561920	2500000	720306	2367919639
900000	4744384	2600000	720234	2374762635
900000	4926832	2700000	720200	2384630712
900000	5109296	2800000	720192	2388506305
900000	5291760	2900000	720140	2394239692
900000	547776	300000	1031526	2358578091
900000	5474224	3000000	720110	2400229997
900000	5656688	3100000	720096	2405492096
900000	5839152	3200000	720078	2411554054
900000	6021600	3300000	720068	2416487169
900000	6204064	3400000	720070	2419565996
900000	6386528	3500000	720062	2425450321
900000	6568992	3600000	720072	2425875408
900000	6751456	3700000	720042	2433212194
900000	6933904	3800000	720040	2435460619
900000	7116368	3900000	720040	2442099509
900000	730240	400000	885426	2230877785
900000	7298832	4000000	720032	2444308416
900000	7481296	4100000	720024	2445522937
900000	7663760	4200000	720040	2449580330
900000	7846208	4300000	720028	2452173269
900000	8028672	4400000	720020	2455279130
900000	8211136	4500000	720016	2458735814
900000	8393600	4600000	720022	2465943393
900000	8576064	4700000	720022	2463342747
900000	8758528	4800000	720022	2466988439
900000	8940976	4900000	720016	2468766495
900000	912704	500000	814772	2191656564
900000	9123440	5000000	720016	2471073345
900000	9305904	5100000	720006	2472492665
900000	9488368	5200000	720002	2475863401
900000	9670832	5300000	720008	2479580957
900000	9853280	5400000	720004	2479837968
900000	10035744	5500000	720012	2482969332
900000	10218208	5600000	720006	2483974682
900000	10400672	5700000	720008	2490964118
900000	10583136	5800000	720006	2486622472
900000	10765584	5900000	720004	2487244124
900000	1095152	600000	776696	2177009688
900000	10948048	6000000	720002	2491586680
900000	11130512	6100000	720006	2492925255
900000	11312976	6200000	720008	2493806658
900000	11495440	6300000	720004	2495579136
900000	11677904	6400000	720002	2500219918
900000	11860352	6500000	720002	2499586178
900000	12042816	6600000	720002	2501353309
900000	12225280	6700000	720000	2502036990
900000	12407744	6800000	720002	2507190308
900000	12590208	6900000	720000	2504070687
900000	1277616	700000	755776	2177717023
900000	12772656	7000000	720004	2505726249
900000	12955120	7100000	720004	2508634483
900000	13137584	7200000	720000	2507821431
900000	13320048	7300000	720002	2512336889
900000	13502512	7400000	720000	2510271180
900000	13684976	7500000	720002	2511084015
900000	13867424	7600000	720004	2514868242
900000	14049888	7700000	720002	2514282896
900000	14232352	7800000	720000	2532953102
900000	14414816	7900000	720006	2518132702
900000	1460080	800000	743360	2186640087
900000	14597280	8000000	720000	2517370833
900000	14779728	8100000	720002	2519452756
900000	14962192	8200000	720000	2519721437
900000	15144656	8300000	720000	2522432930
900000	15327120	8400000	720002	2520669342
900000	15509584	8500000	720000	2521723760
900000	15692032	8600000	720000	2523948888
900000	15874496	8700000	720002	2526112989
900000	16056960	8800000	720000	2524767932
900000	16239424	8900000	720000	2526947788
900000	1642544	900000	735570	2196579170
900000	16421888	9000000	720000	2530946531
900000	16604352	9100000	720000	2530773111
900000	16786800	9200000	720000	2528167360
900000	16969264	9300000	720000	2528785189
900000	17151728	9400000	720000	2533321378
900000	17334192	9500000	720000	2536931704
900000	17516656	9600000	720000	2536963946
900000	17699104	9700000	720000	2534378037
900000	17881568	9800000	720002	2537210390
900000	18064032	9900000	720002	2538628274
