100000	1825008	1000000	100000	269653242
100000	18246496	10000000	100000	310063159
100000	3649616	2000000	100000	287230610
100000	5474224	3000000	100000	294210117
100000	7298832	4000000	100000	299115012
100000	9123440	5000000	100000	302958651
100000	10948048	6000000	100000	305072845
100000	12772656	7000000	100000	306597291
100000	14597280	8000000	100000	308561734
100000	16421888	9000000	100000	309746536
10000	182848	100000	10000	380800490
10000	1825008	1000000	10000	25908818
10000	365312	200000	10000	24701848
10000	547776	300000	10000	24788644
10000	730240	400000	10000	25121445
10000	912704	500000	10000	25125468
10000	1095152	600000	10000	26007571
10000	1277616	700000	10000	27153213
10000	1460080	800000	10000	25570963
10000	1642544	900000	10000	25716591
20000	1825008	1000000	20000	53350443
20000	2189920	1200000	20000	54108768
20000	2554848	1400000	20000	53498991
20000	2919776	1600000	20000	54096187
20000	3284688	1800000	20000	54722235
20000	365312	200000	20000	48713773
20000	3649616	2000000	20000	55198450
20000	730240	400000	20000	49475774
20000	1095152	600000	20000	51705916
20000	1460080	800000	20000	51403113
30000	2189920	1200000	30000	82020975
30000	2737312	1500000	30000	82671603
30000	3284688	1800000	30000	85484143
30000	3832080	2100000	30000	84924167
30000	4379456	2400000	30000	86237766
30000	4926832	2700000	30000	86214878
30000	547776	300000	30000	74218933
30000	5474224	3000000	30000	88342701
30000	1095152	600000	30000	76301951
30000	1642544	900000	30000	81105713
40000	2189920	1200000	40000	108437554
40000	2919776	1600000	40000	111998004
40000	3649616	2000000	40000	113376179
40000	4379456	2400000	40000	115896973
40000	5109296	2800000	40000	116230082
40000	5839152	3200000	40000	116799167
40000	6568992	3600000	40000	118648764
40000	730240	400000	40000	101354840
40000	7298832	4000000	40000	118386252
40000	1460080	800000	40000	106122713
50000	1825008	1000000	50000	135437503
50000	2737312	1500000	50000	138810187
50000	3649616	2000000	50000	140785147
50000	4561920	2500000	50000	143051916
50000	5474224	3000000	50000	147669993
50000	6386528	3500000	50000	147485461
50000	7298832	4000000	50000	147955159
50000	8211136	4500000	50000	149543614
50000	912704	500000	50000	128023933
50000	9123440	5000000	50000	149991802
60000	2189920	1200000	60000	163146032
60000	3284688	1800000	60000	169027419
60000	4379456	2400000	60000	172084316
60000	5474224	3000000	60000	176466776
60000	6568992	3600000	60000	177586679
60000	7663760	4200000	60000	179496892
60000	8758528	4800000	60000	180402122
60000	9853280	5400000	60000	181813224
60000	1095152	600000	60000	156409451
60000	10948048	6000000	60000	181042482
70000	2554848	1400000	70000	193076187
70000	3832080	2100000	70000	199830515
70000	5109296	2800000	70000	204518000
70000	6386528	3500000	70000	206811255
70000	7663760	4200000	70000	209551972
70000	8940976	4900000	70000	212504829
70000	10218208	5600000	70000	211224919
70000	11495440	6300000	70000	214323075
70000	1277616	700000	70000	183755925
70000	12772656	7000000	70000	213948592
80000	2919776	1600000	80000	222812056
80000	4379456	2400000	80000	231660040
80000	5839152	3200000	80000	234904803
80000	7298832	4000000	80000	238002032
80000	8758528	4800000	80000	241826281
80000	10218208	5600000	80000	242817900
80000	11677904	6400000	80000	243087770
80000	13137584	7200000	80000	244341122
80000	1460080	800000	80000	211727613
80000	14597280	8000000	80000	246462768
90000	3284688	1800000	90000	255389760
90000	4926832	2700000	90000	262817183
90000	6568992	3600000	90000	267646324
90000	8211136	4500000	90000	270236060
90000	9853280	5400000	90000	273714846
90000	11495440	6300000	90000	275663064
90000	13137584	7200000	90000	277152058
90000	14779728	8100000	90000	277434160
90000	1642544	900000	90000	240188593
90000	16421888	9000000	90000	277798433
