100000	182848	100000	101514	4191665582
100000	1825008	1000000	100000	231865957
100000	18246496	10000000	100000	301561899
100000	2007456	1100000	100000	231484493
100000	2189920	1200000	100000	276257660
100000	2372384	1300000	100000	230415702
100000	2554848	1400000	100000	237540082
100000	2737312	1500000	100000	242095527
100000	2919776	1600000	100000	286176216
100000	3102224	1700000	100000	235966965
100000	3284688	1800000	100000	238519994
100000	3467152	1900000	100000	243666204
100000	365312	200000	100096	219017694
100000	3649616	2000000	100000	245828820
100000	3832080	2100000	100000	277833731
100000	4014528	2200000	100000	242642802
100000	4196992	2300000	100000	249227749
100000	4379456	2400000	100000	250349080
100000	4561920	2500000	100000	295696990
100000	4744384	2600000	100000	247488628
100000	4926832	2700000	100000	249475641
100000	5109296	2800000	100000	253228454
100000	5291760	2900000	100000	254671782
100000	547776	300000	100018	310153629
100000	5474224	3000000	100000	280437583
100000	5656688	3100000	100000	249878312
100000	5839152	3200000	100000	258686436
100000	6021600	3300000	100000	257216338
100000	6204064	3400000	100000	261025119
100000	6386528	3500000	100000	278474026
100000	6568992	3600000	100000	254984520
100000	6751456	3700000	100000	260253124
100000	6933904	3800000	100000	260743677
100000	7116368	3900000	100000	254319813
100000	730240	400000	100012	214845059
100000	7298832	4000000	100000	281810113
100000	7481296	4100000	100000	263075731
100000	7663760	4200000	100000	263458960
100000	7846208	4300000	100000	262362060
100000	8028672	4400000	100000	258477397
100000	8211136	4500000	100000	284291147
100000	8393600	4600000	100000	258295956
100000	8576064	4700000	100000	265361136
100000	8758528	4800000	100000	264914142
100000	8940976	4900000	100000	259395068
100000	912704	500000	100000	216312451
100000	9123440	5000000	100000	296481145
100000	9305904	5100000	100000	264028857
100000	9488368	5200000	100000	267439393
100000	9670832	5300000	100000	267948320
100000	9853280	5400000	100000	261546082
100000	10035744	5500000	100000	288677184
100000	10218208	5600000	100000	260974440
100000	10400672	5700000	100000	269203483
100000	10583136	5800000	100000	268846538
100000	10765584	5900000	100000	262982694
100000	1095152	600000	100000	221332374
100000	10948048	6000000	100000	3114635541
100000	11130512	6100000	100000	264040359
100000	11312976	6200000	100000	269010399
100000	11495440	6300000	100000	269665660
100000	11677904	6400000	100000	269577828
100000	11860352	6500000	100000	263722910
100000	12042816	6600000	100000	264059965
100000	12225280	6700000	100000	263391144
100000	12407744	6800000	100000	271701628
100000	12590208	6900000	100000	271270802
100000	1277616	700000	100000	225153479
100000	12772656	7000000	100000	264869875
100000	12955120	7100000	100000	2209965098
100000	13137584	7200000	100000	269755400
100000	13320048	7300000	100000	275853379
100000	13502512	7400000	100000	271762506
100000	13684976	7500000	100000	265619127
100000	13867424	7600000	100000	265910861
100000	14049888	7700000	100000	292308734
100000	14232352	7800000	100000	265571489
100000	14414816	7900000	100000	272001785
100000	1460080	800000	100000	908084304
100000	14597280	8000000	100000	272446719
100000	14779728	8100000	100000	265912268
100000	14962192	8200000	100000	1235464225
100000	15144656	8300000	100000	268406666
100000	15327120	8400000	100000	275539421
100000	15509584	8500000	100000	274273894
100000	15692032	8600000	100000	274141849
100000	15874496	8700000	100000	266250341
100000	16056960	8800000	100000	311883213
100000	16239424	8900000	100000	268010512
100000	1642544	900000	100000	229825844
100000	16421888	9000000	100000	273732806
100000	16604352	9100000	100000	273792389
100000	16786800	9200000	100000	267664031
100000	16969264	9300000	100000	268670238
100000	17151728	9400000	100000	305190782
100000	17334192	9500000	100000	267534522
100000	17516656	9600000	100000	274766943
100000	17699104	9700000	100000	274635444
100000	17881568	9800000	100000	267678063
100000	18064032	9900000	100000	268968508
200000	182848	100000	225274	456113227
200000	1825008	1000000	200008	464226455
200000	18246496	10000000	200000	581490236
200000	2007456	1100000	200002	568680601
200000	2189920	1200000	200000	467570173
200000	2372384	1300000	200000	480007383
200000	2554848	1400000	200000	472450904
200000	2737312	1500000	200002	541325607
200000	2919776	1600000	200004	481227287
200000	3102224	1700000	200000	496850873
200000	3284688	1800000	200000	486693000
200000	3467152	1900000	200000	535992791
200000	365312	200000	203070	435169437
200000	3649616	2000000	200000	497430039
200000	3832080	2100000	200002	501979899
200000	4014528	2200000	200000	494235464
200000	4196992	2300000	200000	531979762
200000	4379456	2400000	200000	509711383
200000	4561920	2500000	200000	519950829
200000	4744384	2600000	200000	501264702
200000	4926832	2700000	200000	528412645
200000	5109296	2800000	200000	517502699
200000	5291760	2900000	200000	519300656
200000	547776	300000	200626	430304359
200000	5474224	3000000	200000	507134263
200000	5656688	3100000	200000	533757289
200000	5839152	3200000	200000	521186429
200000	6021600	3300000	200000	522322629
200000	6204064	3400000	200000	526997045
200000	6386528	3500000	200000	538652213
200000	6568992	3600000	200000	528574682
200000	6751456	3700000	200000	514919319
200000	6933904	3800000	200000	528984337
200000	7116368	3900000	200000	519644965
200000	730240	400000	200246	462080820
200000	7298832	4000000	200000	533346300
200000	7481296	4100000	200000	518465565
200000	7663760	4200000	200000	622974100
200000	7846208	4300000	200000	521102012
200000	8028672	4400000	200000	546401025
200000	8211136	4500000	200000	522122426
200000	8393600	4600000	200000	2554940865
200000	8576064	4700000	200000	525039460
200000	8758528	4800000	200000	537199393
200000	8940976	4900000	200000	525982901
200000	912704	500000	200058	444224499
200000	9123440	5000000	200000	606221269
200000	9305904	5100000	200000	525192135
200000	9488368	5200000	200000	539723260
200000	9670832	5300000	200000	529070212
200000	9853280	5400000	200000	588061685
200000	10035744	5500000	200000	529974093
200000	10218208	5600000	200000	540642792
200000	10400672	5700000	200000	527678921
200000	10583136	5800000	200000	572652121
200000	10765584	5900000	200000	530889055
200000	1095152	600000	200030	446228897
200000	10948048	6000000	200000	543548317
200000	11130512	6100000	200000	533845644
200000	11312976	6200000	200000	557700243
200000	11495440	6300000	200000	545545208
200000	11677904	6400000	200000	545957438
200000	11860352	6500000	200000	540828314
200000	12042816	6600000	200000	571415342
200000	12225280	6700000	200000	547290100
200000	12407744	6800000	200000	534376802
200000	12590208	6900000	200000	547188363
200000	1277616	700000	200022	445522065
200000	12772656	7000000	200000	538859278
200000	12955120	7100000	200000	548799701
200000	13137584	7200000	200000	535533401
200000	13320048	7300000	200000	640904387
200000	13502512	7400000	200000	537965458
200000	13684976	7500000	200000	548572440
200000	13867424	7600000	200000	539200203
200000	14049888	7700000	200000	814751169
200000	14232352	7800000	200000	536084050
200000	14414816	7900000	200000	554192578
200000	1460080	800000	200022	480403054
200000	14597280	8000000	200000	540015418
200000	14779728	8100000	200000	601241275
200000	14962192	8200000	200000	543134167
200000	15144656	8300000	200000	551540101
200000	15327120	8400000	200000	545240416
200000	15509584	8500000	200000	574132372
200000	15692032	8600000	200000	553892940
200000	15874496	8700000	200000	553021198
200000	16056960	8800000	200000	555389643
200000	16239424	8900000	200000	578181504
200000	1642544	900000	200004	463138246
200000	16421888	9000000	200000	554813465
200000	16604352	9100000	200000	538934608
200000	16786800	9200000	200000	1966910648
200000	16969264	9300000	200000	540143830
200000	17151728	9400000	200000	555331363
200000	17334192	9500000	200000	541004971
200000	17516656	9600000	200000	617514348
200000	17699104	9700000	200000	540876019
200000	17881568	9800000	200000	554642211
200000	18064032	9900000	200000	541944699
300000	182848	100000	398772	753991077
300000	1825008	1000000	300038	704508941
300000	18246496	10000000	300000	829296811
300000	2007456	1100000	300020	749825258
300000	2189920	1200000	300022	717780099
300000	2372384	1300000	300014	709278824
300000	2554848	1400000	300008	740319181
300000	2737312	1500000	300002	737167008
300000	2919776	1600000	300002	836768850
300000	3102224	1700000	300004	728872713
300000	3284688	1800000	300000	748384547
300000	3467152	1900000	300000	809677429
300000	365312	200000	317312	667645984
300000	3649616	2000000	300000	756253009
300000	3832080	2100000	300004	745531134
300000	4014528	2200000	300000	774974083
300000	4196992	2300000	300000	764912730
300000	4379456	2400000	300000	875332438
300000	4561920	2500000	300000	764678842
300000	4744384	2600000	300000	773279691
300000	4926832	2700000	300000	854832105
300000	5109296	2800000	300000	763389641
300000	5291760	2900000	300000	761498544
300000	547776	300000	304664	685574935
300000	5474224	3000000	300004	803886577
300000	5656688	3100000	300000	787575161
300000	5839152	3200000	300004	900281228
300000	6021600	3300000	300000	770928648
300000	6204064	3400000	300000	791400082
300000	6386528	3500000	300000	852109223
300000	6568992	3600000	300000	797965410
300000	6751456	3700000	300000	780133393
300000	6933904	3800000	300000	808866735
300000	7116368	3900000	300000	801568360
300000	730240	400000	301640	662080210
300000	7298832	4000000	300000	887612694
300000	7481296	4100000	300000	782173855
300000	7663760	4200000	300000	803602008
300000	7846208	4300000	300000	843019382
300000	8028672	4400000	300000	807017650
300000	8211136	4500000	300000	787348286
300000	8393600	4600000	300000	815717208
300000	8576064	4700000	300000	809445830
300000	8758528	4800000	300000	885226827
300000	8940976	4900000	300000	793518102
300000	912704	500000	300704	944904476
300000	9123440	5000000	300000	795713434
300000	9305904	5100000	300000	826781733
300000	9488368	5200000	300000	820696161
300000	9670832	5300000	300000	918187738
300000	9853280	5400000	300000	799676640
300000	10035744	5500000	300000	819241201
300000	10218208	5600000	300000	861357342
300000	10400672	5700000	300000	823456241
300000	10583136	5800000	300000	799523470
300000	10765584	5900000	300000	826372164
300000	1095152	600000	300346	669008035
300000	10948048	6000000	300000	821375478
300000	11130512	6100000	300000	894874362
300000	11312976	6200000	300000	804405376
300000	11495440	6300000	300000	805752573
300000	11677904	6400000	300000	831700344
300000	11860352	6500000	300000	822036401
300000	12042816	6600000	300000	912067713
300000	12225280	6700000	300000	803922721
300000	12407744	6800000	300000	825702029
300000	12590208	6900000	300000	855035811
300000	1277616	700000	300228	683607916
300000	12772656	7000000	300000	828783887
300000	12955120	7100000	300000	938280714
300000	13137584	7200000	300000	809193387
300000	13320048	7300000	300000	827694959
300000	13502512	7400000	300000	881405786
300000	13684976	7500000	300000	831755621
300000	13867424	7600000	300000	809496673
300000	14049888	7700000	300000	838425939
300000	14232352	7800000	300000	832402866
300000	14414816	7900000	300000	892734187
300000	1460080	800000	300114	772448605
300000	14597280	8000000	300000	828566160
300000	14779728	8100000	300000	819241198
300000	14962192	8200000	300000	839500339
300000	15144656	8300000	300000	830394451
300000	15327120	8400000	300000	907238407
300000	15509584	8500000	300000	815749786
300000	15692032	8600000	300000	812586345
300000	15874496	8700000	300000	838355198
300000	16056960	8800000	300000	836810063
300000	16239424	8900000	300000	912696769
300000	1642544	900000	300070	700748896
300000	16421888	9000000	300000	832011231
300000	16604352	9100000	300000	819719176
300000	16786800	9200000	300000	844441005
300000	16969264	9300000	300000	835655983
300000	17151728	9400000	300000	914943186
300000	17334192	9500000	300000	813849103
300000	17516656	9600000	300000	816617547
300000	17699104	9700000	300000	850183184
300000	17881568	9800000	300000	840128045
300000	18064032	9900000	300000	917963844
400000	182848	100000	629460	2051641375
400000	1825008	1000000	400164	1161830639
400000	18246496	10000000	400000	1121769774
400000	2007456	1100000	400108	1250297223
400000	2189920	1200000	400106	952689510
400000	2372384	1300000	400048	1161764906
400000	2554848	1400000	400028	9409546582
400000	2737312	1500000	400014	3105618674
400000	2919776	1600000	400012	977879562
400000	3102224	1700000	400014	1024872679
400000	3284688	1800000	400018	1111593597
400000	3467152	1900000	400010	989171563
400000	365312	200000	450606	925180342
400000	3649616	2000000	400010	1021623195
400000	3832080	2100000	400004	1120515178
400000	4014528	2200000	400002	1025042951
400000	4196992	2300000	400002	1056490967
400000	4379456	2400000	400012	1106205763
400000	4561920	2500000	400004	1038326746
400000	4744384	2600000	400000	1069061101
400000	4926832	2700000	400002	1105574010
400000	5109296	2800000	400000	1045422197
400000	5291760	2900000	400000	1078396566
400000	547776	300000	415944	7230501007
400000	5474224	3000000	400000	1154579461
400000	5656688	3100000	400000	1062315721
400000	5839152	3200000	400000	1090912663
400000	6021600	3300000	400000	1208648184
400000	6204064	3400000	400000	1039613074
400000	6386528	3500000	400000	1134371032
400000	6568992	3600000	400000	1066071388
400000	6751456	3700000	400000	1088813567
400000	6933904	3800000	400000	1228921394
400000	7116368	3900000	400000	1050138203
400000	730240	400000	405992	934390928
400000	7298832	4000000	400000	1146614735
400000	7481296	4100000	400000	1075329487
400000	7663760	4200000	400000	1107368533
400000	7846208	4300000	400000	1082677396
400000	8028672	4400000	400000	1107691526
400000	8211136	4500000	400000	1212418821
400000	8393600	4600000	400000	1063924516
400000	8576064	4700000	400000	1157385295
400000	8758528	4800000	400000	1087695982
400000	8940976	4900000	400000	1114517586
400000	912704	500000	402838	1172924391
400000	9123440	5000000	400000	1090594015
400000	9305904	5100000	400000	1116372572
400000	9488368	5200000	400000	1249206369
400000	9670832	5300000	400000	1068883707
400000	9853280	5400000	400000	1188959981
400000	10035744	5500000	400000	1069338433
400000	10218208	5600000	400000	1149837119
400000	10400672	5700000	400000	1097625043
400000	10583136	5800000	400000	1134960887
400000	10765584	5900000	400000	1099359893
400000	1095152	600000	401386	920322267
400000	10948048	6000000	400000	1103005124
400000	11130512	6100000	400000	1250206672
400000	11312976	6200000	400000	1078317408
400000	11495440	6300000	400000	1184784183
400000	11677904	6400000	400000	1105675117
400000	11860352	6500000	400000	1159053481
400000	12042816	6600000	400000	1107973381
400000	12225280	6700000	400000	1122318513
400000	12407744	6800000	400000	1104363554
400000	12590208	6900000	400000	1120594457
400000	1277616	700000	400764	1111385567
400000	12772656	7000000	400000	1241960720
400000	12955120	7100000	400000	1083569449
400000	13137584	7200000	400000	1199111533
400000	13320048	7300000	400000	1097476952
400000	13502512	7400000	400000	1154791693
400000	13684976	7500000	400000	1111983378
400000	13867424	7600000	400000	1142224967
400000	14049888	7700000	400000	1124690716
400000	14232352	7800000	400000	1113206476
400000	14414816	7900000	400000	1269617785
400000	1460080	800000	400402	1209889784
400000	14597280	8000000	400000	1103654164
400000	14779728	8100000	400000	1202046777
400000	14962192	8200000	400000	1114615625
400000	15144656	8300000	400000	1176830819
400000	15327120	8400000	400000	1116847749
400000	15509584	8500000	400000	1132491711
400000	15692032	8600000	400000	1113002103
400000	15874496	8700000	400000	1135888756
400000	16056960	8800000	400000	1239966958
400000	16239424	8900000	400000	1092285576
400000	1642544	900000	400256	925243410
400000	16421888	9000000	400000	1203224518
400000	16604352	9100000	400000	1115645765
400000	16786800	9200000	400000	1156716831
400000	16969264	9300000	400000	1118344797
400000	17151728	9400000	400000	1148662771
400000	17334192	9500000	400000	1120057975
400000	17516656	9600000	400000	1120964129
400000	17699104	9700000	400000	1237567854
400000	17881568	9800000	400000	1097367867
400000	18064032	9900000	400000	1190827093
500000	182848	100000	920542	1572895886
500000	1825008	1000000	500492	1468051149
500000	18246496	10000000	500000	1440713043
500000	2007456	1100000	500358	1505640893
500000	2189920	1200000	500254	1520237434
500000	2372384	1300000	500206	7696866030
500000	2554848	1400000	500156	6148640161
500000	2737312	1500000	500086	1328724716
500000	2919776	1600000	500074	1322889250
500000	3102224	1700000	500058	1329508731
500000	3284688	1800000	500038	1340961405
500000	3467152	1900000	500036	1356174527
500000	365312	200000	609088	1300993191
500000	3649616	2000000	500026	1384035767
500000	3832080	2100000	500030	1417861656
500000	4014528	2200000	500022	1457048542
500000	4196992	2300000	500024	1260289971
500000	4379456	2400000	500016	1291230588
500000	4561920	2500000	500002	1324264517
500000	4744384	2600000	500002	1351003369
500000	4926832	2700000	500002	1417513463
500000	5109296	2800000	500004	1471986848
500000	5291760	2900000	500002	1287215661
500000	547776	300000	538276	1878960918
500000	5474224	3000000	500004	1340397730
500000	5656688	3100000	500006	1348333972
500000	5839152	3200000	500000	1436944603
500000	6021600	3300000	500002	1522605355
500000	6204064	3400000	500000	1299139747
500000	6386528	3500000	500002	1364527963
500000	6568992	3600000	500004	1417271196
500000	6751456	3700000	500002	1515643669
500000	6933904	3800000	500000	1306290306
500000	7116368	3900000	500000	1345839490
500000	730240	400000	516536	1122640638
500000	7298832	4000000	500004	1417472292
500000	7481296	4100000	500002	1527751057
500000	7663760	4200000	500000	1320507434
500000	7846208	4300000	500002	1377116151
500000	8028672	4400000	500000	1419930149
500000	8211136	4500000	500002	1544498011
500000	8393600	4600000	500000	1326444261
500000	8576064	4700000	500002	1373430142
500000	8758528	4800000	500000	1476088914
500000	8940976	4900000	500000	1361706698
500000	912704	500000	507584	2856723010
500000	9123440	5000000	500000	1334702109
500000	9305904	5100000	500000	1409464568
500000	9488368	5200000	500000	1510444527
500000	9670832	5300000	500000	1332474218
500000	9853280	5400000	500002	1381940633
500000	10035744	5500000	500000	1449543262
500000	10218208	5600000	500000	1576006417
500000	10400672	5700000	500000	1340171299
500000	10583136	5800000	500000	1405082417
500000	10765584	5900000	500000	1515906896
500000	1095152	600000	503980	6974027111
500000	10948048	6000000	500000	1370923200
500000	11130512	6100000	500000	1411924366
500000	11312976	6200000	500000	1444020917
500000	11495440	6300000	500000	1572153609
500000	11677904	6400000	500000	1345623748
500000	11860352	6500000	500000	1413507944
500000	12042816	6600000	500000	1504946366
500000	12225280	6700000	500000	1380528468
500000	12407744	6800000	500000	1384929201
500000	12590208	6900000	500002	1448054858
500000	1277616	700000	502218	1154428018
500000	12772656	7000000	500000	1556619498
500000	12955120	7100000	500000	1352219959
500000	13137584	7200000	500000	1425578165
500000	13320048	7300000	500000	1486536481
500000	13502512	7400000	500000	1383649707
500000	13684976	7500000	500000	1412829992
500000	13867424	7600000	500000	1432897382
500000	14049888	7700000	500000	1563011403
500000	14232352	7800000	500000	1356931120
500000	14414816	7900000	500000	1404861978
500000	1460080	800000	501330	1409177342
500000	14597280	8000000	500000	1492450869
500000	14779728	8100000	500000	1391023363
500000	14962192	8200000	500000	1390357792
500000	15144656	8300000	500002	1453239605
500000	15327120	8400000	500000	1572212479
500000	15509584	8500000	500000	1358321794
500000	15692032	8600000	500000	1447427722
500000	15874496	8700000	500000	1520665320
500000	16056960	8800000	500000	1394011077
500000	16239424	8900000	500000	1422144481
500000	1642544	900000	500762	1418391410
500000	16421888	9000000	500000	1464652690
500000	16604352	9100000	500000	1581236026
500000	16786800	9200000	500000	1371372864
500000	16969264	9300000	500000	1411848541
500000	17151728	9400000	500000	1520857680
500000	17334192	9500000	500004	1397166578
500000	17516656	9600000	500000	1410036331
500000	17699104	9700000	500000	1455754436
500000	17881568	9800000	500000	1567293464
500000	18064032	9900000	500000	1378933604
600000	182848	100000	1265024	2246354321
600000	1825008	1000000	601470	1576980272
600000	18246496	10000000	600000	1643267223
600000	2007456	1100000	600908	1677642872
600000	2189920	1200000	600624	1430951903
600000	2372384	1300000	600488	1505538048
600000	2554848	1400000	600310	1510562444
600000	2737312	1500000	600220	1559758384
600000	2919776	1600000	600180	1623147136
600000	3102224	1700000	600136	1686027295
600000	3284688	1800000	600120	1483301765
600000	3467152	1900000	600066	1508588400
600000	365312	200000	796298	1590084126
600000	3649616	2000000	600050	1561452820
600000	3832080	2100000	600046	1591714213
600000	4014528	2200000	600068	1639078354
600000	4196992	2300000	600040	1722631848
600000	4379456	2400000	600024	1797643267
600000	4561920	2500000	600036	1522600758
600000	4744384	2600000	600030	1582321346
600000	4926832	2700000	600014	1613692254
600000	5109296	2800000	600018	1629676792
600000	5291760	2900000	600006	1712173469
600000	547776	300000	675688	1507211633
600000	5474224	3000000	600008	1755502370
600000	5656688	3100000	600020	1829274304
600000	5839152	3200000	600008	1555040101
600000	6021600	3300000	600010	1592987757
600000	6204064	3400000	600008	1638648907
600000	6386528	3500000	600004	1628827907
600000	6568992	3600000	600012	1668336109
600000	6751456	3700000	600004	1732348345
600000	6933904	3800000	600000	1792370794
600000	7116368	3900000	600000	1823602510
600000	730240	400000	634268	1514207272
600000	7298832	4000000	600002	1588920740
600000	7481296	4100000	600002	1648717133
600000	7663760	4200000	600006	1617285807
600000	7846208	4300000	600000	1663501654
600000	8028672	4400000	600006	1658549390
600000	8211136	4500000	600000	1723438977
600000	8393600	4600000	600006	1774246459
600000	8576064	4700000	600002	1826719339
600000	8758528	4800000	600000	1844064540
600000	8940976	4900000	600000	1597611295
600000	912704	500000	616972	1580270697
600000	9123440	5000000	600002	1670838811
600000	9305904	5100000	600000	1640719882
600000	9488368	5200000	600000	1676622697
600000	9670832	5300000	600000	1664962617
600000	9853280	5400000	600000	1709572259
600000	10035744	5500000	600000	1750537013
600000	10218208	5600000	600000	1818110052
600000	10400672	5700000	600000	1857130286
600000	10583136	5800000	600002	1874314105
600000	10765584	5900000	600000	1611865811
600000	1095152	600000	608922	1370302621
600000	10948048	6000000	600004	1655367862
600000	11130512	6100000	600000	1678451361
600000	11312976	6200000	600002	1662415856
600000	11495440	6300000	600000	1707394512
600000	11677904	6400000	600000	1689552031
600000	11860352	6500000	600000	1763816774
600000	12042816	6600000	600000	1792251714
600000	12225280	6700000	600000	1840446445
600000	12407744	6800000	600000	1884488567
600000	12590208	6900000	600000	1624391549
600000	1277616	700000	605174	1421615843
600000	12772656	7000000	600000	1645378537
600000	12955120	7100000	600000	1674525728
600000	13137584	7200000	600000	1692235360
600000	13320048	7300000	600000	1684907734
600000	13502512	7400000	600002	1723116736
600000	13684976	7500000	600000	1764567116
600000	13867424	7600000	600000	1802943524
600000	14049888	7700000	600000	1870629554
600000	14232352	7800000	600000	1869863855
600000	14414816	7900000	600000	1632866609
600000	1460080	800000	603120	1440507375
600000	14597280	8000000	600000	1673203459
600000	14779728	8100000	600000	1712100922
600000	14962192	8200000	600002	1674674310
600000	15144656	8300000	600000	1720390115
600000	15327120	8400000	600002	1721254268
600000	15509584	8500000	600000	1775535943
600000	15692032	8600000	600000	1822337361
600000	15874496	8700000	600000	1868852332
600000	16056960	8800000	600000	1892083975
600000	16239424	8900000	600000	1637942481
600000	1642544	900000	602048	1519114378
600000	16421888	9000000	600000	1661657513
600000	16604352	9100000	600000	1670821151
600000	16786800	9200000	600000	1708863774
600000	16969264	9300000	600000	1676148262
600000	17151728	9400000	600000	1731609448
600000	17334192	9500000	600000	1739259800
600000	17516656	9600000	600000	1793929660
600000	17699104	9700000	600000	1828333877
600000	17881568	9800000	600000	1873312300
600000	18064032	9900000	600000	1932584585
700000	182848	100000	1659080	4352970978
700000	1825008	1000000	702800	6362991962
700000	18246496	10000000	700000	30908244838
700000	2007456	1100000	702072	10648389371
700000	2189920	1200000	701344	2975619497
700000	2372384	1300000	701110	9101272049
700000	2554848	1400000	700672	12026337939
700000	2737312	1500000	700540	1979339290
700000	2919776	1600000	700406	1776657750
700000	3102224	1700000	700376	2650547307
700000	3284688	1800000	700244	7427414355
700000	3467152	1900000	700280	3856623361
700000	365312	200000	1011836	25875035803
700000	3649616	2000000	700184	1866903742
700000	3832080	2100000	700134	3072819727
700000	4014528	2200000	700090	10522779838
700000	4196992	2300000	700098	5733856854
700000	4379456	2400000	700056	1837402746
700000	4561920	2500000	700050	5036156978
700000	4744384	2600000	700054	8162923204
700000	4926832	2700000	700028	2134287087
700000	5109296	2800000	700044	1943387127
700000	5291760	2900000	700038	1893166785
700000	547776	300000	829772	7188793709
700000	5474224	3000000	700044	1865331437
700000	5656688	3100000	700016	3347573252
700000	5839152	3200000	700020	4754904126
700000	6021600	3300000	700016	2130482198
700000	6204064	3400000	700028	1966304107
700000	6386528	3500000	700014	1907183764
700000	6568992	3600000	700014	1906638839
700000	6751456	3700000	700004	2399750189
700000	6933904	3800000	700006	8870196165
700000	7116368	3900000	700012	2526345565
700000	730240	400000	761698	2461084297
700000	7298832	4000000	700002	1996119488
700000	7481296	4100000	700010	1964189357
700000	7663760	4200000	700004	1926672659
700000	7846208	4300000	700010	1913854316
700000	8028672	4400000	700004	14406640113
700000	8211136	4500000	700008	2582375512
700000	8393600	4600000	700002	2024650693
700000	8576064	4700000	700000	1971397977
700000	8758528	4800000	700004	1940179589
700000	8940976	4900000	700006	1923405614
700000	912704	500000	732378	16412702767
700000	9123440	5000000	700002	2976216842
700000	9305904	5100000	700006	2478654794
700000	9488368	5200000	700000	2335163335
700000	9670832	5300000	700002	2035123358
700000	9853280	5400000	700000	1989762144
700000	10035744	5500000	700000	1952618741
700000	10218208	5600000	700002	1942081380
700000	10400672	5700000	700000	1943419838
700000	10583136	5800000	700002	2429604008
700000	10765584	5900000	700000	2287502453
700000	1095152	600000	717840	12951961970
700000	10948048	6000000	700000	2074315467
700000	11130512	6100000	700004	2056667206
700000	11312976	6200000	700000	2010644056
700000	11495440	6300000	700000	1967472960
700000	11677904	6400000	700000	1956171116
700000	11860352	6500000	700002	1950743111
700000	12042816	6600000	700000	2147024089
700000	12225280	6700000	700002	2085397957
700000	12407744	6800000	700000	2071772253
700000	12590208	6900000	700000	2016624625
700000	1277616	700000	710676	1961543109
700000	12772656	7000000	700000	1993102654
700000	12955120	7100000	700000	1958874848
700000	13137584	7200000	700000	2149799339
700000	13320048	7300000	700002	3018824072
700000	13502512	7400000	700000	2123855862
700000	13684976	7500000	700000	2041037759
700000	13867424	7600000	700000	2035542189
700000	14049888	7700000	700000	1973163545
700000	14232352	7800000	700000	3274291279
700000	14414816	7900000	700000	15187499040
700000	1460080	800000	706684	3196763359
700000	14597280	8000000	700000	4223477964
700000	14779728	8100000	700000	2082888215
700000	14962192	8200000	700000	2017142548
700000	15144656	8300000	700002	1993207451
700000	15327120	8400000	700000	2771154725
700000	15509584	8500000	700000	20366062213
700000	15692032	8600000	700000	3285454314
700000	15874496	8700000	700000	2054073869
700000	16056960	8800000	700000	2000939794
700000	16239424	8900000	700000	1982003487
700000	1642544	900000	704380	7700265608
700000	16421888	9000000	700000	23139677951
700000	16604352	9100000	700000	3921011189
700000	16786800	9200000	700000	2118055456
700000	16969264	9300000	700000	2026217658
700000	17151728	9400000	700000	4175297745
700000	17334192	9500000	700000	16487961924
700000	17516656	9600000	700000	4367475841
700000	17699104	9700000	700000	2172558819
700000	17881568	9800000	700000	2004004096
700000	18064032	9900000	700000	2617648891
800000	182848	100000	2091226	20778108703
800000	1825008	1000000	805504	24242948649
800000	18246496	10000000	800000	29254916889
800000	2007456	1100000	804014	5760682785
800000	2189920	1200000	802770	2323045062
800000	2372384	1300000	802108	19755367793
800000	2554848	1400000	801482	13204361414
800000	2737312	1500000	801072	43014945882
800000	2919776	1600000	800858	3550354687
800000	3102224	1700000	800664	2567249504
800000	3284688	1800000	800498	19679202325
800000	3467152	1900000	800478	6781517693
800000	365312	200000	1257722	25555723834
800000	3649616	2000000	800364	14136334065
800000	3832080	2100000	800204	3661129532
800000	4014528	2200000	800230	2435957416
800000	4196992	2300000	800206	18035174507
800000	4379456	2400000	800184	10050742255
800000	4561920	2500000	800118	17524536944
800000	4744384	2600000	800106	2999594488
800000	4926832	2700000	800096	2792688056
800000	5109296	2800000	800086	19906757612
800000	5291760	2900000	800054	13898046727
800000	547776	300000	1001976	25027235466
800000	5474224	3000000	800064	25855720553
800000	5656688	3100000	800060	5344153699
800000	5839152	3200000	800050	2564809006
800000	6021600	3300000	800040	20679400745
800000	6204064	3400000	800046	13813702541
800000	6386528	3500000	800028	17068475213
800000	6568992	3600000	800032	3695833194
800000	6751456	3700000	800026	3609434020
800000	6933904	3800000	800008	8431108438
800000	7116368	3900000	800034	14637305626
800000	730240	400000	901230	18843755590
800000	7298832	4000000	800016	9492930434
800000	7481296	4100000	800022	36977181531
800000	7663760	4200000	800010	2564008566
800000	7846208	4300000	800006	2404485410
800000	8028672	4400000	800006	3035430779
800000	8211136	4500000	800006	21601986105
800000	8393600	4600000	800004	4508428246
800000	8576064	4700000	800010	15477146202
800000	8758528	4800000	800012	5251363484
800000	8940976	4900000	800000	3128184814
800000	912704	500000	854358	8945375497
800000	9123440	5000000	800008	20929898127
800000	9305904	5100000	800006	12915211002
800000	9488368	5200000	800000	22812821779
800000	9670832	5300000	800002	12592188490
800000	9853280	5400000	800004	26915785677
800000	10035744	5500000	800004	5442235232
800000	10218208	5600000	800002	3191472822
800000	10400672	5700000	800000	22428362585
800000	10583136	5800000	800004	20454608747
800000	10765584	5900000	800000	26642147584
800000	1095152	600000	831898	15781889127
800000	10948048	6000000	800000	7351711140
800000	11130512	6100000	800002	22621897621
800000	11312976	6200000	800006	5053151990
800000	11495440	6300000	800000	2701335500
800000	11677904	6400000	800002	23135499028
800000	11860352	6500000	800004	12753818684
800000	12042816	6600000	800000	49725463001
800000	12225280	6700000	800000	12933720544
800000	12407744	6800000	800002	23185194383
800000	12590208	6900000	800002	6431957434
800000	1277616	700000	819232	15314500966
800000	12772656	7000000	800000	17375860184
800000	12955120	7100000	800002	4090786055
800000	13137584	7200000	800000	3067800711
800000	13320048	7300000	800000	2716759308
800000	13502512	7400000	800002	12151386530
800000	13684976	7500000	800004	20961760781
800000	13867424	7600000	800000	17266960320
800000	14049888	7700000	800002	33574407817
800000	14232352	7800000	800002	3696770224
800000	14414816	7900000	800000	3811138617
800000	1460080	800000	812006	22125485389
800000	14597280	8000000	800000	18117969200
800000	14779728	8100000	800000	20347374713
800000	14962192	8200000	800000	25732524693
800000	15144656	8300000	800000	13094297666
800000	15327120	8400000	800002	31531952593
800000	15509584	8500000	800000	5436064921
800000	15692032	8600000	800000	3680272440
800000	15874496	8700000	800000	3087168323
800000	16056960	8800000	800000	7189354891
800000	16239424	8900000	800000	27746835839
800000	1642544	900000	808194	11583180866
800000	16421888	9000000	800000	15037642272
800000	16604352	9100000	800000	29856987181
800000	16786800	9200000	800002	35823509259
800000	16969264	9300000	800000	7259081175
800000	17151728	9400000	800000	3500737533
800000	17334192	9500000	800000	3733003333
800000	17516656	9600000	800000	22070040100
800000	17699104	9700000	800000	14008779531
800000	17881568	9800000	800000	15375482203
800000	18064032	9900000	800002	23785956197
900000	182848	100000	2551686	56291859215
900000	365312	200000	1533582	120749185091
900000	547776	300000	1194506	63979845047
900000	730240	400000	1051886	86786608995
