1000	114680	2655000	1000
100	11776	2500000	100
10	1328	3242000	10
110	12728	3125000	110
120	13680	3030000	120
130	14744	3612000	130
140	15952	3432000	140
150	18040	3756000	150
160	19104	4235000	160
170	20112	4365000	170
180	21232	3463000	180
190	22240	3678000	190
200	23304	3616000	200
20	2456	551000	20
210	24936	2704000	210
220	25432	5075000	220
230	26440	2950000	230
240	27560	4565000	240
250	29024	4456000	250
260	30032	3623000	260
270	31096	3981000	270
280	32216	2402000	280
290	33336	2050000	290
300	36448	2141000	300
30	3592	798000	30
310	37400	2591000	310
320	38352	2823000	320
330	39416	2221000	330
340	40480	3710000	340
350	41544	5173000	350
360	42552	2446000	360
370	43504	2366000	370
380	44456	2297000	380
390	45576	3145000	390
400	47608	4235000	400
40	4776	1041000	40
410	47648	2177000	410
420	48712	2945000	420
430	49664	2304000	430
440	51640	2236000	440
450	52648	2527000	450
460	52632	3000000	460
470	54664	2076000	470
480	55616	1940000	480
490	56568	1918000	490
500	57632	2052000	500
50	6152	1258000	50
510	58640	1439000	510
520	59648	1475000	520
530	60656	1583000	530
540	61608	1532000	540
550	62560	1521000	550
560	63624	1580000	560
570	64576	1625000	570
580	65640	1629000	580
590	70744	1653000	590
600	71864	11322000	600
60	7216	1554000	60
610	72872	2535000	610
620	73824	1638000	620
630	74944	1826000	630
640	76008	16667000	640
650	76904	1371000	650
660	77912	12457000	660
670	78976	1404000	670
680	79984	1468000	680
690	81048	1454000	690
700	82000	1200000	700
70	8352	2086000	70
710	83064	1203000	710
720	84184	1743000	720
730	85192	1244000	730
740	86144	1221000	740
750	87208	1243000	750
760	88104	1276000	760
770	91160	1429000	770
780	90120	1278000	780
790	93176	1924000	790
800	92248	1660000	800
80	9816	2861000	80
810	95360	1387000	810
820	96424	1489000	820
830	95384	1473000	830
840	98384	1340000	840
850	97232	1991000	850
860	98184	1479000	860
870	99304	1356000	870
880	100368	1367000	880
890	103480	1392000	890
900	102496	1432000	900
90	10824	2279000	90
910	103504	1595000	910
920	104456	1470000	920
930	105408	1472000	930
940	108520	1512000	940
950	109528	1540000	950
960	108432	1463000	960
970	111600	1591000	970
980	112720	1705000	980
990	113728	2102000	990
