1000	18640	10000	0	222000
1000	182848	100000	0	168000
1000	36880	20000	0	185000
1000	55136	30000	0	199000
1000	73376	40000	0	217000
1000	91616	50000	0	209000
1000	109872	60000	0	185000
1000	128112	70000	0	195000
1000	146368	80000	0	201000
1000	164608	90000	0	206000
100	2224	1000	0	25000
100	18640	10000	0	26000
100	4048	2000	0	25000
100	5872	3000	0	24000
100	7696	4000	0	22000
100	9520	5000	0	25000
100	11344	6000	0	24000
100	13168	7000	0	22000
100	14992	8000	0	27000
100	16816	9000	0	25000
10	576	100	0	8000
10	2224	1000	0	8000
10	752	200	0	7000
10	944	300	0	6000
10	1120	400	0	7000
10	1312	500	0	7000
10	1488	600	0	7000
10	1664	700	0	9000
10	1856	800	0	7000
10	2032	900	0	6000
110	2400	1100	0	26000
110	20464	11000	0	27000
110	4400	2200	0	24000
110	6416	3300	0	25000
110	8416	4400	0	25000
110	10432	5500	0	27000
110	12432	6600	0	29000
110	14448	7700	0	29000
110	16448	8800	0	29000
110	18448	9900	0	28000
120	20096	10800	0	26000
120	2576	1200	0	29000
120	22288	12000	0	26000
120	4768	2400	0	31000
120	6960	3600	0	30000
120	9152	4800	0	28000
120	11344	6000	0	31000
120	13536	7200	0	30000
120	15712	8400	0	71000
120	17904	9600	0	29000
130	19360	10400	0	32000
130	21744	11700	0	27000
130	2768	1300	0	26000
130	24112	13000	0	28000
130	5136	2600	0	32000
130	7504	3900	0	26000
130	9872	5200	0	31000
130	12256	6500	0	26000
130	14624	7800	0	32000
130	16992	9100	0	29000
140	20832	11200	0	34000
140	23376	12600	0	32000
140	2944	1400	0	33000
140	25936	14000	0	26000
140	5504	2800	0	32000
140	8048	4200	0	29000
140	10608	5600	0	32000
140	13168	7000	0	35000
140	15712	8400	0	26000
140	18272	9800	0	30000
150	19552	10500	0	34000
150	22288	12000	0	29000
150	25024	13500	0	32000
150	3136	1500	0	33000
150	27760	15000	0	31000
150	5872	3000	0	38000
150	8608	4500	0	53000
150	11344	6000	0	37000
150	14080	7500	0	32000
150	16816	9000	0	36000
160	20832	11200	0	40000
160	23744	12800	0	32000
160	26672	14400	0	38000
160	3312	1600	0	36000
160	29584	16000	0	35000
160	6224	3200	0	34000
160	9152	4800	0	31000
160	12064	6400	0	40000
160	14992	8000	0	42000
160	17904	9600	0	38000
170	19008	10200	0	36000
170	22112	11900	0	39000
170	25200	13600	0	35000
170	28304	15300	0	42000
170	3488	1700	0	38000
170	31408	17000	0	42000
170	6592	3400	0	39000
170	9696	5100	0	39000
170	12800	6800	0	40000
170	15904	8500	0	44000
180	20096	10800	0	40000
180	23376	12600	0	36000
180	26672	14400	0	46000
180	29952	16200	0	45000
180	3680	1800	0	40000
180	33232	18000	0	44000
180	6960	3600	0	40000
180	10240	5400	0	39000
180	13536	7200	0	40000
180	16816	9000	0	42000
190	21200	11400	0	46000
190	24656	13300	0	42000
190	28128	15200	0	42000
190	31600	17100	0	44000
190	3856	1900	0	40000
190	35056	19000	0	39000
190	7328	3800	0	46000
190	10800	5700	0	77000
190	14256	7600	0	46000
190	17728	9500	0	47000
200	18640	10000	0	42000
200	22288	12000	0	51000
200	25936	14000	0	40000
200	29584	16000	0	49000
200	33232	18000	0	50000
200	4048	2000	0	40000
200	36880	20000	0	46000
200	7696	4000	0	48000
200	11344	6000	0	40000
200	14992	8000	0	41000
20	2224	1000	0	10000
20	2576	1200	0	8000
20	2944	1400	0	9000
20	3312	1600	0	8000
20	3680	1800	0	8000
20	752	200	0	9000
20	4048	2000	0	9000
20	1120	400	0	9000
20	1488	600	0	9000
20	1856	800	0	8000
210	19552	10500	0	45000
210	23376	12600	0	41000
210	27216	14700	0	39000
210	31040	16800	0	42000
210	34880	18900	0	41000
210	4224	2100	0	47000
210	38704	21000	0	45000
210	8048	4200	0	42000
210	11888	6300	0	44000
210	15712	8400	0	39000
220	20464	11000	0	47000
220	24480	13200	0	44000
220	28496	15400	0	45000
220	32512	17600	0	46000
220	36512	19800	0	51000
220	4400	2200	0	54000
220	40528	22000	0	48000
220	8416	4400	0	45000
220	12432	6600	0	46000
220	16448	8800	0	48000
230	21376	11500	0	44000
230	25568	13800	0	57000
230	29760	16100	0	50000
230	33968	18400	0	44000
230	38160	20700	0	60000
230	4592	2300	0	55000
230	42352	23000	0	45000
230	8784	4600	0	51000
230	12976	6900	0	51000
230	17184	9200	0	60000
240	22288	12000	0	49000
240	26672	14400	0	48000
240	31040	16800	0	52000
240	35424	19200	0	51000
240	39808	21600	0	59000
240	4768	2400	0	60000
240	44176	24000	0	56000
240	9152	4800	0	60000
240	13536	7200	0	65000
240	17904	9600	0	49000
250	18640	10000	0	64000
250	23200	12500	0	59000
250	27760	15000	0	54000
250	32320	17500	0	55000
250	36880	20000	0	50000
250	41440	22500	0	52000
250	4960	2500	0	57000
250	46000	25000	0	51000
250	9520	5000	0	55000
250	14080	7500	0	62000
260	19360	10400	0	63000
260	24112	13000	0	51000
260	28848	15600	0	55000
260	33600	18200	0	54000
260	38336	20800	0	62000
260	43088	23400	0	56000
260	5136	2600	0	52000
260	47824	26000	0	58000
260	9872	5200	0	57000
260	14624	7800	0	58000
270	20096	10800	0	59000
270	25024	13500	0	46000
270	29952	16200	0	62000
270	34880	18900	0	55000
270	39808	21600	0	217000
270	44736	24300	0	62000
270	5312	2700	0	63000
270	49664	27000	0	64000
270	10240	5400	0	62000
270	15168	8100	0	108000
280	20832	11200	0	53000
280	25936	14000	0	54000
280	31040	16800	0	51000
280	36160	19600	0	56000
280	41264	22400	0	63000
280	46368	25200	0	66000
280	5504	2800	0	72000
280	51488	28000	0	62000
280	10608	5600	0	60000
280	15712	8400	0	55000
290	21552	11600	0	63000
290	26848	14500	0	65000
290	32144	17400	0	62000
290	37424	20300	0	64000
290	42720	23200	0	54000
290	48016	26100	0	85000
290	5680	2900	0	66000
290	53312	29000	0	55000
290	10976	5800	0	66000
290	16272	8700	0	58000
300	22288	12000	0	69000
300	27760	15000	0	69000
300	33232	18000	0	67000
300	38704	21000	0	57000
300	44176	24000	0	62000
300	49664	27000	0	61000
300	5872	3000	0	61000
300	55136	30000	0	69000
300	11344	6000	0	58000
300	16816	9000	0	59000
30	2576	1200	0	11000
30	3136	1500	0	12000
30	3680	1800	0	13000
30	4224	2100	0	10000
30	4768	2400	0	10000
30	5312	2700	0	13000
30	944	300	0	11000
30	5872	3000	0	12000
30	1488	600	0	10000
30	2032	900	0	11000
310	23024	12400	0	63000
310	28672	15500	0	62000
310	34336	18600	0	68000
310	39984	21700	0	64000
310	45648	24800	0	63000
310	51296	27900	0	64000
310	6048	3100	0	81000
310	56960	31000	0	64000
310	11712	6200	0	86000
310	17360	9300	0	92000
320	23744	12800	0	60000
320	29584	16000	0	64000
320	35424	19200	0	59000
320	41264	22400	0	68000
320	47104	25600	0	64000
320	52944	28800	0	72000
320	6224	3200	0	67000
320	58784	32000	0	66000
320	12064	6400	0	66000
320	17904	9600	0	78000
330	24480	13200	0	73000
330	30496	16500	0	73000
330	36512	19800	0	66000
330	42544	23100	0	73000
330	48560	26400	0	67000
330	54576	29700	0	79000
330	6416	3300	0	68000
330	60608	33000	0	71000
330	12432	6600	0	69000
330	18448	9900	0	68000
340	19008	10200	0	65000
340	25200	13600	0	73000
340	31408	17000	0	90000
340	37616	20400	0	77000
340	43824	23800	0	73000
340	50016	27200	0	71000
340	56224	30600	0	75000
340	6592	3400	0	74000
340	62432	34000	0	133000
340	12800	6800	0	75000
350	19552	10500	0	86000
350	25936	14000	0	63000
350	32320	17500	0	65000
350	38704	21000	0	73000
350	45088	24500	0	64000
350	51488	28000	0	71000
350	57872	31500	0	84000
350	6784	3500	0	75000
350	64256	35000	0	552000
350	13168	7000	0	65000
360	20096	10800	0	83000
360	26672	14400	0	79000
360	33232	18000	0	78000
360	39808	21600	0	73000
360	46368	25200	0	78000
360	52944	28800	0	85000
360	59504	32400	0	67000
360	6960	3600	0	66000
360	66080	36000	0	78000
360	13536	7200	0	107000
370	20640	11100	0	72000
370	27392	14800	0	80000
370	34144	18500	0	101000
370	40896	22200	0	72000
370	47648	25900	0	75000
370	54400	29600	0	75000
370	61152	33300	0	76000
370	7136	3700	0	84000
370	67904	37000	0	74000
370	13888	7400	0	81000
380	21200	11400	0	86000
380	28128	15200	0	81000
380	35056	19000	0	77000
380	42000	22800	0	91000
380	48928	26600	0	88000
380	55856	30400	0	82000
380	62800	34200	0	78000
380	7328	3800	0	82000
380	69728	38000	0	73000
380	14256	7600	0	83000
390	21744	11700	0	85000
390	28848	15600	0	87000
390	35968	19500	0	78000
390	43088	23400	0	80000
390	50208	27300	0	81000
390	57312	31200	0	76000
390	64432	35100	0	78000
390	7504	3900	0	86000
390	71552	39000	0	79000
390	14624	7800	0	84000
400	22288	12000	0	81000
400	29584	16000	0	89000
400	36880	20000	0	86000
400	44176	24000	0	75000
400	51488	28000	0	96000
400	58784	32000	0	86000
400	66080	36000	0	92000
400	7696	4000	0	77000
400	73376	40000	0	86000
400	14992	8000	0	171000
40	2576	1200	0	13000
40	3312	1600	0	10000
40	4048	2000	0	12000
40	4768	2400	0	12000
40	5504	2800	0	14000
40	6224	3200	0	15000
40	6960	3600	0	13000
40	1120	400	0	16000
40	7696	4000	0	13000
40	1856	800	0	11000
410	22832	12300	0	86000
410	30320	16400	0	79000
410	37792	20500	0	83000
410	45280	24600	0	89000
410	52752	28700	0	86000
410	60240	32800	0	90000
410	67712	36900	0	90000
410	7872	4100	0	95000
410	75200	41000	0	86000
410	15360	8200	0	70000
420	23376	12600	0	87000
420	31040	16800	0	317000
420	38704	21000	0	83000
420	46368	25200	0	81000
420	54032	29400	0	92000
420	61696	33600	0	88000
420	69360	37800	0	96000
420	8048	4200	0	82000
420	77024	42000	0	87000
420	15712	8400	0	79000
430	23936	12900	0	87000
430	31776	17200	0	92000
430	39616	21500	0	85000
430	47472	25800	0	93000
430	55312	30100	0	101000
430	63152	34400	0	92000
430	71008	38700	0	89000
430	8240	4300	0	89000
430	78848	43000	0	85000
430	16080	8600	0	92000
440	24480	13200	0	95000
440	32512	17600	0	829000
440	40528	22000	0	92000
440	48560	26400	0	87000
440	56592	30800	0	91000
440	64624	35200	0	90000
440	72640	39600	0	92000
440	8416	4400	0	104000
440	80672	44000	0	98000
440	16448	8800	0	109000
450	25024	13500	0	91000
450	33232	18000	0	96000
450	41440	22500	0	162000
450	49664	27000	0	87000
450	57872	31500	0	107000
450	66080	36000	0	89000
450	74288	40500	0	92000
450	8608	4500	0	103000
450	82496	45000	0	85000
450	16816	9000	0	99000
460	25568	13800	0	114000
460	33968	18400	0	94000
460	42352	23000	0	102000
460	50752	27600	0	89000
460	59152	32200	0	98000
460	67536	36800	0	101000
460	75936	41400	0	93000
460	8784	4600	0	77000
460	84320	46000	0	97000
460	17184	9200	0	90000
470	26112	14100	0	98000
470	34688	18800	0	94000
470	43264	23500	0	98000
470	51840	28200	0	86000
470	60416	32900	0	108000
470	68992	37600	0	92000
470	77568	42300	0	93000
470	8960	4700	0	83000
470	86144	47000	0	91000
470	17536	9400	0	84000
480	26672	14400	0	98000
480	35424	19200	0	92000
480	44176	24000	0	129000
480	52944	28800	0	104000
480	61696	33600	0	93000
480	70464	38400	0	87000
480	79216	43200	0	145000
480	9152	4800	0	101000
480	87968	48000	0	90000
480	17904	9600	0	102000
490	27216	14700	0	87000
490	36160	19600	0	95000
490	45088	24500	0	98000
490	54032	29400	0	101000
490	62976	34300	0	100000
490	71920	39200	0	98000
490	80864	44100	0	113000
490	9328	4900	0	87000
490	89792	49000	0	91000
490	18272	9800	0	120000
500	18640	10000	0	106000
500	27760	15000	0	97000
500	36880	20000	0	104000
500	46000	25000	0	102000
500	55136	30000	0	2316000
500	64256	35000	0	104000
500	73376	40000	0	99000
500	82496	45000	0	97000
500	9520	5000	0	106000
500	91616	50000	0	105000
50	2224	1000	0	15000
50	3136	1500	0	21000
50	4048	2000	0	15000
50	4960	2500	0	14000
50	5872	3000	0	12000
50	6784	3500	0	16000
50	7696	4000	0	14000
50	8608	4500	0	15000
50	1312	500	0	15000
50	9520	5000	0	14000
510	19008	10200	0	98000
510	28304	15300	0	166000
510	37616	20400	0	91000
510	46912	25500	0	96000
510	56224	30600	0	99000
510	65536	35700	0	98000
510	74832	40800	0	100000
510	84144	45900	0	102000
510	9696	5100	0	91000
510	93440	51000	0	95000
520	19360	10400	0	114000
520	28848	15600	0	108000
520	38336	20800	0	109000
520	47824	26000	0	111000
520	57312	31200	0	106000
520	66800	36400	0	109000
520	76288	41600	0	108000
520	85776	46800	0	110000
520	9872	5200	0	102000
520	95264	52000	0	112000
530	19728	10600	0	105000
530	29408	15900	0	164000
530	39072	21200	0	107000
530	48736	26500	0	120000
530	58416	31800	0	107000
530	68080	37100	0	111000
530	77760	42400	0	108000
530	87424	47700	0	108000
530	10064	5300	0	102000
530	97104	53000	0	110000
540	20096	10800	0	111000
540	29952	16200	0	110000
540	39808	21600	0	111000
540	49664	27000	0	106000
540	59504	32400	0	116000
540	69360	37800	0	98000
540	79216	43200	0	98000
540	89072	48600	0	97000
540	10240	5400	0	113000
540	98928	54000	0	102000
550	20464	11000	0	95000
550	30496	16500	0	104000
550	40528	22000	0	102000
550	50576	27500	0	109000
550	60608	33000	0	114000
550	70640	38500	0	118000
550	80672	44000	0	125000
550	90704	49500	0	118000
550	10432	5500	0	95000
550	100752	55000	0	109000
560	20832	11200	0	119000
560	31040	16800	0	136000
560	41264	22400	0	125000
560	51488	28000	0	119000
560	61696	33600	0	113000
560	71920	39200	0	116000
560	82128	44800	0	117000
560	92352	50400	0	111000
560	10608	5600	0	106000
560	102576	56000	0	96000
570	21200	11400	0	123000
570	31600	17100	0	103000
570	42000	22800	0	106000
570	52400	28500	0	104000
570	62800	34200	0	102000
570	73200	39900	0	115000
570	83600	45600	0	106000
570	94000	51300	0	129000
570	10800	5700	0	195000
570	104400	57000	0	118000
580	21552	11600	0	117000
580	32144	17400	0	114000
580	42720	23200	0	117000
580	53312	29000	0	107000
580	63888	34800	0	123000
580	74464	40600	0	125000
580	85056	46400	0	120000
580	95632	52200	0	118000
580	10976	5800	0	123000
580	106224	58000	0	110000
590	21920	11800	0	116000
590	32688	17700	0	129000
590	43456	23600	0	109000
590	54224	29500	0	107000
590	64976	35400	0	961000
590	75744	41300	0	117000
590	86512	47200	0	123000
590	97280	53100	0	110000
590	11152	5900	0	112000
590	108048	59000	0	125000
600	22288	12000	0	113000
600	33232	18000	0	109000
600	44176	24000	0	112000
600	55136	30000	0	116000
600	66080	36000	0	119000
600	77024	42000	0	124000
600	87968	48000	0	117000
600	98928	54000	0	112000
600	11344	6000	0	120000
600	109872	60000	0	152000
60	2576	1200	0	16000
60	3680	1800	0	16000
60	4768	2400	0	17000
60	5872	3000	0	16000
60	6960	3600	0	15000
60	8048	4200	0	16000
60	9152	4800	0	18000
60	10240	5400	0	18000
60	1488	600	0	18000
60	11344	6000	0	17000
610	22656	12200	0	124000
610	33776	18300	0	129000
610	44912	24400	0	123000
610	56048	30500	0	122000
610	67168	36600	0	116000
610	78304	42700	0	119000
610	89440	48800	0	109000
610	100560	54900	0	127000
610	11520	6100	0	125000
610	111696	61000	0	118000
620	23024	12400	0	124000
620	34336	18600	0	127000
620	45648	24800	0	124000
620	56960	31000	0	123000
620	68272	37200	0	125000
620	79584	43400	0	126000
620	90896	49600	0	118000
620	102208	55800	0	113000
620	11712	6200	0	127000
620	113520	62000	0	111000
630	23376	12600	0	129000
630	34880	18900	0	132000
630	46368	25200	0	123000
630	57872	31500	0	134000
630	69360	37800	0	125000
630	80864	44100	0	145000
630	92352	50400	0	126000
630	103840	56700	0	129000
630	11888	6300	0	105000
630	115344	63000	0	141000
640	23744	12800	0	121000
640	35424	19200	0	129000
640	47104	25600	0	122000
640	58784	32000	0	126000
640	70464	38400	0	114000
640	82128	44800	0	127000
640	93808	51200	0	138000
640	105488	57600	0	143000
640	12064	6400	0	147000
640	117168	64000	0	131000
650	24112	13000	0	128000
650	35968	19500	0	133000
650	47824	26000	0	139000
650	59696	32500	0	125000
650	71552	39000	0	108000
650	83408	45500	0	131000
650	95264	52000	0	126000
650	107136	58500	0	121000
650	12256	6500	0	130000
650	118992	65000	0	135000
660	24480	13200	0	128000
660	36512	19800	0	138000
660	48560	26400	0	131000
660	60608	33000	0	118000
660	72640	39600	0	124000
660	84688	46200	0	123000
660	96736	52800	0	153000
660	108768	59400	0	143000
660	12432	6600	0	144000
660	120816	66000	0	122000
670	24848	13400	0	130000
670	37072	20100	0	141000
670	49296	26800	0	136000
670	61520	33500	0	131000
670	73744	40200	0	139000
670	85968	46900	0	129000
670	98192	53600	0	139000
670	110416	60300	0	131000
670	12624	6700	0	126000
670	122640	67000	0	144000
680	25200	13600	0	131000
680	37616	20400	0	136000
680	50016	27200	0	128000
680	62432	34000	0	135000
680	74832	40800	0	138000
680	87248	47600	0	138000
680	99648	54400	0	135000
680	112064	61200	0	120000
680	12800	6800	0	132000
680	124464	68000	0	130000
690	25568	13800	0	132000
690	38160	20700	0	122000
690	50752	27600	0	130000
690	63344	34500	0	138000
690	75936	41400	0	140000
690	88528	48300	0	153000
690	101104	55200	0	138000
690	113696	62100	0	152000
690	12976	6900	0	130000
690	126288	69000	0	129000
700	25936	14000	0	171000
700	38704	21000	0	144000
700	51488	28000	0	154000
700	64256	35000	0	134000
700	77024	42000	0	133000
700	89792	49000	0	136000
700	102576	56000	0	140000
700	115344	63000	0	152000
700	13168	7000	0	133000
700	128112	70000	0	141000
70	2944	1400	0	20000
70	4224	2100	0	26000
70	5504	2800	0	20000
70	6784	3500	0	16000
70	8048	4200	0	20000
70	9328	4900	0	20000
70	10608	5600	0	18000
70	11888	6300	0	17000
70	1664	700	0	19000
70	13168	7000	0	20000
710	26304	14200	0	132000
710	39248	21300	0	137000
710	52208	28400	0	129000
710	65168	35500	0	141000
710	78128	42600	0	155000
710	91072	49700	0	208000
710	104032	56800	0	134000
710	116992	63900	0	144000
710	13344	7100	0	173000
710	129936	71000	0	143000
720	26672	14400	0	137000
720	39808	21600	0	134000
720	52944	28800	0	179000
720	66080	36000	0	218000
720	79216	43200	0	133000
720	92352	50400	0	134000
720	105488	57600	0	133000
720	118624	64800	0	135000
720	13536	7200	0	138000
720	131760	72000	0	155000
730	27024	14600	0	140000
730	40352	21900	0	160000
730	53664	29200	0	149000
730	66992	36500	0	142000
730	80304	43800	0	143000
730	93632	51100	0	137000
730	106944	58400	0	153000
730	120272	65700	0	152000
730	13712	7300	0	146000
730	133584	73000	0	146000
740	27392	14800	0	138000
740	40896	22200	0	130000
740	54400	29600	0	136000
740	67904	37000	0	147000
740	81408	44400	0	151000
740	94912	51800	0	133000
740	108416	59200	0	161000
740	121904	66600	0	155000
740	13888	7400	0	151000
740	135408	74000	0	151000
750	27760	15000	0	148000
750	41440	22500	0	152000
750	55136	30000	0	158000
750	68816	37500	0	152000
750	82496	45000	0	143000
750	96176	52500	0	146000
750	109872	60000	0	153000
750	123552	67500	0	154000
750	14080	7500	0	157000
750	137232	75000	0	145000
760	28128	15200	0	154000
760	42000	22800	0	166000
760	55856	30400	0	141000
760	69728	38000	0	136000
760	83600	45600	0	167000
760	97456	53200	0	146000
760	111328	60800	0	175000
760	125200	68400	0	165000
760	14256	7600	0	150000
760	139056	76000	0	156000
770	28496	15400	0	132000
770	42544	23100	0	148000
770	56592	30800	0	145000
770	70640	38500	0	140000
770	84688	46200	0	147000
770	98736	53900	0	143000
770	112784	61600	0	148000
770	126832	69300	0	168000
770	14448	7700	0	145000
770	140880	77000	0	149000
780	28848	15600	0	157000
780	43088	23400	0	146000
780	57312	31200	0	166000
780	71552	39000	0	167000
780	85776	46800	0	150000
780	100016	54600	0	170000
780	114240	62400	0	150000
780	128480	70200	0	139000
780	14624	7800	0	156000
780	142704	78000	0	138000
790	29216	15800	0	161000
790	43632	23700	0	167000
790	58048	31600	0	151000
790	72464	39500	0	167000
790	86880	47400	0	138000
790	101296	55300	0	147000
790	115712	63200	0	158000
790	130128	71100	0	139000
790	14800	7900	0	153000
790	144528	79000	0	150000
800	29584	16000	0	173000
800	44176	24000	0	158000
800	58784	32000	0	160000
800	73376	40000	0	165000
800	87968	48000	0	152000
800	102576	56000	0	146000
800	117168	64000	0	171000
800	131760	72000	0	158000
800	14992	8000	0	146000
800	146368	80000	0	147000
80	3312	1600	0	17000
80	4768	2400	0	21000
80	6224	3200	0	23000
80	7696	4000	0	22000
80	9152	4800	0	20000
80	10608	5600	0	43000
80	12064	6400	0	22000
80	13536	7200	0	20000
80	1856	800	0	20000
80	14992	8000	0	31000
810	29952	16200	0	148000
810	44736	24300	0	129000
810	59504	32400	0	180000
810	74288	40500	0	164000
810	89072	48600	0	168000
810	103840	56700	0	162000
810	118624	64800	0	145000
810	133408	72900	0	154000
810	15168	8100	0	159000
810	148192	81000	0	167000
820	30320	16400	0	154000
820	45280	24600	0	161000
820	60240	32800	0	178000
820	75200	41000	0	150000
820	90160	49200	0	204000
820	105120	57400	0	175000
820	120080	65600	0	181000
820	135040	73800	0	158000
820	15360	8200	0	147000
820	150016	82000	0	157000
830	30688	16600	0	172000
830	45824	24900	0	158000
830	60976	33200	0	172000
830	76112	41500	0	147000
830	91264	49800	0	207000
830	106400	58100	0	163000
830	121552	66400	0	181000
830	136688	74700	0	179000
830	15536	8300	0	168000
830	151840	83000	0	187000
840	31040	16800	0	158000
840	46368	25200	0	159000
840	61696	33600	0	158000
840	77024	42000	0	169000
840	92352	50400	0	143000
840	107680	58800	0	192000
840	123008	67200	0	141000
840	138336	75600	0	159000
840	15712	8400	0	152000
840	153664	84000	0	175000
850	31408	17000	0	175000
850	46912	25500	0	158000
850	62432	34000	0	176000
850	77936	42500	0	146000
850	93440	51000	0	164000
850	108960	59500	0	164000
850	124464	68000	0	207000
850	139968	76500	0	164000
850	15904	8500	0	169000
850	155488	85000	0	163000
860	31776	17200	0	174000
860	47472	25800	0	173000
860	63152	34400	0	172000
860	78848	43000	0	164000
860	94544	51600	0	159000
860	110240	60200	0	161000
860	125920	68800	0	171000
860	141616	77400	0	170000
860	16080	8600	0	159000
860	157312	86000	0	3037000
870	32144	17400	0	189000
870	48016	26100	0	229000
870	63888	34800	0	167000
870	79760	43500	0	143000
870	95632	52200	0	170000
870	111504	60900	0	167000
870	127392	69600	0	172000
870	143264	78300	0	177000
870	16272	8700	0	190000
870	159136	87000	0	163000
880	32512	17600	0	178000
880	48560	26400	0	281000
880	64624	35200	0	149000
880	80672	44000	0	187000
880	96736	52800	0	174000
880	112784	61600	0	171000
880	128848	70400	0	169000
880	144896	79200	0	180000
880	16448	8800	0	166000
880	160960	88000	0	164000
890	32864	17800	0	182000
890	49104	26700	0	200000
890	65344	35600	0	167000
890	81584	44500	0	178000
890	97824	53400	0	182000
890	114064	62300	0	196000
890	130304	71200	0	153000
890	146544	80100	0	174000
890	16624	8900	0	187000
890	162784	89000	0	176000
900	33232	18000	0	178000
900	49664	27000	0	191000
900	66080	36000	0	311000
900	82496	45000	0	185000
900	98928	54000	0	160000
900	115344	63000	0	168000
900	131760	72000	0	165000
900	148192	81000	0	181000
900	16816	9000	0	182000
900	164608	90000	0	178000
90	3680	1800	0	21000
90	5312	2700	0	23000
90	6960	3600	0	23000
90	8608	4500	0	22000
90	10240	5400	0	21000
90	11888	6300	0	22000
90	13536	7200	0	22000
90	15168	8100	0	23000
90	2032	900	0	21000
90	16816	9000	0	22000
910	33600	18200	0	182000
910	50208	27300	0	186000
910	66800	36400	0	186000
910	83408	45500	0	190000
910	100016	54600	0	197000
910	116624	63700	0	178000
910	133216	72800	0	178000
910	149824	81900	0	169000
910	16992	9100	0	169000
910	166432	91000	0	182000
920	33968	18400	0	243000
920	50752	27600	0	154000
920	67536	36800	0	194000
920	84320	46000	0	180000
920	101104	55200	0	171000
920	117904	64400	0	180000
920	134688	73600	0	185000
920	151472	82800	0	181000
920	17184	9200	0	185000
920	168256	92000	0	173000
930	34336	18600	0	175000
930	51296	27900	0	163000
930	68272	37200	0	182000
930	85232	46500	0	174000
930	102208	55800	0	166000
930	119168	65100	0	184000
930	136144	74400	0	180000
930	153104	83700	0	175000
930	17360	9300	0	177000
930	170080	93000	0	169000
940	34688	18800	0	162000
940	51840	28200	0	180000
940	68992	37600	0	184000
940	86144	47000	0	182000
940	103296	56400	0	191000
940	120448	65800	0	168000
940	137600	75200	0	181000
940	154752	84600	0	164000
940	17536	9400	0	190000
940	171904	94000	0	180000
950	35056	19000	0	185000
950	52400	28500	0	191000
950	69728	38000	0	175000
950	87056	47500	0	201000
950	104400	57000	0	196000
950	121728	66500	0	197000
950	139056	76000	0	184000
950	156400	85500	0	170000
950	17728	9500	0	193000
950	173728	95000	0	202000
960	35424	19200	0	216000
960	52944	28800	0	966000
960	70464	38400	0	172000
960	87968	48000	0	187000
960	105488	57600	0	213000
960	123008	67200	0	176000
960	140528	76800	0	188000
960	158032	86400	0	158000
960	17904	9600	0	232000
960	175552	96000	0	242000
970	35792	19400	0	247000
970	53488	29100	0	197000
970	71184	38800	0	258000
970	88880	48500	0	3555000
970	106592	58200	0	186000
970	124288	67900	0	158000
970	141984	77600	0	180000
970	159680	87300	0	193000
970	18096	9700	0	185000
970	177376	97000	0	207000
980	36160	19600	0	178000
980	54032	29400	0	191000
980	71920	39200	0	199000
980	89792	49000	0	192000
980	107680	58800	0	165000
980	125568	68600	0	206000
980	143440	78400	0	173000
980	161328	88200	0	186000
980	18272	9800	0	185000
980	179200	98000	0	190000
990	36512	19800	0	198000
990	54576	29700	0	208000
990	72640	39600	0	181000
990	90704	49500	0	178000
990	108768	59400	0	202000
990	126832	69300	0	197000
990	144896	79200	0	213000
990	162960	89100	0	194000
990	18448	9900	0	182000
990	181024	99000	0	204000
