1000	304	256000	0
100	304	28000	0
10	304	7000	0
110	304	31000	0
120	304	39000	0
130	304	31000	0
140	304	39000	0
150	304	33000	0
160	304	32000	0
170	304	42000	0
180	304	41000	0
190	304	43000	0
200	304	75000	0
20	304	9000	0
210	304	42000	0
220	304	45000	0
230	304	49000	0
240	304	226000	0
250	304	53000	0
260	304	57000	0
270	304	63000	0
280	304	58000	0
290	304	63000	0
300	304	63000	0
30	304	16000	0
310	304	67000	0
320	304	58000	0
330	304	70000	0
340	304	102000	0
350	304	73000	0
360	304	78000	0
370	304	78000	0
380	304	88000	0
390	304	85000	0
400	304	84000	0
40	304	14000	0
410	304	75000	0
420	304	96000	0
430	304	97000	0
440	304	95000	0
450	304	89000	0
460	304	95000	0
470	304	100000	0
480	304	105000	0
490	304	101000	0
500	304	103000	0
50	304	17000	0
510	304	135000	0
520	304	119000	0
530	304	110000	0
540	304	311000	0
550	304	152000	0
560	304	116000	0
570	304	115000	0
580	304	109000	0
590	304	112000	0
600	304	118000	0
60	304	20000	0
610	304	115000	0
620	304	125000	0
630	304	129000	0
640	304	133000	0
650	304	138000	0
660	304	160000	0
670	304	139000	0
680	304	147000	0
690	304	148000	0
700	304	146000	0
70	304	21000	0
710	304	145000	0
720	304	139000	0
730	304	156000	0
740	304	147000	0
750	304	151000	0
760	304	152000	0
770	304	149000	0
780	304	177000	0
790	304	164000	0
800	304	162000	0
80	304	21000	0
810	304	143000	0
820	304	164000	0
830	304	161000	0
840	304	181000	0
850	304	169000	0
860	304	178000	0
870	304	170000	0
880	304	172000	0
890	304	180000	0
900	304	248000	0
90	304	22000	0
910	304	184000	0
920	304	170000	0
930	304	189000	0
940	304	185000	0
950	304	178000	0
960	304	190000	0
970	304	202000	0
980	304	194000	0
990	304	205000	0
