1000	18640	10000	1000	2273000
1000	182848	100000	1000	2404000
1000	36880	20000	1000	2563000
1000	55136	30000	1000	2391000
1000	73376	40000	1000	2423000
1000	91616	50000	1000	2504000
1000	109872	60000	1000	2333000
1000	128112	70000	1000	2472000
1000	146368	80000	1000	2495000
1000	164608	90000	1000	2309000
100	2224	1000	100	458000
100	18640	10000	100	268000
100	4048	2000	100	311000
100	5872	3000	100	312000
100	7696	4000	100	317000
100	9520	5000	100	360000
100	11344	6000	100	334000
100	13168	7000	100	315000
100	14992	8000	100	300000
100	16816	9000	100	258000
10	576	100	10	90287000
10	2224	1000	10	1271000
10	752	200	10	1364000
10	944	300	10	1323000
10	1120	400	10	1310000
10	1312	500	10	6393000
10	1488	600	10	3157000
10	1664	700	10	1556000
10	1856	800	10	1315000
10	2032	900	10	1790000
110	2400	1100	110	277000
110	20464	11000	110	386000
110	4400	2200	110	274000
110	6416	3300	110	282000
110	8416	4400	110	1393000
110	10432	5500	110	277000
110	12432	6600	110	281000
110	14448	7700	110	286000
110	16448	8800	110	289000
110	18448	9900	110	286000
120	20096	10800	120	301000
120	2576	1200	120	300000
120	22288	12000	120	305000
120	4768	2400	120	390000
120	6960	3600	120	537000
120	9152	4800	120	310000
120	11344	6000	120	321000
120	13536	7200	120	303000
120	15712	8400	120	355000
120	17904	9600	120	308000
130	19360	10400	130	328000
130	21744	11700	130	326000
130	2768	1300	130	322000
130	24112	13000	130	329000
130	5136	2600	130	328000
130	7504	3900	130	323000
130	9872	5200	130	326000
130	12256	6500	130	326000
130	14624	7800	130	528000
130	16992	9100	130	443000
140	20832	11200	140	354000
140	23376	12600	140	1043000
140	2944	1400	140	341000
140	25936	14000	140	356000
140	5504	2800	140	357000
140	8048	4200	140	347000
140	10608	5600	140	350000
140	13168	7000	140	384000
140	15712	8400	140	342000
140	18272	9800	140	1466000
150	19552	10500	150	372000
150	22288	12000	150	379000
150	25024	13500	150	378000
150	3136	1500	150	370000
150	27760	15000	150	376000
150	5872	3000	150	376000
150	8608	4500	150	379000
150	11344	6000	150	367000
150	14080	7500	150	417000
150	16816	9000	150	388000
160	20832	11200	160	390000
160	23744	12800	160	397000
160	26672	14400	160	400000
160	3312	1600	160	392000
160	29584	16000	160	389000
160	6224	3200	160	6574000
160	9152	4800	160	397000
160	12064	6400	160	388000
160	14992	8000	160	394000
160	17904	9600	160	393000
170	19008	10200	170	627000
170	22112	11900	170	409000
170	25200	13600	170	433000
170	28304	15300	170	584000
170	3488	1700	170	459000
170	31408	17000	170	417000
170	6592	3400	170	416000
170	9696	5100	170	410000
170	12800	6800	170	413000
170	15904	8500	170	414000
180	20096	10800	180	438000
180	23376	12600	180	482000
180	26672	14400	180	992000
180	29952	16200	180	1025000
180	3680	1800	180	436000
180	33232	18000	180	460000
180	6960	3600	180	429000
180	10240	5400	180	436000
180	13536	7200	180	448000
180	16816	9000	180	440000
190	21200	11400	190	480000
190	24656	13300	190	471000
190	28128	15200	190	459000
190	31600	17100	190	465000
190	3856	1900	190	500000
190	35056	19000	190	524000
190	7328	3800	190	458000
190	10800	5700	190	458000
190	14256	7600	190	575000
190	17728	9500	190	457000
200	18640	10000	200	484000
200	22288	12000	200	493000
200	25936	14000	200	491000
200	29584	16000	200	501000
200	33232	18000	200	500000
200	4048	2000	200	486000
200	36880	20000	200	501000
200	7696	4000	200	488000
200	11344	6000	200	479000
200	14992	8000	200	502000
20	2224	1000	20	4226000
20	2576	1200	20	2366000
20	2944	1400	20	2488000
20	3312	1600	20	2346000
20	3680	1800	20	2163000
20	752	200	20	2752000
20	4048	2000	20	8786000
20	1120	400	20	2389000
20	1488	600	20	2691000
20	1856	800	20	2451000
210	19552	10500	210	517000
210	23376	12600	210	498000
210	27216	14700	210	520000
210	31040	16800	210	512000
210	34880	18900	210	734000
210	4224	2100	210	503000
210	38704	21000	210	515000
210	8048	4200	210	511000
210	11888	6300	210	519000
210	15712	8400	210	508000
220	20464	11000	220	590000
220	24480	13200	220	549000
220	28496	15400	220	736000
220	32512	17600	220	526000
220	36512	19800	220	536000
220	4400	2200	220	536000
220	40528	22000	220	544000
220	8416	4400	220	524000
220	12432	6600	220	532000
220	16448	8800	220	584000
230	21376	11500	230	564000
230	25568	13800	230	547000
230	29760	16100	230	724000
230	33968	18400	230	565000
230	38160	20700	230	574000
230	4592	2300	230	552000
230	42352	23000	230	551000
230	8784	4600	230	554000
230	12976	6900	230	555000
230	17184	9200	230	605000
240	22288	12000	240	578000
240	26672	14400	240	599000
240	31040	16800	240	574000
240	35424	19200	240	611000
240	39808	21600	240	591000
240	4768	2400	240	568000
240	44176	24000	240	607000
240	9152	4800	240	573000
240	13536	7200	240	1144000
240	17904	9600	240	584000
250	18640	10000	250	640000
250	23200	12500	250	603000
250	27760	15000	250	599000
250	32320	17500	250	636000
250	36880	20000	250	613000
250	41440	22500	250	599000
250	4960	2500	250	615000
250	46000	25000	250	632000
250	9520	5000	250	593000
250	14080	7500	250	620000
260	19360	10400	260	673000
260	24112	13000	260	874000
260	28848	15600	260	629000
260	33600	18200	260	631000
260	38336	20800	260	630000
260	43088	23400	260	645000
260	5136	2600	260	624000
260	47824	26000	260	651000
260	9872	5200	260	654000
260	14624	7800	260	629000
270	20096	10800	270	943000
270	25024	13500	270	661000
270	29952	16200	270	659000
270	34880	18900	270	660000
270	39808	21600	270	812000
270	44736	24300	270	657000
270	5312	2700	270	665000
270	49664	27000	270	673000
270	10240	5400	270	644000
270	15168	8100	270	667000
280	20832	11200	280	666000
280	25936	14000	280	753000
280	31040	16800	280	822000
280	36160	19600	280	801000
280	41264	22400	280	726000
280	46368	25200	280	685000
280	5504	2800	280	686000
280	51488	28000	280	699000
280	10608	5600	280	667000
280	15712	8400	280	1112000
290	21552	11600	290	687000
290	26848	14500	290	709000
290	32144	17400	290	686000
290	37424	20300	290	733000
290	42720	23200	290	870000
290	48016	26100	290	689000
290	5680	2900	290	675000
290	53312	29000	290	716000
290	10976	5800	290	709000
290	16272	8700	290	713000
300	22288	12000	300	717000
300	27760	15000	300	712000
300	33232	18000	300	732000
300	38704	21000	300	724000
300	44176	24000	300	733000
300	49664	27000	300	737000
300	5872	3000	300	705000
300	55136	30000	300	752000
300	11344	6000	300	1348000
300	16816	9000	300	776000
30	2576	1200	30	3107000
30	3136	1500	30	3225000
30	3680	1800	30	3128000
30	4224	2100	30	8835000
30	4768	2400	30	5040000
30	5312	2700	30	3996000
30	944	300	30	3090000
30	5872	3000	30	2963000
30	1488	600	30	3180000
30	2032	900	30	5375000
310	23024	12400	310	851000
310	28672	15500	310	731000
310	34336	18600	310	756000
310	39984	21700	310	763000
310	45648	24800	310	804000
310	51296	27900	310	799000
310	6048	3100	310	740000
310	56960	31000	310	746000
310	11712	6200	310	753000
310	17360	9300	310	733000
320	23744	12800	320	926000
320	29584	16000	320	793000
320	35424	19200	320	889000
320	41264	22400	320	774000
320	47104	25600	320	787000
320	52944	28800	320	844000
320	6224	3200	320	772000
320	58784	32000	320	1001000
320	12064	6400	320	766000
320	17904	9600	320	771000
330	24480	13200	330	793000
330	30496	16500	330	812000
330	36512	19800	330	800000
330	42544	23100	330	833000
330	48560	26400	330	840000
330	54576	29700	330	808000
330	6416	3300	330	883000
330	60608	33000	330	805000
330	12432	6600	330	782000
330	18448	9900	330	794000
340	19008	10200	340	823000
340	25200	13600	340	830000
340	31408	17000	340	799000
340	37616	20400	340	812000
340	43824	23800	340	804000
340	50016	27200	340	823000
340	56224	30600	340	830000
340	6592	3400	340	1302000
340	62432	34000	340	833000
340	12800	6800	340	799000
350	19552	10500	350	841000
350	25936	14000	350	846000
350	32320	17500	350	822000
350	38704	21000	350	850000
350	45088	24500	350	853000
350	51488	28000	350	824000
350	57872	31500	350	908000
350	6784	3500	350	1034000
350	64256	35000	350	905000
350	13168	7000	350	812000
360	20096	10800	360	879000
360	26672	14400	360	881000
360	33232	18000	360	893000
360	39808	21600	360	866000
360	46368	25200	360	882000
360	52944	28800	360	872000
360	59504	32400	360	892000
360	6960	3600	360	850000
360	66080	36000	360	851000
360	13536	7200	360	845000
370	20640	11100	370	888000
370	27392	14800	370	877000
370	34144	18500	370	919000
370	40896	22200	370	888000
370	47648	25900	370	901000
370	54400	29600	370	911000
370	61152	33300	370	867000
370	7136	3700	370	897000
370	67904	37000	370	936000
370	13888	7400	370	984000
380	21200	11400	380	910000
380	28128	15200	380	885000
380	35056	19000	380	2184000
380	42000	22800	380	884000
380	48928	26600	380	895000
380	55856	30400	380	914000
380	62800	34200	380	925000
380	7328	3800	380	942000
380	69728	38000	380	900000
380	14256	7600	380	881000
390	21744	11700	390	916000
390	28848	15600	390	909000
390	35968	19500	390	939000
390	43088	23400	390	913000
390	50208	27300	390	949000
390	57312	31200	390	999000
390	64432	35100	390	1545000
390	7504	3900	390	911000
390	71552	39000	390	920000
390	14624	7800	390	906000
400	22288	12000	400	927000
400	29584	16000	400	958000
400	36880	20000	400	975000
400	44176	24000	400	974000
400	51488	28000	400	952000
400	58784	32000	400	1192000
400	66080	36000	400	946000
400	7696	4000	400	954000
400	73376	40000	400	984000
400	14992	8000	400	1174000
40	2576	1200	40	4010000
40	3312	1600	40	3865000
40	4048	2000	40	13310000
40	4768	2400	40	6964000
40	5504	2800	40	11068000
40	6224	3200	40	3517000
40	6960	3600	40	3342000
40	1120	400	40	14094000
40	7696	4000	40	4757000
40	1856	800	40	6097000
410	22832	12300	410	972000
410	30320	16400	410	970000
410	37792	20500	410	980000
410	45280	24600	410	1091000
410	52752	28700	410	958000
410	60240	32800	410	1589000
410	67712	36900	410	976000
410	7872	4100	410	963000
410	75200	41000	410	1034000
410	15360	8200	410	976000
420	23376	12600	420	994000
420	31040	16800	420	1460000
420	38704	21000	420	1064000
420	46368	25200	420	983000
420	54032	29400	420	983000
420	61696	33600	420	1019000
420	69360	37800	420	1027000
420	8048	4200	420	982000
420	77024	42000	420	997000
420	15712	8400	420	1310000
430	23936	12900	430	1278000
430	31776	17200	430	998000
430	39616	21500	430	1012000
430	47472	25800	430	17725000
430	55312	30100	430	2165000
430	63152	34400	430	1062000
430	71008	38700	430	1258000
430	8240	4300	430	1080000
430	78848	43000	430	1103000
430	16080	8600	430	1000000
440	24480	13200	440	1010000
440	32512	17600	440	1060000
440	40528	22000	440	1051000
440	48560	26400	440	1029000
440	56592	30800	440	1028000
440	64624	35200	440	1091000
440	72640	39600	440	1041000
440	8416	4400	440	1050000
440	80672	44000	440	1070000
440	16448	8800	440	1193000
450	25024	13500	450	1116000
450	33232	18000	450	1070000
450	41440	22500	450	1130000
450	49664	27000	450	1075000
450	57872	31500	450	1095000
450	66080	36000	450	1081000
450	74288	40500	450	1073000
450	8608	4500	450	1055000
450	82496	45000	450	1064000
450	16816	9000	450	1058000
460	25568	13800	460	1110000
460	33968	18400	460	1093000
460	42352	23000	460	1133000
460	50752	27600	460	1111000
460	59152	32200	460	1068000
460	67536	36800	460	1183000
460	75936	41400	460	1104000
460	8784	4600	460	1071000
460	84320	46000	460	1772000
460	17184	9200	460	1100000
470	26112	14100	470	1123000
470	34688	18800	470	1086000
470	43264	23500	470	1116000
470	51840	28200	470	1149000
470	60416	32900	470	1146000
470	68992	37600	470	1110000
470	77568	42300	470	1137000
470	8960	4700	470	1485000
470	86144	47000	470	1119000
470	17536	9400	470	1103000
480	26672	14400	480	1199000
480	35424	19200	480	1112000
480	44176	24000	480	1123000
480	52944	28800	480	1241000
480	61696	33600	480	1116000
480	70464	38400	480	1226000
480	79216	43200	480	1189000
480	9152	4800	480	1122000
480	87968	48000	480	1213000
480	17904	9600	480	1135000
490	27216	14700	490	1128000
490	36160	19600	490	1145000
490	45088	24500	490	1162000
490	54032	29400	490	1218000
490	62976	34300	490	1194000
490	71920	39200	490	1155000
490	80864	44100	490	1190000
490	9328	4900	490	1168000
490	89792	49000	490	1745000
490	18272	9800	490	1148000
500	18640	10000	500	2838000
500	27760	15000	500	1188000
500	36880	20000	500	1418000
500	46000	25000	500	1222000
500	55136	30000	500	1178000
500	64256	35000	500	3726000
500	73376	40000	500	1875000
500	82496	45000	500	1189000
500	9520	5000	500	1190000
500	91616	50000	500	1223000
50	2224	1000	50	3302000
50	3136	1500	50	7054000
50	4048	2000	50	2757000
50	4960	2500	50	5346000
50	5872	3000	50	2269000
50	6784	3500	50	2398000
50	7696	4000	50	2460000
50	8608	4500	50	2554000
50	1312	500	50	5345000
50	9520	5000	50	2289000
510	19008	10200	510	1221000
510	28304	15300	510	1216000
510	37616	20400	510	1233000
510	46912	25500	510	1246000
510	56224	30600	510	1183000
510	65536	35700	510	1199000
510	74832	40800	510	1416000
510	84144	45900	510	1524000
510	9696	5100	510	1332000
510	93440	51000	510	1220000
520	19360	10400	520	1240000
520	28848	15600	520	1210000
520	38336	20800	520	1259000
520	47824	26000	520	1223000
520	57312	31200	520	1223000
520	66800	36400	520	1244000
520	76288	41600	520	1284000
520	85776	46800	520	1410000
520	9872	5200	520	1222000
520	95264	52000	520	1660000
530	19728	10600	530	1261000
530	29408	15900	530	1262000
530	39072	21200	530	1230000
530	48736	26500	530	1255000
530	58416	31800	530	1234000
530	68080	37100	530	1336000
530	77760	42400	530	1340000
530	87424	47700	530	1344000
530	10064	5300	530	1254000
530	97104	53000	530	1307000
540	20096	10800	540	1289000
540	29952	16200	540	1241000
540	39808	21600	540	1257000
540	49664	27000	540	1575000
540	59504	32400	540	1256000
540	69360	37800	540	1259000
540	79216	43200	540	1406000
540	89072	48600	540	1357000
540	10240	5400	540	1283000
540	98928	54000	540	1268000
550	20464	11000	550	2019000
550	30496	16500	550	1565000
550	40528	22000	550	1307000
550	50576	27500	550	3988000
550	60608	33000	550	1286000
550	70640	38500	550	2115000
550	80672	44000	550	7026000
550	90704	49500	550	1329000
550	10432	5500	550	1295000
550	100752	55000	550	2396000
560	20832	11200	560	1314000
560	31040	16800	560	1462000
560	41264	22400	560	1287000
560	51488	28000	560	1668000
560	61696	33600	560	1396000
560	71920	39200	560	1303000
560	82128	44800	560	1364000
560	92352	50400	560	1371000
560	10608	5600	560	2314000
560	102576	56000	560	1378000
570	21200	11400	570	1366000
570	31600	17100	570	1372000
570	42000	22800	570	1341000
570	52400	28500	570	1380000
570	62800	34200	570	1361000
570	73200	39900	570	1383000
570	83600	45600	570	1378000
570	94000	51300	570	1321000
570	10800	5700	570	1308000
570	104400	57000	570	1506000
580	21552	11600	580	1341000
580	32144	17400	580	1353000
580	42720	23200	580	1401000
580	53312	29000	580	1373000
580	63888	34800	580	13620000
580	74464	40600	580	1345000
580	85056	46400	580	1425000
580	95632	52200	580	1366000
580	10976	5800	580	1381000
580	106224	58000	580	1424000
590	21920	11800	590	1399000
590	32688	17700	590	1421000
590	43456	23600	590	1425000
590	54224	29500	590	1379000
590	64976	35400	590	1385000
590	75744	41300	590	1403000
590	86512	47200	590	1432000
590	97280	53100	590	1467000
590	11152	5900	590	1386000
590	108048	59000	590	1395000
600	22288	12000	600	2206000
600	33232	18000	600	1382000
600	44176	24000	600	1428000
600	55136	30000	600	1455000
600	66080	36000	600	1467000
600	77024	42000	600	1457000
600	87968	48000	600	1416000
600	98928	54000	600	1490000
600	11344	6000	600	1367000
600	109872	60000	600	1512000
60	2576	1200	60	2765000
60	3680	1800	60	2823000
60	4768	2400	60	2763000
60	5872	3000	60	2982000
60	6960	3600	60	2878000
60	8048	4200	60	3544000
60	9152	4800	60	5741000
60	10240	5400	60	3704000
60	1488	600	60	2728000
60	11344	6000	60	4194000
610	22656	12200	610	1414000
610	33776	18300	610	1526000
610	44912	24400	610	1445000
610	56048	30500	610	1451000
610	67168	36600	610	37023000
610	78304	42700	610	1470000
610	89440	48800	610	1495000
610	100560	54900	610	1701000
610	11520	6100	610	1406000
610	111696	61000	610	1568000
620	23024	12400	620	1457000
620	34336	18600	620	1441000
620	45648	24800	620	1454000
620	56960	31000	620	1512000
620	68272	37200	620	1528000
620	79584	43400	620	1510000
620	90896	49600	620	1698000
620	102208	55800	620	1478000
620	11712	6200	620	1465000
620	113520	62000	620	1544000
630	23376	12600	630	1432000
630	34880	18900	630	1534000
630	46368	25200	630	1450000
630	57872	31500	630	1713000
630	69360	37800	630	1467000
630	80864	44100	630	1451000
630	92352	50400	630	1502000
630	103840	56700	630	1542000
630	11888	6300	630	1683000
630	115344	63000	630	1547000
640	23744	12800	640	1506000
640	35424	19200	640	1470000
640	47104	25600	640	1646000
640	58784	32000	640	1515000
640	70464	38400	640	1565000
640	82128	44800	640	1519000
640	93808	51200	640	1486000
640	105488	57600	640	1588000
640	12064	6400	640	1461000
640	117168	64000	640	1542000
650	24112	13000	650	1479000
650	35968	19500	650	1520000
650	47824	26000	650	1545000
650	59696	32500	650	1561000
650	71552	39000	650	1490000
650	83408	45500	650	1547000
650	95264	52000	650	1576000
650	107136	58500	650	1565000
650	12256	6500	650	1543000
650	118992	65000	650	1889000
660	24480	13200	660	1532000
660	36512	19800	660	1572000
660	48560	26400	660	1576000
660	60608	33000	660	1583000
660	72640	39600	660	1616000
660	84688	46200	660	1783000
660	96736	52800	660	1528000
660	108768	59400	660	1542000
660	12432	6600	660	1502000
660	120816	66000	660	2093000
670	24848	13400	670	1588000
670	37072	20100	670	1583000
670	49296	26800	670	1570000
670	61520	33500	670	1608000
670	73744	40200	670	1600000
670	85968	46900	670	1584000
670	98192	53600	670	2484000
670	110416	60300	670	1553000
670	12624	6700	670	1540000
670	122640	67000	670	1678000
680	25200	13600	680	1590000
680	37616	20400	680	1575000
680	50016	27200	680	1649000
680	62432	34000	680	2022000
680	74832	40800	680	1650000
680	87248	47600	680	1577000
680	99648	54400	680	2274000
680	112064	61200	680	1644000
680	12800	6800	680	1598000
680	124464	68000	680	2327000
690	25568	13800	690	2198000
690	38160	20700	690	1647000
690	50752	27600	690	1630000
690	63344	34500	690	2259000
690	75936	41400	690	1687000
690	88528	48300	690	1598000
690	101104	55200	690	1636000
690	113696	62100	690	1618000
690	12976	6900	690	1591000
690	126288	69000	690	1631000
700	25936	14000	700	1814000
700	38704	21000	700	5761000
700	51488	28000	700	1663000
700	64256	35000	700	1659000
700	77024	42000	700	1642000
700	89792	49000	700	1860000
700	102576	56000	700	1663000
700	115344	63000	700	1796000
700	13168	7000	700	1643000
700	128112	70000	700	2267000
70	2944	1400	70	1072000
70	4224	2100	70	662000
70	5504	2800	70	448000
70	6784	3500	70	446000
70	8048	4200	70	446000
70	9328	4900	70	524000
70	10608	5600	70	456000
70	11888	6300	70	454000
70	1664	700	70	81372000
70	13168	7000	70	463000
710	26304	14200	710	1624000
710	39248	21300	710	2505000
710	52208	28400	710	1624000
710	65168	35500	710	1738000
710	78128	42600	710	1763000
710	91072	49700	710	1662000
710	104032	56800	710	1689000
710	116992	63900	710	1702000
710	13344	7100	710	1667000
710	129936	71000	710	2510000
720	26672	14400	720	1636000
720	39808	21600	720	1670000
720	52944	28800	720	1731000
720	66080	36000	720	1646000
720	79216	43200	720	7298000
720	92352	50400	720	1763000
720	105488	57600	720	3128000
720	118624	64800	720	1737000
720	13536	7200	720	1729000
720	131760	72000	720	2706000
730	27024	14600	730	1828000
730	40352	21900	730	1679000
730	53664	29200	730	1751000
730	66992	36500	730	1687000
730	80304	43800	730	1684000
730	93632	51100	730	1756000
730	106944	58400	730	1730000
730	120272	65700	730	1726000
730	13712	7300	730	2489000
730	133584	73000	730	1729000
740	27392	14800	740	3075000
740	40896	22200	740	1674000
740	54400	29600	740	1748000
740	67904	37000	740	1887000
740	81408	44400	740	1737000
740	94912	51800	740	1719000
740	108416	59200	740	1843000
740	121904	66600	740	1737000
740	13888	7400	740	1964000
740	135408	74000	740	2222000
750	27760	15000	750	1792000
750	41440	22500	750	1722000
750	55136	30000	750	1963000
750	68816	37500	750	1748000
750	82496	45000	750	2217000
750	96176	52500	750	4275000
750	109872	60000	750	1859000
750	123552	67500	750	1774000
750	14080	7500	750	1717000
750	137232	75000	750	1832000
760	28128	15200	760	2232000
760	42000	22800	760	1729000
760	55856	30400	760	1987000
760	69728	38000	760	1797000
760	83600	45600	760	1967000
760	97456	53200	760	1866000
760	111328	60800	760	1816000
760	125200	68400	760	2101000
760	14256	7600	760	1775000
760	139056	76000	760	1890000
770	28496	15400	770	1918000
770	42544	23100	770	1765000
770	56592	30800	770	1890000
770	70640	38500	770	1912000
770	84688	46200	770	1765000
770	98736	53900	770	1782000
770	112784	61600	770	2080000
770	126832	69300	770	1807000
770	14448	7700	770	1755000
770	140880	77000	770	1861000
780	28848	15600	780	1796000
780	43088	23400	780	1820000
780	57312	31200	780	1935000
780	71552	39000	780	1922000
780	85776	46800	780	1844000
780	100016	54600	780	3731000
780	114240	62400	780	2360000
780	128480	70200	780	1924000
780	14624	7800	780	2016000
780	142704	78000	780	2065000
790	29216	15800	790	1868000
790	43632	23700	790	1841000
790	58048	31600	790	1868000
790	72464	39500	790	1854000
790	86880	47400	790	2174000
790	101296	55300	790	1864000
790	115712	63200	790	1844000
790	130128	71100	790	1856000
790	14800	7900	790	1846000
790	144528	79000	790	1884000
800	29584	16000	800	1848000
800	44176	24000	800	1852000
800	58784	32000	800	2709000
800	73376	40000	800	1902000
800	87968	48000	800	1856000
800	102576	56000	800	1948000
800	117168	64000	800	1983000
800	131760	72000	800	1983000
800	14992	8000	800	2826000
800	146368	80000	800	1999000
80	3312	1600	80	494000
80	4768	2400	80	1381000
80	6224	3200	80	451000
80	7696	4000	80	595000
80	9152	4800	80	1861000
80	10608	5600	80	648000
80	12064	6400	80	450000
80	13536	7200	80	444000
80	1856	800	80	518000
80	14992	8000	80	440000
810	29952	16200	810	1896000
810	44736	24300	810	1923000
810	59504	32400	810	1847000
810	74288	40500	810	1913000
810	89072	48600	810	2571000
810	103840	56700	810	1947000
810	118624	64800	810	2239000
810	133408	72900	810	1960000
810	15168	8100	810	1863000
810	148192	81000	810	3074000
820	30320	16400	820	1896000
820	45280	24600	820	1938000
820	60240	32800	820	4547000
820	75200	41000	820	2181000
820	90160	49200	820	2620000
820	105120	57400	820	1927000
820	120080	65600	820	6288000
820	135040	73800	820	2007000
820	15360	8200	820	1865000
820	150016	82000	820	1984000
830	30688	16600	830	2267000
830	45824	24900	830	9928000
830	60976	33200	830	1958000
830	76112	41500	830	2035000
830	91264	49800	830	1946000
830	106400	58100	830	2120000
830	121552	66400	830	1935000
830	136688	74700	830	2102000
830	15536	8300	830	2410000
830	151840	83000	830	2325000
840	31040	16800	840	1948000
840	46368	25200	840	2055000
840	61696	33600	840	1984000
840	77024	42000	840	2031000
840	92352	50400	840	1913000
840	107680	58800	840	2078000
840	123008	67200	840	1941000
840	138336	75600	840	2098000
840	15712	8400	840	1898000
840	153664	84000	840	2015000
850	31408	17000	850	1975000
850	46912	25500	850	2404000
850	62432	34000	850	3479000
850	77936	42500	850	1949000
850	93440	51000	850	1979000
850	108960	59500	850	3106000
850	124464	68000	850	2187000
850	139968	76500	850	1981000
850	15904	8500	850	2169000
850	155488	85000	850	1979000
860	31776	17200	860	2056000
860	47472	25800	860	1973000
860	63152	34400	860	2128000
860	78848	43000	860	2355000
860	94544	51600	860	1963000
860	110240	60200	860	2001000
860	125920	68800	860	2146000
860	141616	77400	860	2027000
860	16080	8600	860	2672000
860	157312	86000	860	1988000
870	32144	17400	870	2647000
870	48016	26100	870	2014000
870	63888	34800	870	2087000
870	79760	43500	870	2265000
870	95632	52200	870	2036000
870	111504	60900	870	2638000
870	127392	69600	870	3807000
870	143264	78300	870	2364000
870	16272	8700	870	2122000
870	159136	87000	870	2425000
880	32512	17600	880	2048000
880	48560	26400	880	2009000
880	64624	35200	880	2145000
880	80672	44000	880	2440000
880	96736	52800	880	2025000
880	112784	61600	880	2038000
880	128848	70400	880	2029000
880	144896	79200	880	2060000
880	16448	8800	880	1997000
880	160960	88000	880	2115000
890	32864	17800	890	2143000
890	49104	26700	890	2018000
890	65344	35600	890	2643000
890	81584	44500	890	2126000
890	97824	53400	890	2042000
890	114064	62300	890	2739000
890	130304	71200	890	2069000
890	146544	80100	890	2059000
890	16624	8900	890	3977000
890	162784	89000	890	2067000
900	33232	18000	900	2244000
900	49664	27000	900	2173000
900	66080	36000	900	2233000
900	82496	45000	900	2122000
900	98928	54000	900	2861000
900	115344	63000	900	11924000
900	131760	72000	900	3030000
900	148192	81000	900	2443000
900	16816	9000	900	2119000
900	164608	90000	900	2172000
90	3680	1800	90	354000
90	5312	2700	90	333000
90	6960	3600	90	328000
90	8608	4500	90	331000
90	10240	5400	90	329000
90	11888	6300	90	339000
90	13536	7200	90	322000
90	15168	8100	90	401000
90	2032	900	90	476000
90	16816	9000	90	317000
910	33600	18200	910	2173000
910	50208	27300	910	2127000
910	66800	36400	910	2717000
910	83408	45500	910	2093000
910	100016	54600	910	2618000
910	116624	63700	910	2137000
910	133216	72800	910	2091000
910	149824	81900	910	2130000
910	16992	9100	910	2191000
910	166432	91000	910	3220000
920	33968	18400	920	2075000
920	50752	27600	920	2151000
920	67536	36800	920	2141000
920	84320	46000	920	2336000
920	101104	55200	920	2481000
920	117904	64400	920	2122000
920	134688	73600	920	2274000
920	151472	82800	920	2221000
920	17184	9200	920	2088000
920	168256	92000	920	4311000
930	34336	18600	930	2201000
930	51296	27900	930	2692000
930	68272	37200	930	2282000
930	85232	46500	930	2142000
930	102208	55800	930	2521000
930	119168	65100	930	2692000
930	136144	74400	930	2683000
930	153104	83700	930	2180000
930	17360	9300	930	2185000
930	170080	93000	930	2355000
940	34688	18800	940	2148000
940	51840	28200	940	2199000
940	68992	37600	940	2188000
940	86144	47000	940	2186000
940	103296	56400	940	2183000
940	120448	65800	940	2228000
940	137600	75200	940	2311000
940	154752	84600	940	2559000
940	17536	9400	940	3162000
940	171904	94000	940	3019000
950	35056	19000	950	3021000
950	52400	28500	950	2522000
950	69728	38000	950	2608000
950	87056	47500	950	5759000
950	104400	57000	950	2357000
950	121728	66500	950	2221000
950	139056	76000	950	2223000
950	156400	85500	950	2791000
950	17728	9500	950	2164000
950	173728	95000	950	2251000
960	35424	19200	960	2283000
960	52944	28800	960	2238000
960	70464	38400	960	2219000
960	87968	48000	960	2243000
960	105488	57600	960	2523000
960	123008	67200	960	2351000
960	140528	76800	960	2298000
960	158032	86400	960	2227000
960	17904	9600	960	2257000
960	175552	96000	960	2243000
970	35792	19400	970	2997000
970	53488	29100	970	2213000
970	71184	38800	970	2982000
970	88880	48500	970	3383000
970	106592	58200	970	2311000
970	124288	67900	970	2699000
970	141984	77600	970	2382000
970	159680	87300	970	2331000
970	18096	9700	972	2227000
970	177376	97000	970	3342000
980	36160	19600	980	2253000
980	54032	29400	980	2273000
980	71920	39200	980	2274000
980	89792	49000	980	2293000
980	107680	58800	980	2290000
980	125568	68600	980	2504000
980	143440	78400	980	2756000
980	161328	88200	980	2396000
980	18272	9800	980	2288000
980	179200	98000	980	2303000
990	36512	19800	990	6328000
990	54576	29700	990	2282000
990	72640	39600	990	2307000
990	90704	49500	990	2577000
990	108768	59400	990	2292000
990	126832	69300	990	2336000
990	144896	79200	990	2694000
990	162960	89100	990	2639000
990	18448	9900	990	4141000
990	181024	99000	990	2373000
