1000000	1825008	1000000	0	237889991
1000000	18246496	10000000	0	238078199
1000000	182461408	100000000	0	238338486
1000000	20071104	11000000	0	237682452
1000000	21895712	12000000	0	238224315
1000000	23720320	13000000	0	238553947
1000000	25544928	14000000	0	236874603
1000000	27369552	15000000	0	239742726
1000000	29194160	16000000	0	236792989
1000000	31018768	17000000	0	237071358
1000000	32843376	18000000	0	237831809
1000000	34667984	19000000	0	237453212
1000000	3649616	2000000	0	238493677
1000000	36492592	20000000	0	236882349
1000000	38317200	21000000	0	237788655
1000000	40141824	22000000	0	237725048
1000000	41966432	23000000	0	237740395
1000000	43791040	24000000	0	239043538
1000000	45615648	25000000	0	238110625
1000000	47440256	26000000	0	238834072
1000000	49264864	27000000	0	238980245
1000000	51089472	28000000	0	237803441
1000000	52914080	29000000	0	237436044
1000000	5474224	3000000	0	236868396
1000000	54738704	30000000	0	238343895
1000000	56563312	31000000	0	237294355
1000000	58387920	32000000	0	238206939
1000000	60212528	33000000	0	238378347
1000000	62037136	34000000	0	238033894
1000000	63861744	35000000	0	238794615
1000000	65686352	36000000	0	238784770
1000000	67510976	37000000	0	239009747
1000000	69335584	38000000	0	239664065
1000000	71160192	39000000	0	236936410
1000000	7298832	4000000	0	238368910
1000000	72984800	40000000	0	238238094
1000000	74809408	41000000	0	237824984
1000000	76634016	42000000	0	237802057
1000000	78458624	43000000	0	238536205
1000000	80283248	44000000	0	237523056
1000000	82107856	45000000	0	237735727
1000000	83932464	46000000	0	237610024
1000000	85757072	47000000	0	239091784
1000000	87581680	48000000	0	238349827
1000000	89406288	49000000	0	237720531
1000000	9123440	5000000	0	239295350
1000000	91230896	50000000	0	237745467
1000000	93055520	51000000	0	237999952
1000000	94880128	52000000	0	237895596
1000000	96704736	53000000	0	238150765
1000000	98529344	54000000	0	237841700
1000000	100353952	55000000	0	238022173
1000000	102178560	56000000	0	239274302
1000000	104003168	57000000	0	238081058
1000000	105827776	58000000	0	238936236
1000000	107652400	59000000	0	237139844
1000000	10948048	6000000	0	237840397
1000000	109477008	60000000	0	238498875
1000000	111301616	61000000	0	239133680
1000000	113126224	62000000	0	237971836
1000000	114950832	63000000	0	238871941
1000000	116775440	64000000	0	238486174
1000000	118600048	65000000	0	238270407
1000000	120424672	66000000	0	238058635
1000000	122249280	67000000	0	237181356
1000000	124073888	68000000	0	237511563
1000000	125898496	69000000	0	239874992
1000000	12772656	7000000	0	238560446
1000000	127723104	70000000	0	238104343
1000000	129547712	71000000	0	238534883
1000000	131372320	72000000	0	237663499
1000000	133196944	73000000	0	238084764
1000000	135021552	74000000	0	237680270
1000000	136846160	75000000	0	238931229
1000000	138670768	76000000	0	238011616
1000000	140495376	77000000	0	237892772
1000000	142319984	78000000	0	238502249
1000000	144144592	79000000	0	238543043
1000000	14597280	8000000	0	237903091
1000000	145969216	80000000	0	237790477
1000000	147793824	81000000	0	238611507
1000000	149618432	82000000	0	237424672
1000000	151443040	83000000	0	238153805
1000000	153267648	84000000	0	238081428
1000000	155092256	85000000	0	238129281
1000000	156916864	86000000	0	238314689
1000000	158741472	87000000	0	237695562
1000000	160566096	88000000	0	235631158
1000000	162390704	89000000	0	237997602
1000000	16421888	9000000	0	237781448
1000000	164215312	90000000	0	237568290
1000000	166039920	91000000	0	238423246
1000000	167864528	92000000	0	239178994
1000000	169689136	93000000	0	237345235
1000000	171513744	94000000	0	238536058
1000000	173338368	95000000	0	237284968
1000000	175162976	96000000	0	237982949
1000000	176987584	97000000	0	237369810
1000000	178812192	98000000	0	239148552
1000000	180636800	99000000	0	238036523
100000	1825008	1000000	0	17921432
100000	18246496	10000000	0	17988911
100000	182461408	100000000	0	18104571
100000	20071104	11000000	0	17788409
100000	21895712	12000000	0	17921626
100000	23720320	13000000	0	17283703
100000	25544928	14000000	0	17696364
100000	27369552	15000000	0	16932105
100000	29194160	16000000	0	17620127
100000	31018768	17000000	0	17421475
100000	32843376	18000000	0	17452751
100000	34667984	19000000	0	17755098
100000	3649616	2000000	0	18112746
100000	36492592	20000000	0	17496252
100000	38317200	21000000	0	17156040
100000	40141824	22000000	0	17805634
100000	41966432	23000000	0	17050539
100000	43791040	24000000	0	17080010
100000	45615648	25000000	0	17742866
100000	47440256	26000000	0	17791730
100000	49264864	27000000	0	17824363
100000	51089472	28000000	0	17978736
100000	52914080	29000000	0	17779896
100000	5474224	3000000	0	17607408
100000	54738704	30000000	0	17825908
100000	56563312	31000000	0	17768305
100000	58387920	32000000	0	18144579
100000	60212528	33000000	0	17893845
100000	62037136	34000000	0	17819887
100000	63861744	35000000	0	17792751
100000	65686352	36000000	0	17899404
100000	67510976	37000000	0	17875273
100000	69335584	38000000	0	17794150
100000	71160192	39000000	0	17712739
100000	7298832	4000000	0	19372710
100000	72984800	40000000	0	17777840
100000	74809408	41000000	0	17967230
100000	76634016	42000000	0	17851683
100000	78458624	43000000	0	17704578
100000	80283248	44000000	0	17587700
100000	82107856	45000000	0	17825806
100000	83932464	46000000	0	17830568
100000	85757072	47000000	0	17706194
100000	87581680	48000000	0	17704740
100000	89406288	49000000	0	17898221
100000	9123440	5000000	0	17725187
100000	91230896	50000000	0	17847655
100000	93055520	51000000	0	17961905
100000	94880128	52000000	0	17663193
100000	96704736	53000000	0	17911906
100000	98529344	54000000	0	17624249
100000	100353952	55000000	0	17743516
100000	102178560	56000000	0	17797639
100000	104003168	57000000	0	17880667
100000	105827776	58000000	0	17856927
100000	107652400	59000000	0	18106883
100000	10948048	6000000	0	18256536
100000	109477008	60000000	0	17803496
100000	111301616	61000000	0	17725533
100000	113126224	62000000	0	18060483
100000	114950832	63000000	0	17847690
100000	116775440	64000000	0	18035552
100000	118600048	65000000	0	17774515
100000	120424672	66000000	0	17805934
100000	122249280	67000000	0	18018232
100000	124073888	68000000	0	17684297
100000	125898496	69000000	0	17782896
100000	12772656	7000000	0	18180783
100000	127723104	70000000	0	17535465
100000	129547712	71000000	0	17792355
100000	131372320	72000000	0	17730263
100000	133196944	73000000	0	17599492
100000	135021552	74000000	0	17654602
100000	136846160	75000000	0	17884470
100000	138670768	76000000	0	17782658
100000	140495376	77000000	0	18090165
100000	142319984	78000000	0	17617329
100000	144144592	79000000	0	17823090
100000	14597280	8000000	0	17500831
100000	145969216	80000000	0	17982811
100000	147793824	81000000	0	17794623
100000	149618432	82000000	0	17739727
100000	151443040	83000000	0	17755659
100000	153267648	84000000	0	17780468
100000	155092256	85000000	0	17897994
100000	156916864	86000000	0	17633665
100000	158741472	87000000	0	17904963
100000	160566096	88000000	0	18056356
100000	162390704	89000000	0	18000820
100000	16421888	9000000	0	17601167
100000	164215312	90000000	0	17920038
100000	166039920	91000000	0	17811870
100000	167864528	92000000	0	17969441
100000	169689136	93000000	0	17913183
100000	171513744	94000000	0	17809089
100000	173338368	95000000	0	17831613
100000	175162976	96000000	0	17770395
100000	176987584	97000000	0	17777033
100000	178812192	98000000	0	17944902
100000	180636800	99000000	0	17633296
200000	1825008	1000000	0	38326497
200000	18246496	10000000	0	39053646
200000	182461408	100000000	0	38924808
200000	20071104	11000000	0	39155723
200000	21895712	12000000	0	39966330
200000	23720320	13000000	0	39229845
200000	25544928	14000000	0	38199751
200000	27369552	15000000	0	38927679
200000	29194160	16000000	0	39097744
200000	31018768	17000000	0	37992421
200000	32843376	18000000	0	38827425
200000	34667984	19000000	0	38367154
200000	3649616	2000000	0	38030490
200000	36492592	20000000	0	38518120
200000	38317200	21000000	0	39248089
200000	40141824	22000000	0	40354659
200000	41966432	23000000	0	38447470
200000	43791040	24000000	0	40418946
200000	45615648	25000000	0	39416424
200000	47440256	26000000	0	39123583
200000	49264864	27000000	0	38080093
200000	51089472	28000000	0	39327242
200000	52914080	29000000	0	39030391
200000	5474224	3000000	0	38945622
200000	54738704	30000000	0	37897146
200000	56563312	31000000	0	38220113
200000	58387920	32000000	0	37902399
200000	60212528	33000000	0	39098142
200000	62037136	34000000	0	37955191
200000	63861744	35000000	0	37769225
200000	65686352	36000000	0	39540864
200000	67510976	37000000	0	37840949
200000	69335584	38000000	0	38944691
200000	71160192	39000000	0	39762500
200000	7298832	4000000	0	38663222
200000	72984800	40000000	0	38811439
200000	74809408	41000000	0	38885977
200000	76634016	42000000	0	38890825
200000	78458624	43000000	0	38741183
200000	80283248	44000000	0	38934967
200000	82107856	45000000	0	37919483
200000	83932464	46000000	0	38281604
200000	85757072	47000000	0	38878073
200000	87581680	48000000	0	38876093
200000	89406288	49000000	0	38249722
200000	9123440	5000000	0	38744874
200000	91230896	50000000	0	38059398
200000	93055520	51000000	0	38306071
200000	94880128	52000000	0	39267092
200000	96704736	53000000	0	38978368
200000	98529344	54000000	0	38126069
200000	100353952	55000000	0	38316103
200000	102178560	56000000	0	38556282
200000	104003168	57000000	0	38881986
200000	105827776	58000000	0	39788877
200000	107652400	59000000	0	38823226
200000	10948048	6000000	0	38889791
200000	109477008	60000000	0	38869152
200000	111301616	61000000	0	38902919
200000	113126224	62000000	0	38839309
200000	114950832	63000000	0	38531503
200000	116775440	64000000	0	39260259
200000	118600048	65000000	0	38325365
200000	120424672	66000000	0	38552153
200000	122249280	67000000	0	39143231
200000	124073888	68000000	0	38370056
200000	125898496	69000000	0	38043125
200000	12772656	7000000	0	38652396
200000	127723104	70000000	0	38751768
200000	129547712	71000000	0	39209161
200000	131372320	72000000	0	38043759
200000	133196944	73000000	0	38058642
200000	135021552	74000000	0	39285545
200000	136846160	75000000	0	38013697
200000	138670768	76000000	0	39526428
200000	140495376	77000000	0	38359885
200000	142319984	78000000	0	38342161
200000	144144592	79000000	0	38849458
200000	14597280	8000000	0	39178394
200000	145969216	80000000	0	38247550
200000	147793824	81000000	0	37836632
200000	149618432	82000000	0	38249526
200000	151443040	83000000	0	37621767
200000	153267648	84000000	0	38902130
200000	155092256	85000000	0	39150075
200000	156916864	86000000	0	37777948
200000	158741472	87000000	0	38421511
200000	160566096	88000000	0	37670162
200000	162390704	89000000	0	39388031
200000	16421888	9000000	0	37990570
200000	164215312	90000000	0	38571249
200000	166039920	91000000	0	37808535
200000	167864528	92000000	0	38132531
200000	169689136	93000000	0	40458320
200000	171513744	94000000	0	38753778
200000	173338368	95000000	0	40074894
200000	175162976	96000000	0	38126967
200000	176987584	97000000	0	39277437
200000	178812192	98000000	0	39113456
200000	180636800	99000000	0	39095780
300000	1825008	1000000	0	60934392
300000	18246496	10000000	0	61423271
300000	182461408	100000000	0	60399526
300000	20071104	11000000	0	61571028
300000	21895712	12000000	0	60737542
300000	23720320	13000000	0	61708989
300000	25544928	14000000	0	60696296
300000	27369552	15000000	0	61175501
300000	29194160	16000000	0	61481450
300000	31018768	17000000	0	60201318
300000	32843376	18000000	0	61039707
300000	34667984	19000000	0	60780500
300000	3649616	2000000	0	60868023
300000	36492592	20000000	0	60934905
300000	38317200	21000000	0	62155992
300000	40141824	22000000	0	60831398
300000	41966432	23000000	0	60992719
300000	43791040	24000000	0	60935561
300000	45615648	25000000	0	62434450
300000	47440256	26000000	0	61896822
300000	49264864	27000000	0	60694575
300000	51089472	28000000	0	62083765
300000	52914080	29000000	0	61333180
300000	5474224	3000000	0	61296029
300000	54738704	30000000	0	60809473
300000	56563312	31000000	0	61408793
300000	58387920	32000000	0	60726707
300000	60212528	33000000	0	63640646
300000	62037136	34000000	0	60505931
300000	63861744	35000000	0	60578727
300000	65686352	36000000	0	62282621
300000	67510976	37000000	0	61028443
300000	69335584	38000000	0	61499228
300000	71160192	39000000	0	61656561
300000	7298832	4000000	0	60978535
300000	72984800	40000000	0	61274783
300000	74809408	41000000	0	61165740
300000	76634016	42000000	0	61201056
300000	78458624	43000000	0	61254159
300000	80283248	44000000	0	61167666
300000	82107856	45000000	0	60339672
300000	83932464	46000000	0	60834772
300000	85757072	47000000	0	61134023
300000	87581680	48000000	0	61131212
300000	89406288	49000000	0	60862871
300000	9123440	5000000	0	60973097
300000	91230896	50000000	0	60677264
300000	93055520	51000000	0	60764529
300000	94880128	52000000	0	61003747
300000	96704736	53000000	0	61498043
300000	98529344	54000000	0	60998533
300000	100353952	55000000	0	61486553
300000	102178560	56000000	0	61480401
300000	104003168	57000000	0	62034122
300000	105827776	58000000	0	60755991
300000	107652400	59000000	0	61507964
300000	10948048	6000000	0	61381738
300000	109477008	60000000	0	61150958
300000	111301616	61000000	0	61666081
300000	113126224	62000000	0	61461405
300000	114950832	63000000	0	61112613
300000	116775440	64000000	0	62430218
300000	118600048	65000000	0	60835185
300000	120424672	66000000	0	61165547
300000	122249280	67000000	0	61796594
300000	124073888	68000000	0	61045842
300000	125898496	69000000	0	60569937
300000	12772656	7000000	0	60635732
300000	127723104	70000000	0	61330197
300000	129547712	71000000	0	62208954
300000	131372320	72000000	0	61611179
300000	133196944	73000000	0	61221792
300000	135021552	74000000	0	63095861
300000	136846160	75000000	0	60428844
300000	138670768	76000000	0	61599095
300000	140495376	77000000	0	61255413
300000	142319984	78000000	0	60609066
300000	144144592	79000000	0	61960102
300000	14597280	8000000	0	61328668
300000	145969216	80000000	0	61502345
300000	147793824	81000000	0	60717264
300000	149618432	82000000	0	61089729
300000	151443040	83000000	0	60190993
300000	153267648	84000000	0	61371524
300000	155092256	85000000	0	62146072
300000	156916864	86000000	0	60295374
300000	158741472	87000000	0	61189837
300000	160566096	88000000	0	61244293
300000	162390704	89000000	0	60674442
300000	16421888	9000000	0	60778348
300000	164215312	90000000	0	61481287
300000	166039920	91000000	0	60600790
300000	167864528	92000000	0	61378852
300000	169689136	93000000	0	60935280
300000	171513744	94000000	0	61055361
300000	173338368	95000000	0	61647709
300000	175162976	96000000	0	60870536
300000	176987584	97000000	0	60916619
300000	178812192	98000000	0	60651488
300000	180636800	99000000	0	61019463
400000	1825008	1000000	0	84886115
400000	18246496	10000000	0	84685749
400000	182461408	100000000	0	85320453
400000	20071104	11000000	0	86174408
400000	21895712	12000000	0	84741888
400000	23720320	13000000	0	84475090
400000	25544928	14000000	0	84524777
400000	27369552	15000000	0	83872955
400000	29194160	16000000	0	84517426
400000	31018768	17000000	0	84963279
400000	32843376	18000000	0	83939387
400000	34667984	19000000	0	85547979
400000	3649616	2000000	0	84747157
400000	36492592	20000000	0	84865415
400000	38317200	21000000	0	84948690
400000	40141824	22000000	0	84797890
400000	41966432	23000000	0	83740130
400000	43791040	24000000	0	84658943
400000	45615648	25000000	0	84491203
400000	47440256	26000000	0	84409966
400000	49264864	27000000	0	84715707
400000	51089472	28000000	0	84175097
400000	52914080	29000000	0	84346012
400000	5474224	3000000	0	84090746
400000	54738704	30000000	0	84508181
400000	56563312	31000000	0	84097413
400000	58387920	32000000	0	85667961
400000	60212528	33000000	0	84569469
400000	62037136	34000000	0	85048164
400000	63861744	35000000	0	85662379
400000	65686352	36000000	0	84803084
400000	67510976	37000000	0	84800465
400000	69335584	38000000	0	84033781
400000	71160192	39000000	0	85805864
400000	7298832	4000000	0	84206182
400000	72984800	40000000	0	86460551
400000	74809408	41000000	0	83953011
400000	76634016	42000000	0	85040977
400000	78458624	43000000	0	84502091
400000	80283248	44000000	0	84930948
400000	82107856	45000000	0	84926122
400000	83932464	46000000	0	84346470
400000	85757072	47000000	0	84878255
400000	87581680	48000000	0	84192646
400000	89406288	49000000	0	84301616
400000	9123440	5000000	0	84635705
400000	91230896	50000000	0	86220362
400000	93055520	51000000	0	83773085
400000	94880128	52000000	0	84967981
400000	96704736	53000000	0	86029651
400000	98529344	54000000	0	85067283
400000	100353952	55000000	0	85032562
400000	102178560	56000000	0	84527722
400000	104003168	57000000	0	84431750
400000	105827776	58000000	0	84703242
400000	107652400	59000000	0	84063143
400000	10948048	6000000	0	86161698
400000	109477008	60000000	0	84517486
400000	111301616	61000000	0	83993504
400000	113126224	62000000	0	84291365
400000	114950832	63000000	0	84878296
400000	116775440	64000000	0	84866616
400000	118600048	65000000	0	84653577
400000	120424672	66000000	0	85524536
400000	122249280	67000000	0	84811455
400000	124073888	68000000	0	84783086
400000	125898496	69000000	0	84333625
400000	12772656	7000000	0	84804170
400000	127723104	70000000	0	84998150
400000	129547712	71000000	0	84495117
400000	131372320	72000000	0	84398713
400000	133196944	73000000	0	84457354
400000	135021552	74000000	0	84369985
400000	136846160	75000000	0	84565846
400000	138670768	76000000	0	84612980
400000	140495376	77000000	0	84859605
400000	142319984	78000000	0	85633505
400000	144144592	79000000	0	84791934
400000	14597280	8000000	0	84525576
400000	145969216	80000000	0	84837031
400000	147793824	81000000	0	85452755
400000	149618432	82000000	0	85072050
400000	151443040	83000000	0	84253212
400000	153267648	84000000	0	84294017
400000	155092256	85000000	0	85531056
400000	156916864	86000000	0	84394055
400000	158741472	87000000	0	84050758
400000	160566096	88000000	0	84820848
400000	162390704	89000000	0	83939375
400000	16421888	9000000	0	84846821
400000	164215312	90000000	0	84326695
400000	166039920	91000000	0	85439493
400000	167864528	92000000	0	85502679
400000	169689136	93000000	0	85742749
400000	171513744	94000000	0	84453506
400000	173338368	95000000	0	84563428
400000	175162976	96000000	0	86521007
400000	176987584	97000000	0	85076594
400000	178812192	98000000	0	84775252
400000	180636800	99000000	0	86598041
500000	1825008	1000000	0	110114206
500000	18246496	10000000	0	109410519
500000	182461408	100000000	0	110754050
500000	20071104	11000000	0	110670236
500000	21895712	12000000	0	109034152
500000	23720320	13000000	0	109431085
500000	25544928	14000000	0	109273301
500000	27369552	15000000	0	108802538
500000	29194160	16000000	0	109046065
500000	31018768	17000000	0	109773810
500000	32843376	18000000	0	108818288
500000	34667984	19000000	0	109493948
500000	3649616	2000000	0	109561634
500000	36492592	20000000	0	109833756
500000	38317200	21000000	0	109240939
500000	40141824	22000000	0	109399019
500000	41966432	23000000	0	108678753
500000	43791040	24000000	0	109391979
500000	45615648	25000000	0	109303635
500000	47440256	26000000	0	109118077
500000	49264864	27000000	0	109421505
500000	51089472	28000000	0	109552472
500000	52914080	29000000	0	108957566
500000	5474224	3000000	0	108697198
500000	54738704	30000000	0	109352963
500000	56563312	31000000	0	109538004
500000	58387920	32000000	0	110611087
500000	60212528	33000000	0	109501221
500000	62037136	34000000	0	110167034
500000	63861744	35000000	0	110702491
500000	65686352	36000000	0	110199093
500000	67510976	37000000	0	110380548
500000	69335584	38000000	0	108738755
500000	71160192	39000000	0	110451877
500000	7298832	4000000	0	109265434
500000	72984800	40000000	0	109163706
500000	74809408	41000000	0	108628386
500000	76634016	42000000	0	109885460
500000	78458624	43000000	0	109131774
500000	80283248	44000000	0	109658972
500000	82107856	45000000	0	109987849
500000	83932464	46000000	0	109294647
500000	85757072	47000000	0	109637229
500000	87581680	48000000	0	109624430
500000	89406288	49000000	0	109414249
500000	9123440	5000000	0	109363249
500000	91230896	50000000	0	110984223
500000	93055520	51000000	0	109254914
500000	94880128	52000000	0	109677814
500000	96704736	53000000	0	111154033
500000	98529344	54000000	0	110350356
500000	100353952	55000000	0	109880302
500000	102178560	56000000	0	108818161
500000	104003168	57000000	0	109034974
500000	105827776	58000000	0	108719431
500000	107652400	59000000	0	109506621
500000	10948048	6000000	0	110525531
500000	109477008	60000000	0	109484344
500000	111301616	61000000	0	108706250
500000	113126224	62000000	0	109752862
500000	114950832	63000000	0	109504181
500000	116775440	64000000	0	110234021
500000	118600048	65000000	0	109080417
500000	120424672	66000000	0	109354731
500000	122249280	67000000	0	109219775
500000	124073888	68000000	0	108941335
500000	125898496	69000000	0	109096451
500000	12772656	7000000	0	109030152
500000	127723104	70000000	0	110255194
500000	129547712	71000000	0	109565737
500000	131372320	72000000	0	109022297
500000	133196944	73000000	0	109309044
500000	135021552	74000000	0	109225778
500000	136846160	75000000	0	109107810
500000	138670768	76000000	0	110019402
500000	140495376	77000000	0	109939961
500000	142319984	78000000	0	110664765
500000	144144592	79000000	0	109748007
500000	14597280	8000000	0	109030346
500000	145969216	80000000	0	110264509
500000	147793824	81000000	0	111217688
500000	149618432	82000000	0	110485793
500000	151443040	83000000	0	109187750
500000	153267648	84000000	0	108998671
500000	155092256	85000000	0	110583172
500000	156916864	86000000	0	109398978
500000	158741472	87000000	0	108880337
500000	160566096	88000000	0	109688342
500000	162390704	89000000	0	110466672
500000	16421888	9000000	0	109050577
500000	164215312	90000000	0	109416290
500000	166039920	91000000	0	110255316
500000	167864528	92000000	0	108723943
500000	169689136	93000000	0	109592463
500000	171513744	94000000	0	110659097
500000	173338368	95000000	0	109134147
500000	175162976	96000000	0	111002100
500000	176987584	97000000	0	109186053
500000	178812192	98000000	0	109981457
500000	180636800	99000000	0	110940471
600000	1825008	1000000	0	135157432
600000	18246496	10000000	0	136262330
600000	182461408	100000000	0	134190961
600000	20071104	11000000	0	134791261
600000	21895712	12000000	0	136015408
600000	23720320	13000000	0	134258372
600000	25544928	14000000	0	135122728
600000	27369552	15000000	0	135629406
600000	29194160	16000000	0	135024991
600000	31018768	17000000	0	134937083
600000	32843376	18000000	0	135552339
600000	34667984	19000000	0	135251552
600000	3649616	2000000	0	135597569
600000	36492592	20000000	0	136822423
600000	38317200	21000000	0	135948444
600000	40141824	22000000	0	135206755
600000	41966432	23000000	0	137063937
600000	43791040	24000000	0	135807855
600000	45615648	25000000	0	135445960
600000	47440256	26000000	0	134016826
600000	49264864	27000000	0	135171522
600000	51089472	28000000	0	134098757
600000	52914080	29000000	0	135388339
600000	5474224	3000000	0	135628769
600000	54738704	30000000	0	135114881
600000	56563312	31000000	0	134210437
600000	58387920	32000000	0	134937831
600000	60212528	33000000	0	134599457
600000	62037136	34000000	0	135599018
600000	63861744	35000000	0	134093473
600000	65686352	36000000	0	134627165
600000	67510976	37000000	0	134637267
600000	69335584	38000000	0	134195517
600000	71160192	39000000	0	134796301
600000	7298832	4000000	0	135166708
600000	72984800	40000000	0	136049526
600000	74809408	41000000	0	134821191
600000	76634016	42000000	0	135042974
600000	78458624	43000000	0	134937406
600000	80283248	44000000	0	134843585
600000	82107856	45000000	0	134706702
600000	83932464	46000000	0	135741437
600000	85757072	47000000	0	135724356
600000	87581680	48000000	0	136667410
600000	89406288	49000000	0	135720317
600000	9123440	5000000	0	136083626
600000	91230896	50000000	0	135559538
600000	93055520	51000000	0	135948827
600000	94880128	52000000	0	136408465
600000	96704736	53000000	0	135118773
600000	98529344	54000000	0	134057417
600000	100353952	55000000	0	135929889
600000	102178560	56000000	0	135127591
600000	104003168	57000000	0	134202360
600000	105827776	58000000	0	135644229
600000	107652400	59000000	0	134219214
600000	10948048	6000000	0	135934097
600000	109477008	60000000	0	136762662
600000	111301616	61000000	0	137649615
600000	113126224	62000000	0	134507687
600000	114950832	63000000	0	135115584
600000	116775440	64000000	0	135630930
600000	118600048	65000000	0	135707826
600000	120424672	66000000	0	136628221
600000	122249280	67000000	0	134961486
600000	124073888	68000000	0	135667580
600000	125898496	69000000	0	136457826
600000	12772656	7000000	0	134922851
600000	127723104	70000000	0	136078389
600000	129547712	71000000	0	135076871
600000	131372320	72000000	0	135618139
600000	133196944	73000000	0	134859172
600000	135021552	74000000	0	134236986
600000	136846160	75000000	0	136388473
600000	138670768	76000000	0	135535035
600000	140495376	77000000	0	135599695
600000	142319984	78000000	0	134861485
600000	144144592	79000000	0	135847956
600000	14597280	8000000	0	135915631
600000	145969216	80000000	0	135388441
600000	147793824	81000000	0	135071289
600000	149618432	82000000	0	134875330
600000	151443040	83000000	0	136024733
600000	153267648	84000000	0	134895726
600000	155092256	85000000	0	134433626
600000	156916864	86000000	0	136471627
600000	158741472	87000000	0	135105992
600000	160566096	88000000	0	135318762
600000	162390704	89000000	0	136723928
600000	16421888	9000000	0	136133468
600000	164215312	90000000	0	135614329
600000	166039920	91000000	0	135127731
600000	167864528	92000000	0	135196281
600000	169689136	93000000	0	135589050
600000	171513744	94000000	0	136280309
600000	173338368	95000000	0	135317024
600000	175162976	96000000	0	135829768
600000	176987584	97000000	0	134075020
600000	178812192	98000000	0	135495767
600000	180636800	99000000	0	135633283
700000	1825008	1000000	0	159867278
700000	18246496	10000000	0	159406785
700000	182461408	100000000	0	158324677
700000	20071104	11000000	0	158954149
700000	21895712	12000000	0	160693699
700000	23720320	13000000	0	159193607
700000	25544928	14000000	0	159425546
700000	27369552	15000000	0	161037229
700000	29194160	16000000	0	159844308
700000	31018768	17000000	0	159504092
700000	32843376	18000000	0	160247573
700000	34667984	19000000	0	160247801
700000	3649616	2000000	0	160494908
700000	36492592	20000000	0	161760608
700000	38317200	21000000	0	161221912
700000	40141824	22000000	0	160230500
700000	41966432	23000000	0	161999591
700000	43791040	24000000	0	160943198
700000	45615648	25000000	0	161999618
700000	47440256	26000000	0	158550191
700000	49264864	27000000	0	159759288
700000	51089472	28000000	0	158878626
700000	52914080	29000000	0	160297000
700000	5474224	3000000	0	160951294
700000	54738704	30000000	0	160258963
700000	56563312	31000000	0	158936578
700000	58387920	32000000	0	159830168
700000	60212528	33000000	0	159620626
700000	62037136	34000000	0	159700955
700000	63861744	35000000	0	158597147
700000	65686352	36000000	0	159628129
700000	67510976	37000000	0	159778273
700000	69335584	38000000	0	158695825
700000	71160192	39000000	0	159698584
700000	7298832	4000000	0	160282087
700000	72984800	40000000	0	160722565
700000	74809408	41000000	0	159599837
700000	76634016	42000000	0	159764153
700000	78458624	43000000	0	159613065
700000	80283248	44000000	0	159647027
700000	82107856	45000000	0	159362324
700000	83932464	46000000	0	159827668
700000	85757072	47000000	0	159402170
700000	87581680	48000000	0	160944960
700000	89406288	49000000	0	159955442
700000	9123440	5000000	0	160547920
700000	91230896	50000000	0	159689729
700000	93055520	51000000	0	160121297
700000	94880128	52000000	0	160433633
700000	96704736	53000000	0	160086836
700000	98529344	54000000	0	158751601
700000	100353952	55000000	0	161038726
700000	102178560	56000000	0	160063467
700000	104003168	57000000	0	159308321
700000	105827776	58000000	0	160183855
700000	107652400	59000000	0	159609754
700000	10948048	6000000	0	159622811
700000	109477008	60000000	0	160777773
700000	111301616	61000000	0	161962216
700000	113126224	62000000	0	160212305
700000	114950832	63000000	0	160277790
700000	116775440	64000000	0	159927532
700000	118600048	65000000	0	160095210
700000	120424672	66000000	0	161413684
700000	122249280	67000000	0	159739523
700000	124073888	68000000	0	161206510
700000	125898496	69000000	0	161334615
700000	12772656	7000000	0	159969585
700000	127723104	70000000	0	160204559
700000	129547712	71000000	0	159854362
700000	131372320	72000000	0	160227002
700000	133196944	73000000	0	159355558
700000	135021552	74000000	0	158440040
700000	136846160	75000000	0	160366151
700000	138670768	76000000	0	160640757
700000	140495376	77000000	0	159693111
700000	142319984	78000000	0	159272228
700000	144144592	79000000	0	160059923
700000	14597280	8000000	0	158822851
700000	145969216	80000000	0	160057362
700000	147793824	81000000	0	159708101
700000	149618432	82000000	0	160034252
700000	151443040	83000000	0	160678827
700000	153267648	84000000	0	159924268
700000	155092256	85000000	0	159546742
700000	156916864	86000000	0	161185064
700000	158741472	87000000	0	160900407
700000	160566096	88000000	0	160203065
700000	162390704	89000000	0	161104381
700000	16421888	9000000	0	160567742
700000	164215312	90000000	0	160415333
700000	166039920	91000000	0	160364487
700000	167864528	92000000	0	159526774
700000	169689136	93000000	0	160384469
700000	171513744	94000000	0	161278630
700000	173338368	95000000	0	159470913
700000	175162976	96000000	0	160822289
700000	176987584	97000000	0	158366206
700000	178812192	98000000	0	160658594
700000	180636800	99000000	0	160599093
800000	1825008	1000000	0	186517235
800000	18246496	10000000	0	186421893
800000	182461408	100000000	0	187255353
800000	20071104	11000000	0	187135042
800000	21895712	12000000	0	187747506
800000	23720320	13000000	0	186658257
800000	25544928	14000000	0	186591726
800000	27369552	15000000	0	186554461
800000	29194160	16000000	0	185717248
800000	31018768	17000000	0	186560791
800000	32843376	18000000	0	187482945
800000	34667984	19000000	0	188439439
800000	3649616	2000000	0	186646383
800000	36492592	20000000	0	186532050
800000	38317200	21000000	0	186538202
800000	40141824	22000000	0	187014138
800000	41966432	23000000	0	185685318
800000	43791040	24000000	0	184788924
800000	45615648	25000000	0	186783879
800000	47440256	26000000	0	186589227
800000	49264864	27000000	0	184896825
800000	51089472	28000000	0	186103137
800000	52914080	29000000	0	186859810
800000	5474224	3000000	0	186296150
800000	54738704	30000000	0	186443138
800000	56563312	31000000	0	186276211
800000	58387920	32000000	0	186713246
800000	60212528	33000000	0	186271258
800000	62037136	34000000	0	186496323
800000	63861744	35000000	0	186577826
800000	65686352	36000000	0	187875868
800000	67510976	37000000	0	186550191
800000	69335584	38000000	0	187020892
800000	71160192	39000000	0	187885254
800000	7298832	4000000	0	188535268
800000	72984800	40000000	0	187389522
800000	74809408	41000000	0	187600148
800000	76634016	42000000	0	186019679
800000	78458624	43000000	0	187655947
800000	80283248	44000000	0	187482130
800000	82107856	45000000	0	185862890
800000	83932464	46000000	0	185896666
800000	85757072	47000000	0	185028487
800000	87581680	48000000	0	186422264
800000	89406288	49000000	0	186239464
800000	9123440	5000000	0	186169169
800000	91230896	50000000	0	184941415
800000	93055520	51000000	0	188177021
800000	94880128	52000000	0	186421705
800000	96704736	53000000	0	185891261
800000	98529344	54000000	0	186152437
800000	100353952	55000000	0	188094630
800000	102178560	56000000	0	186523822
800000	104003168	57000000	0	186041814
800000	105827776	58000000	0	186905606
800000	107652400	59000000	0	186144878
800000	10948048	6000000	0	186219233
800000	109477008	60000000	0	186978309
800000	111301616	61000000	0	188143100
800000	113126224	62000000	0	185997333
800000	114950832	63000000	0	185972006
800000	116775440	64000000	0	187348687
800000	118600048	65000000	0	188222110
800000	120424672	66000000	0	187034688
800000	122249280	67000000	0	186832471
800000	124073888	68000000	0	186375673
800000	125898496	69000000	0	187148542
800000	12772656	7000000	0	186483479
800000	127723104	70000000	0	186881717
800000	129547712	71000000	0	187202604
800000	131372320	72000000	0	187950936
800000	133196944	73000000	0	186267157
800000	135021552	74000000	0	186065151
800000	136846160	75000000	0	187954578
800000	138670768	76000000	0	186179959
800000	140495376	77000000	0	186793750
800000	142319984	78000000	0	186772607
800000	144144592	79000000	0	188052275
800000	14597280	8000000	0	186534108
800000	145969216	80000000	0	186942391
800000	147793824	81000000	0	194482443
800000	149618432	82000000	0	188123844
800000	151443040	83000000	0	186653704
800000	153267648	84000000	0	187521084
800000	155092256	85000000	0	186138968
800000	156916864	86000000	0	187873810
800000	158741472	87000000	0	188519449
800000	160566096	88000000	0	187875832
800000	162390704	89000000	0	187882680
800000	16421888	9000000	0	186169042
800000	164215312	90000000	0	187540742
800000	166039920	91000000	0	186887547
800000	167864528	92000000	0	188744667
800000	169689136	93000000	0	188899493
800000	171513744	94000000	0	188936378
800000	173338368	95000000	0	189240330
800000	175162976	96000000	0	186114203
800000	176987584	97000000	0	187015113
800000	178812192	98000000	0	186541309
800000	180636800	99000000	0	187643636
900000	1825008	1000000	0	212092893
900000	18246496	10000000	0	211601263
900000	182461408	100000000	0	213307985
900000	20071104	11000000	0	211858370
900000	21895712	12000000	0	213509337
900000	23720320	13000000	0	212391194
900000	25544928	14000000	0	211571690
900000	27369552	15000000	0	212374050
900000	29194160	16000000	0	211518649
900000	31018768	17000000	0	211657070
900000	32843376	18000000	0	213390821
900000	34667984	19000000	0	213537278
900000	3649616	2000000	0	212532915
900000	36492592	20000000	0	212358073
900000	38317200	21000000	0	212752803
900000	40141824	22000000	0	212265202
900000	41966432	23000000	0	211870967
900000	43791040	24000000	0	210079431
900000	45615648	25000000	0	212475344
900000	47440256	26000000	0	212012269
900000	49264864	27000000	0	210875846
900000	51089472	28000000	0	211962632
900000	52914080	29000000	0	213058057
900000	5474224	3000000	0	212541459
900000	54738704	30000000	0	211923648
900000	56563312	31000000	0	211958280
900000	58387920	32000000	0	212469722
900000	60212528	33000000	0	211953062
900000	62037136	34000000	0	212053589
900000	63861744	35000000	0	212156790
900000	65686352	36000000	0	213565679
900000	67510976	37000000	0	212383192
900000	69335584	38000000	0	212950236
900000	71160192	39000000	0	213305915
900000	7298832	4000000	0	213377691
900000	72984800	40000000	0	212946946
900000	74809408	41000000	0	212386684
900000	76634016	42000000	0	211649588
900000	78458624	43000000	0	212459222
900000	80283248	44000000	0	211738975
900000	82107856	45000000	0	211798257
900000	83932464	46000000	0	211324905
900000	85757072	47000000	0	210708319
900000	87581680	48000000	0	212520414
900000	89406288	49000000	0	211422075
900000	9123440	5000000	0	211597328
900000	91230896	50000000	0	210243665
900000	93055520	51000000	0	214556745
900000	94880128	52000000	0	211645742
900000	96704736	53000000	0	211252704
900000	98529344	54000000	0	213566276
900000	100353952	55000000	0	212105987
900000	102178560	56000000	0	211291543
900000	104003168	57000000	0	212199396
900000	105827776	58000000	0	213145275
900000	107652400	59000000	0	211279833
900000	10948048	6000000	0	211337197
900000	109477008	60000000	0	213031446
900000	111301616	61000000	0	212850218
900000	113126224	62000000	0	212140516
900000	114950832	63000000	0	211543162
900000	116775440	64000000	0	212833810
900000	118600048	65000000	0	213161183
900000	120424672	66000000	0	213222717
900000	122249280	67000000	0	212494910
900000	124073888	68000000	0	211164784
900000	125898496	69000000	0	212253238
900000	12772656	7000000	0	211267137
900000	127723104	70000000	0	213946531
900000	129547712	71000000	0	212070622
900000	131372320	72000000	0	212704119
900000	133196944	73000000	0	212165843
900000	135021552	74000000	0	211779354
900000	136846160	75000000	0	212580247
900000	138670768	76000000	0	211932554
900000	140495376	77000000	0	212482432
900000	142319984	78000000	0	212327800
900000	144144592	79000000	0	214573866
900000	14597280	8000000	0	211662202
900000	145969216	80000000	0	213104513
900000	147793824	81000000	0	212331819
900000	149618432	82000000	0	212938276
900000	151443040	83000000	0	212573961
900000	153267648	84000000	0	214775338
900000	155092256	85000000	0	212205822
900000	156916864	86000000	0	212501951
900000	158741472	87000000	0	213438439
900000	160566096	88000000	0	212293116
900000	162390704	89000000	0	212433257
900000	16421888	9000000	0	211690334
900000	164215312	90000000	0	212260362
900000	166039920	91000000	0	211706849
900000	167864528	92000000	0	213392338
900000	169689136	93000000	0	213114074
900000	171513744	94000000	0	213574907
900000	173338368	95000000	0	213001099
900000	175162976	96000000	0	211545163
900000	176987584	97000000	0	211901476
900000	178812192	98000000	0	211193612
900000	180636800	99000000	0	212587611
