1000000	1825008	1000000	27812	1394343191
1000000	18246496	10000000	0	1702609171
1000000	182461408	100000000	0	1790341320
1000000	20071104	11000000	0	1710463885
1000000	21895712	12000000	2	1719003279
1000000	23720320	13000000	0	1722242667
1000000	25544928	14000000	0	1725595437
1000000	27369552	15000000	0	1732853947
1000000	29194160	16000000	0	1736960801
1000000	31018768	17000000	0	1737546749
1000000	32843376	18000000	0	1740621165
1000000	34667984	19000000	0	1744565626
1000000	3649616	2000000	2258	1484281989
1000000	36492592	20000000	0	1747238278
1000000	38317200	21000000	0	1750116487
1000000	40141824	22000000	0	1749290158
1000000	41966432	23000000	0	1751913348
1000000	43791040	24000000	0	1751144715
1000000	45615648	25000000	0	1751155925
1000000	47440256	26000000	0	1752780602
1000000	49264864	27000000	0	1756523450
1000000	51089472	28000000	0	1758136268
1000000	52914080	29000000	0	1757554560
1000000	5474224	3000000	414	1553655289
1000000	54738704	30000000	0	1759558940
1000000	56563312	31000000	0	1766031940
1000000	58387920	32000000	0	1763846797
1000000	60212528	33000000	2	1765167469
1000000	62037136	34000000	0	1763909574
1000000	63861744	35000000	0	1765996658
1000000	65686352	36000000	0	1766904993
1000000	67510976	37000000	0	1767332389
1000000	69335584	38000000	0	1770884921
1000000	71160192	39000000	0	1770275914
1000000	7298832	4000000	118	1599192058
1000000	72984800	40000000	0	1774452247
1000000	74809408	41000000	0	1771164145
1000000	76634016	42000000	0	1772536011
1000000	78458624	43000000	0	1770930553
1000000	80283248	44000000	0	1772858149
1000000	82107856	45000000	0	1772521310
1000000	83932464	46000000	0	1773697859
1000000	85757072	47000000	0	1787529363
1000000	87581680	48000000	0	1773982717
1000000	89406288	49000000	0	1774355051
1000000	9123440	5000000	58	1634356189
1000000	91230896	50000000	0	1776088776
1000000	93055520	51000000	0	1777396564
1000000	94880128	52000000	0	1779691276
1000000	96704736	53000000	0	1777434728
1000000	98529344	54000000	0	1780657360
1000000	100353952	55000000	0	1778929032
1000000	102178560	56000000	0	1781177684
1000000	104003168	57000000	0	1785553628
1000000	105827776	58000000	0	1787883660
1000000	107652400	59000000	0	1783256131
1000000	10948048	6000000	18	1653155069
1000000	109477008	60000000	0	1783674317
1000000	111301616	61000000	0	1780589815
1000000	113126224	62000000	0	1785358459
1000000	114950832	63000000	0	1782012889
1000000	116775440	64000000	0	1781082480
1000000	118600048	65000000	0	1784572098
1000000	120424672	66000000	0	1785461728
1000000	122249280	67000000	0	1786690432
1000000	124073888	68000000	0	1785722708
1000000	125898496	69000000	0	1784587156
1000000	12772656	7000000	10	1669033400
1000000	127723104	70000000	0	1786679590
1000000	129547712	71000000	0	1786659946
1000000	131372320	72000000	0	1787909574
1000000	133196944	73000000	0	1788356341
1000000	135021552	74000000	0	1786289680
1000000	136846160	75000000	0	1786820597
1000000	138670768	76000000	0	1789086806
1000000	140495376	77000000	0	1789007604
1000000	142319984	78000000	0	1788430728
1000000	144144592	79000000	0	1786475985
1000000	14597280	8000000	0	1683550647
1000000	145969216	80000000	0	1785802357
1000000	147793824	81000000	0	1787731300
1000000	149618432	82000000	0	1787948285
1000000	151443040	83000000	0	1789186077
1000000	153267648	84000000	0	1792542975
1000000	155092256	85000000	0	1789281790
1000000	156916864	86000000	0	1788388018
1000000	158741472	87000000	0	1787260939
1000000	160566096	88000000	0	1790050351
1000000	162390704	89000000	0	1788900537
1000000	16421888	9000000	2	1692906632
1000000	164215312	90000000	0	1788543898
1000000	166039920	91000000	0	1790503493
1000000	167864528	92000000	0	1790670908
1000000	169689136	93000000	0	1791330643
1000000	171513744	94000000	0	1793372622
1000000	173338368	95000000	0	1799497492
1000000	175162976	96000000	0	1792621293
1000000	176987584	97000000	0	1793492876
1000000	178812192	98000000	0	1795395592
1000000	180636800	99000000	0	1792196779
100000	1825008	1000000	0	371868773
100000	18246496	10000000	0	166450226
100000	182461408	100000000	0	175998733
100000	20071104	11000000	0	167241177
100000	21895712	12000000	0	167791135
100000	23720320	13000000	0	168507881
100000	25544928	14000000	0	168971248
100000	27369552	15000000	0	169643874
100000	29194160	16000000	0	169740107
100000	31018768	17000000	0	170514205
100000	32843376	18000000	0	170882119
100000	34667984	19000000	0	171029877
100000	3649616	2000000	0	140277689
100000	36492592	20000000	0	171579507
100000	38317200	21000000	0	171610458
100000	40141824	22000000	0	171948846
100000	41966432	23000000	0	172190624
100000	43791040	24000000	0	172083245
100000	45615648	25000000	0	172255531
100000	47440256	26000000	0	172507194
100000	49264864	27000000	0	172473842
100000	51089472	28000000	0	172561018
100000	52914080	29000000	0	172814688
100000	5474224	3000000	0	148925217
100000	54738704	30000000	0	172546419
100000	56563312	31000000	0	172875117
100000	58387920	32000000	0	173037315
100000	60212528	33000000	0	172794746
100000	62037136	34000000	0	172960284
100000	63861744	35000000	0	173422983
100000	65686352	36000000	0	173347205
100000	67510976	37000000	0	173909164
100000	69335584	38000000	0	173592691
100000	71160192	39000000	0	173644352
100000	7298832	4000000	0	155956796
100000	72984800	40000000	0	173894265
100000	74809408	41000000	0	174103832
100000	76634016	42000000	0	173985067
100000	78458624	43000000	0	174049352
100000	80283248	44000000	0	174075161
100000	82107856	45000000	0	174204594
100000	83932464	46000000	0	174317245
100000	85757072	47000000	0	174368783
100000	87581680	48000000	0	174614310
100000	89406288	49000000	0	174383361
100000	9123440	5000000	0	158145783
100000	91230896	50000000	0	174495258
100000	93055520	51000000	0	174646956
100000	94880128	52000000	0	174911395
100000	96704736	53000000	0	174785203
100000	98529344	54000000	0	175102059
100000	100353952	55000000	0	174887830
100000	102178560	56000000	0	175066293
100000	104003168	57000000	0	175105001
100000	105827776	58000000	0	175242305
100000	107652400	59000000	0	175056828
100000	10948048	6000000	0	160975107
100000	109477008	60000000	0	176696497
100000	111301616	61000000	0	175061420
100000	113126224	62000000	0	175260422
100000	114950832	63000000	0	174890126
100000	116775440	64000000	0	175152141
100000	118600048	65000000	0	175235221
100000	120424672	66000000	0	175171062
100000	122249280	67000000	0	175505547
100000	124073888	68000000	0	175410543
100000	125898496	69000000	0	175146131
100000	12772656	7000000	0	162912064
100000	127723104	70000000	0	175352757
100000	129547712	71000000	0	175550945
100000	131372320	72000000	0	175537698
100000	133196944	73000000	0	175645381
100000	135021552	74000000	0	175269454
100000	136846160	75000000	0	175703470
100000	138670768	76000000	0	175618519
100000	140495376	77000000	0	175452283
100000	142319984	78000000	0	175651929
100000	144144592	79000000	0	175641737
100000	14597280	8000000	0	164134251
100000	145969216	80000000	0	175674108
100000	147793824	81000000	0	175540232
100000	149618432	82000000	0	175665618
100000	151443040	83000000	0	175783418
100000	153267648	84000000	0	175755391
100000	155092256	85000000	0	175949015
100000	156916864	86000000	0	179375301
100000	158741472	87000000	0	175639787
100000	160566096	88000000	0	175723459
100000	162390704	89000000	0	175968415
100000	16421888	9000000	0	165413797
100000	164215312	90000000	0	175692330
100000	166039920	91000000	0	175784102
100000	167864528	92000000	0	175990581
100000	169689136	93000000	0	175747625
100000	171513744	94000000	0	175894696
100000	173338368	95000000	0	176199881
100000	175162976	96000000	0	175866104
100000	176987584	97000000	0	175923613
100000	178812192	98000000	0	175869204
100000	180636800	99000000	0	175923124
200000	1825008	1000000	4	257992077
200000	18246496	10000000	0	335497438
200000	182461408	100000000	0	354133303
200000	20071104	11000000	0	338641310
200000	21895712	12000000	0	338388161
200000	23720320	13000000	0	339530480
200000	25544928	14000000	0	340609886
200000	27369552	15000000	0	343064880
200000	29194160	16000000	0	341928679
200000	31018768	17000000	0	344662975
200000	32843376	18000000	0	343231496
200000	34667984	19000000	0	344128127
200000	3649616	2000000	0	284248527
200000	36492592	20000000	0	345931584
200000	38317200	21000000	0	345657281
200000	40141824	22000000	0	345572816
200000	41966432	23000000	0	346034310
200000	43791040	24000000	0	346511492
200000	45615648	25000000	0	346622530
200000	47440256	26000000	0	348372790
200000	49264864	27000000	0	348152289
200000	51089472	28000000	0	347249500
200000	52914080	29000000	0	347484892
200000	5474224	3000000	0	301555676
200000	54738704	30000000	0	347935545
200000	56563312	31000000	0	348560703
200000	58387920	32000000	0	349722727
200000	60212528	33000000	0	348565591
200000	62037136	34000000	0	348585793
200000	63861744	35000000	0	351878622
200000	65686352	36000000	0	350366620
200000	67510976	37000000	0	349553671
200000	69335584	38000000	0	350110663
200000	71160192	39000000	0	349854244
200000	7298832	4000000	0	312050421
200000	72984800	40000000	0	350302350
200000	74809408	41000000	0	350423694
200000	76634016	42000000	0	350991722
200000	78458624	43000000	0	350187873
200000	80283248	44000000	0	350208199
200000	82107856	45000000	0	350532087
200000	83932464	46000000	0	350365345
200000	85757072	47000000	0	351519322
200000	87581680	48000000	0	350762040
200000	89406288	49000000	0	351085801
200000	9123440	5000000	0	319755880
200000	91230896	50000000	0	352333324
200000	93055520	51000000	0	351555819
200000	94880128	52000000	0	351709865
200000	96704736	53000000	0	351586915
200000	98529344	54000000	0	353022926
200000	100353952	55000000	0	353020983
200000	102178560	56000000	0	353431001
200000	104003168	57000000	0	354624717
200000	105827776	58000000	0	353986932
200000	107652400	59000000	0	354242607
200000	10948048	6000000	0	324582046
200000	109477008	60000000	0	354051699
200000	111301616	61000000	0	353741241
200000	113126224	62000000	0	352249673
200000	114950832	63000000	0	353666007
200000	116775440	64000000	0	353682423
200000	118600048	65000000	0	352419320
200000	120424672	66000000	0	354231840
200000	122249280	67000000	0	352713519
200000	124073888	68000000	0	352641339
200000	125898496	69000000	0	353420412
200000	12772656	7000000	0	328704946
200000	127723104	70000000	0	353241680
200000	129547712	71000000	0	354463501
200000	131372320	72000000	0	353476382
200000	133196944	73000000	0	353597287
200000	135021552	74000000	0	354540713
200000	136846160	75000000	0	353544712
200000	138670768	76000000	0	353820757
200000	140495376	77000000	0	353036227
200000	142319984	78000000	0	356963637
200000	144144592	79000000	0	354610822
200000	14597280	8000000	0	331057559
200000	145969216	80000000	0	354681391
200000	147793824	81000000	0	355097449
200000	149618432	82000000	0	354779548
200000	151443040	83000000	0	355508778
200000	153267648	84000000	0	355622906
200000	155092256	85000000	0	354842552
200000	156916864	86000000	0	354893643
200000	158741472	87000000	0	355099689
200000	160566096	88000000	0	353759519
200000	162390704	89000000	0	355234806
200000	16421888	9000000	0	335422843
200000	164215312	90000000	0	353725294
200000	166039920	91000000	0	354151853
200000	167864528	92000000	0	354219234
200000	169689136	93000000	0	354432714
200000	171513744	94000000	0	353943917
200000	173338368	95000000	0	355089151
200000	175162976	96000000	0	354484768
200000	176987584	97000000	0	354925799
200000	178812192	98000000	0	354619212
200000	180636800	99000000	0	354263901
300000	1825008	1000000	96	409043420
300000	18246496	10000000	0	505780356
300000	182461408	100000000	0	533818365
300000	20071104	11000000	0	509275941
300000	21895712	12000000	0	509769351
300000	23720320	13000000	0	512143257
300000	25544928	14000000	0	512845331
300000	27369552	15000000	0	513959248
300000	29194160	16000000	0	515036260
300000	31018768	17000000	0	516968529
300000	32843376	18000000	0	516932894
300000	34667984	19000000	0	518337200
300000	3649616	2000000	6	430129278
300000	36492592	20000000	0	519419827
300000	38317200	21000000	0	519963673
300000	40141824	22000000	0	521582359
300000	41966432	23000000	0	521643236
300000	43791040	24000000	0	521874188
300000	45615648	25000000	0	522421074
300000	47440256	26000000	0	523288809
300000	49264864	27000000	0	523708323
300000	51089472	28000000	0	524034191
300000	52914080	29000000	0	524399039
300000	5474224	3000000	0	454931105
300000	54738704	30000000	0	525141899
300000	56563312	31000000	0	525871142
300000	58387920	32000000	0	526640523
300000	60212528	33000000	0	525550316
300000	62037136	34000000	0	527382437
300000	63861744	35000000	0	527104541
300000	65686352	36000000	0	525998671
300000	67510976	37000000	0	526308695
300000	69335584	38000000	0	526993922
300000	71160192	39000000	0	527289201
300000	7298832	4000000	0	470685128
300000	72984800	40000000	0	527764300
300000	74809408	41000000	0	527472737
300000	76634016	42000000	0	528683273
300000	78458624	43000000	0	528763898
300000	80283248	44000000	0	528886749
300000	82107856	45000000	0	529407223
300000	83932464	46000000	0	529293925
300000	85757072	47000000	0	531650616
300000	87581680	48000000	0	529055239
300000	89406288	49000000	0	528787977
300000	9123440	5000000	0	482224725
300000	91230896	50000000	0	529247793
300000	93055520	51000000	0	529324810
300000	94880128	52000000	0	529466368
300000	96704736	53000000	0	530122455
300000	98529344	54000000	0	529931759
300000	100353952	55000000	0	530571794
300000	102178560	56000000	0	530464839
300000	104003168	57000000	0	531434770
300000	105827776	58000000	0	531656680
300000	107652400	59000000	0	530935603
300000	10948048	6000000	2	489213527
300000	109477008	60000000	0	531163522
300000	111301616	61000000	0	530688362
300000	113126224	62000000	0	531030682
300000	114950832	63000000	0	531498009
300000	116775440	64000000	0	531194457
300000	118600048	65000000	0	531060527
300000	120424672	66000000	0	531685135
300000	122249280	67000000	0	531724481
300000	124073888	68000000	0	531143767
300000	125898496	69000000	0	532576253
300000	12772656	7000000	0	495171304
300000	127723104	70000000	0	531714322
300000	129547712	71000000	0	531830129
300000	131372320	72000000	0	532565753
300000	133196944	73000000	0	531933063
300000	135021552	74000000	0	532184344
300000	136846160	75000000	0	532737024
300000	138670768	76000000	0	532824296
300000	140495376	77000000	0	532650492
300000	142319984	78000000	0	532637704
300000	144144592	79000000	0	533153577
300000	14597280	8000000	0	499453000
300000	145969216	80000000	0	532287362
300000	147793824	81000000	0	532756499
300000	149618432	82000000	0	532844923
300000	151443040	83000000	0	534312207
300000	153267648	84000000	0	532889181
300000	155092256	85000000	0	532614501
300000	156916864	86000000	0	532668036
300000	158741472	87000000	0	532665893
300000	160566096	88000000	0	534139277
300000	162390704	89000000	0	532921268
300000	16421888	9000000	0	502276954
300000	164215312	90000000	0	533032751
300000	166039920	91000000	0	532816637
300000	167864528	92000000	0	532896409
300000	169689136	93000000	0	533161741
300000	171513744	94000000	0	534520978
300000	173338368	95000000	0	536239940
300000	175162976	96000000	0	533732497
300000	176987584	97000000	0	533660005
300000	178812192	98000000	0	535328425
300000	180636800	99000000	0	533771493
400000	1825008	1000000	360	532269459
400000	18246496	10000000	0	675834338
400000	182461408	100000000	0	712453421
400000	20071104	11000000	0	679010068
400000	21895712	12000000	0	682122312
400000	23720320	13000000	0	684545274
400000	25544928	14000000	0	686771345
400000	27369552	15000000	0	688183947
400000	29194160	16000000	0	689430543
400000	31018768	17000000	0	691421965
400000	32843376	18000000	0	692774759
400000	34667984	19000000	0	693333482
400000	3649616	2000000	16	576706733
400000	36492592	20000000	0	694400938
400000	38317200	21000000	0	696029469
400000	40141824	22000000	0	696142159
400000	41966432	23000000	0	697534638
400000	43791040	24000000	0	696987970
400000	45615648	25000000	0	698462018
400000	47440256	26000000	0	698796177
400000	49264864	27000000	0	699702029
400000	51089472	28000000	0	699633476
400000	52914080	29000000	0	700963207
400000	5474224	3000000	4	609605680
400000	54738704	30000000	0	701415634
400000	56563312	31000000	0	702605446
400000	58387920	32000000	0	701930174
400000	60212528	33000000	0	702370104
400000	62037136	34000000	0	702127143
400000	63861744	35000000	0	703702380
400000	65686352	36000000	0	705104748
400000	67510976	37000000	0	703396177
400000	69335584	38000000	0	704966490
400000	71160192	39000000	0	704446860
400000	7298832	4000000	0	629664339
400000	72984800	40000000	0	704909057
400000	74809408	41000000	0	705605889
400000	76634016	42000000	0	705825585
400000	78458624	43000000	0	705132083
400000	80283248	44000000	0	706059391
400000	82107856	45000000	0	705887694
400000	83932464	46000000	0	706308261
400000	85757072	47000000	0	712081893
400000	87581680	48000000	0	708752946
400000	89406288	49000000	0	708165703
400000	9123440	5000000	0	644641435
400000	91230896	50000000	0	707908088
400000	93055520	51000000	0	707785536
400000	94880128	52000000	0	708455999
400000	96704736	53000000	0	708319181
400000	98529344	54000000	0	708351065
400000	100353952	55000000	0	708446129
400000	102178560	56000000	0	709444493
400000	104003168	57000000	0	712525945
400000	105827776	58000000	0	711077683
400000	107652400	59000000	0	710061924
400000	10948048	6000000	0	654505104
400000	109477008	60000000	0	710177229
400000	111301616	61000000	0	710692065
400000	113126224	62000000	0	710148230
400000	114950832	63000000	0	710865564
400000	116775440	64000000	0	710507588
400000	118600048	65000000	0	709674342
400000	120424672	66000000	0	710288079
400000	122249280	67000000	0	711580399
400000	124073888	68000000	0	710091579
400000	125898496	69000000	0	710391475
400000	12772656	7000000	0	661411433
400000	127723104	70000000	0	710445019
400000	129547712	71000000	0	710920728
400000	131372320	72000000	0	711778495
400000	133196944	73000000	0	711563696
400000	135021552	74000000	0	711033376
400000	136846160	75000000	0	712256380
400000	138670768	76000000	0	711282981
400000	140495376	77000000	0	711548205
400000	142319984	78000000	0	711130770
400000	144144592	79000000	0	710127549
400000	14597280	8000000	0	666928681
400000	145969216	80000000	0	711911419
400000	147793824	81000000	0	712745111
400000	149618432	82000000	0	712218412
400000	151443040	83000000	0	712719708
400000	153267648	84000000	0	713156599
400000	155092256	85000000	0	711876460
400000	156916864	86000000	0	711996201
400000	158741472	87000000	0	712528519
400000	160566096	88000000	0	712943414
400000	162390704	89000000	0	711991522
400000	16421888	9000000	0	671673829
400000	164215312	90000000	0	712025699
400000	166039920	91000000	0	712271043
400000	167864528	92000000	0	713396467
400000	169689136	93000000	0	713025158
400000	171513744	94000000	0	714119824
400000	173338368	95000000	0	716456233
400000	175162976	96000000	0	713371274
400000	176987584	97000000	0	713285171
400000	178812192	98000000	0	715387378
400000	180636800	99000000	0	712915577
500000	1825008	1000000	1050	674144475
500000	18246496	10000000	0	847937382
500000	182461408	100000000	0	892097296
500000	20071104	11000000	0	852318838
500000	21895712	12000000	0	857156821
500000	23720320	13000000	0	858141284
500000	25544928	14000000	0	861797204
500000	27369552	15000000	0	864384980
500000	29194160	16000000	0	865970299
500000	31018768	17000000	0	866336908
500000	32843376	18000000	0	867923456
500000	34667984	19000000	0	868864814
500000	3649616	2000000	62	725167341
500000	36492592	20000000	0	869400525
500000	38317200	21000000	0	870421349
500000	40141824	22000000	0	871787161
500000	41966432	23000000	0	871700525
500000	43791040	24000000	0	871920752
500000	45615648	25000000	0	874372681
500000	47440256	26000000	0	874857666
500000	49264864	27000000	0	875119634
500000	51089472	28000000	0	877828277
500000	52914080	29000000	0	877791610
500000	5474224	3000000	4	764473325
500000	54738704	30000000	0	878053080
500000	56563312	31000000	0	880915912
500000	58387920	32000000	0	878785627
500000	60212528	33000000	0	880507692
500000	62037136	34000000	0	879855931
500000	63861744	35000000	0	880141179
500000	65686352	36000000	0	880626789
500000	67510976	37000000	0	881245779
500000	69335584	38000000	0	881797416
500000	71160192	39000000	0	882289601
500000	7298832	4000000	4	789782973
500000	72984800	40000000	0	883998713
500000	74809408	41000000	0	881875868
500000	76634016	42000000	0	882883679
500000	78458624	43000000	0	883288121
500000	80283248	44000000	0	885424869
500000	82107856	45000000	0	883914791
500000	83932464	46000000	0	885637825
500000	85757072	47000000	0	893065832
500000	87581680	48000000	0	885735485
500000	89406288	49000000	0	886540639
500000	9123440	5000000	0	807751793
500000	91230896	50000000	0	886573188
500000	93055520	51000000	0	886365309
500000	94880128	52000000	0	889319499
500000	96704736	53000000	0	888303875
500000	98529344	54000000	0	888984940
500000	100353952	55000000	0	888240884
500000	102178560	56000000	0	889609472
500000	104003168	57000000	0	889673490
500000	105827776	58000000	0	889740681
500000	107652400	59000000	0	889200728
500000	10948048	6000000	0	819024269
500000	109477008	60000000	0	888288425
500000	111301616	61000000	0	887778109
500000	113126224	62000000	0	888703566
500000	114950832	63000000	0	889240487
500000	116775440	64000000	0	887906326
500000	118600048	65000000	0	890320920
500000	120424672	66000000	0	890887494
500000	122249280	67000000	0	890245718
500000	124073888	68000000	0	890555944
500000	125898496	69000000	0	889194684
500000	12772656	7000000	2	829001525
500000	127723104	70000000	0	889943404
500000	129547712	71000000	0	891123552
500000	131372320	72000000	0	890714994
500000	133196944	73000000	0	891065121
500000	135021552	74000000	0	891397928
500000	136846160	75000000	0	891302168
500000	138670768	76000000	0	891932962
500000	140495376	77000000	0	890701653
500000	142319984	78000000	0	890877295
500000	144144592	79000000	0	891321486
500000	14597280	8000000	0	836076989
500000	145969216	80000000	0	889652767
500000	147793824	81000000	0	891520147
500000	149618432	82000000	0	890690837
500000	151443040	83000000	0	891707789
500000	153267648	84000000	0	891795769
500000	155092256	85000000	0	891722528
500000	156916864	86000000	0	892426037
500000	158741472	87000000	0	892705626
500000	160566096	88000000	0	891454705
500000	162390704	89000000	0	893616788
500000	16421888	9000000	0	841970471
500000	164215312	90000000	0	893425673
500000	166039920	91000000	0	894353622
500000	167864528	92000000	0	894217759
500000	169689136	93000000	0	893358632
500000	171513744	94000000	0	893111908
500000	173338368	95000000	0	895844928
500000	175162976	96000000	0	892420284
500000	176987584	97000000	0	893232804
500000	178812192	98000000	0	894641795
500000	180636800	99000000	0	892037851
600000	1825008	1000000	2596	815699650
600000	18246496	10000000	0	1018741566
600000	182461408	100000000	0	1074279865
600000	20071104	11000000	0	1024085903
600000	21895712	12000000	0	1029081282
600000	23720320	13000000	0	1031889289
600000	25544928	14000000	0	1036651260
600000	27369552	15000000	0	1038154298
600000	29194160	16000000	0	1041178080
600000	31018768	17000000	0	1041915756
600000	32843376	18000000	0	1043735170
600000	34667984	19000000	0	1045588222
600000	3649616	2000000	126	876229350
600000	36492592	20000000	0	1049466833
600000	38317200	21000000	0	1051402323
600000	40141824	22000000	0	1052649282
600000	41966432	23000000	0	1051729534
600000	43791040	24000000	0	1049520674
600000	45615648	25000000	0	1049817927
600000	47440256	26000000	0	1051397624
600000	49264864	27000000	0	1051645960
600000	51089472	28000000	0	1053139270
600000	52914080	29000000	0	1055820837
600000	5474224	3000000	20	921870596
600000	54738704	30000000	0	1056309570
600000	56563312	31000000	0	1057648921
600000	58387920	32000000	0	1057489158
600000	60212528	33000000	0	1058095509
600000	62037136	34000000	0	1059435558
600000	63861744	35000000	0	1059436824
600000	65686352	36000000	0	1060254979
600000	67510976	37000000	0	1059672522
600000	69335584	38000000	0	1062165284
600000	71160192	39000000	0	1062721219
600000	7298832	4000000	8	952184768
600000	72984800	40000000	0	1062405688
600000	74809408	41000000	0	1062637164
600000	76634016	42000000	0	1063214202
600000	78458624	43000000	0	1061827688
600000	80283248	44000000	0	1062260913
600000	82107856	45000000	0	1062635741
600000	83932464	46000000	0	1062833724
600000	85757072	47000000	0	1071610596
600000	87581680	48000000	0	1064116406
600000	89406288	49000000	0	1064942536
600000	9123440	5000000	0	973002856
600000	91230896	50000000	0	1065580258
600000	93055520	51000000	0	1065724070
600000	94880128	52000000	0	1065521612
600000	96704736	53000000	0	1065910500
600000	98529344	54000000	0	1067734865
600000	100353952	55000000	0	1066432196
600000	102178560	56000000	0	1069994527
600000	104003168	57000000	0	1072785362
600000	105827776	58000000	0	1073785256
600000	107652400	59000000	0	1071421246
600000	10948048	6000000	0	986017094
600000	109477008	60000000	0	1072309357
600000	111301616	61000000	0	1068735713
600000	113126224	62000000	0	1069347104
600000	114950832	63000000	0	1069974831
600000	116775440	64000000	0	1070315639
600000	118600048	65000000	0	1068513611
600000	120424672	66000000	0	1069406528
600000	122249280	67000000	0	1070481142
600000	124073888	68000000	0	1069752610
600000	125898496	69000000	0	1070546832
600000	12772656	7000000	0	997781502
600000	127723104	70000000	0	1071822015
600000	129547712	71000000	0	1070762041
600000	131372320	72000000	0	1070690502
600000	133196944	73000000	0	1070966743
600000	135021552	74000000	0	1071365011
600000	136846160	75000000	0	1071574463
600000	138670768	76000000	0	1072116150
600000	140495376	77000000	0	1072861343
600000	142319984	78000000	0	1071499543
600000	144144592	79000000	0	1071342267
600000	14597280	8000000	0	1005395027
600000	145969216	80000000	0	1071853379
600000	147793824	81000000	0	1071660384
600000	149618432	82000000	0	1070591396
600000	151443040	83000000	0	1072859230
600000	153267648	84000000	0	1071564881
600000	155092256	85000000	0	1073260999
600000	156916864	86000000	0	1071409369
600000	158741472	87000000	0	1071457873
600000	160566096	88000000	0	1072234398
600000	162390704	89000000	0	1071919449
600000	16421888	9000000	0	1011734207
600000	164215312	90000000	0	1074803857
600000	166039920	91000000	0	1072755541
600000	167864528	92000000	0	1074785725
600000	169689136	93000000	0	1076350682
600000	171513744	94000000	0	1077296965
600000	173338368	95000000	0	1081624988
600000	175162976	96000000	0	1077253232
600000	176987584	97000000	0	1076334308
600000	178812192	98000000	0	1073069726
600000	180636800	99000000	0	1074198536
700000	1825008	1000000	5732	963520148
700000	18246496	10000000	0	1186579003
700000	182461408	100000000	0	1252674930
700000	20071104	11000000	0	1193134191
700000	21895712	12000000	0	1198315222
700000	23720320	13000000	0	1201898513
700000	25544928	14000000	0	1203935056
700000	27369552	15000000	0	1208691067
700000	29194160	16000000	0	1210771118
700000	31018768	17000000	0	1212683666
700000	32843376	18000000	0	1215703170
700000	34667984	19000000	0	1215329784
700000	3649616	2000000	370	1025421786
700000	36492592	20000000	0	1220614019
700000	38317200	21000000	0	1220891441
700000	40141824	22000000	0	1222318381
700000	41966432	23000000	0	1224585110
700000	43791040	24000000	0	1225358103
700000	45615648	25000000	0	1224925085
700000	47440256	26000000	0	1224735973
700000	49264864	27000000	0	1225945635
700000	51089472	28000000	0	1228808296
700000	52914080	29000000	0	1229770665
700000	5474224	3000000	58	1077776694
700000	54738704	30000000	0	1231191479
700000	56563312	31000000	0	1234563176
700000	58387920	32000000	0	1231329966
700000	60212528	33000000	0	1232850120
700000	62037136	34000000	0	1233509563
700000	63861744	35000000	0	1235523021
700000	65686352	36000000	0	1236197179
700000	67510976	37000000	0	1235706261
700000	69335584	38000000	0	1237458064
700000	71160192	39000000	0	1238837763
700000	7298832	4000000	10	1111658526
700000	72984800	40000000	0	1238092546
700000	74809408	41000000	0	1237610955
700000	76634016	42000000	0	1237782753
700000	78458624	43000000	0	1237597529
700000	80283248	44000000	0	1238551549
700000	82107856	45000000	0	1239361844
700000	83932464	46000000	0	1240832509
700000	85757072	47000000	0	1246602678
700000	87581680	48000000	0	1242065886
700000	89406288	49000000	0	1242462167
700000	9123440	5000000	2	1136580704
700000	91230896	50000000	0	1242813316
700000	93055520	51000000	0	1241598566
700000	94880128	52000000	0	1243595348
700000	96704736	53000000	0	1243755141
700000	98529344	54000000	0	1243621887
700000	100353952	55000000	0	1243699933
700000	102178560	56000000	0	1244607166
700000	104003168	57000000	0	1246464680
700000	105827776	58000000	0	1247467662
700000	107652400	59000000	0	1245643283
700000	10948048	6000000	2	1151178186
700000	109477008	60000000	0	1245495432
700000	111301616	61000000	0	1244706090
700000	113126224	62000000	0	1244675744
700000	114950832	63000000	0	1244762934
700000	116775440	64000000	0	1247109468
700000	118600048	65000000	0	1248284087
700000	120424672	66000000	0	1248655547
700000	122249280	67000000	0	1247210043
700000	124073888	68000000	0	1247612350
700000	125898496	69000000	0	1247026353
700000	12772656	7000000	2	1164896047
700000	127723104	70000000	0	1249317929
700000	129547712	71000000	0	1248772576
700000	131372320	72000000	0	1250981821
700000	133196944	73000000	0	1249776392
700000	135021552	74000000	0	1250715866
700000	136846160	75000000	0	1249132124
700000	138670768	76000000	0	1249054210
700000	140495376	77000000	0	1250206016
700000	142319984	78000000	0	1248771123
700000	144144592	79000000	0	1248583613
700000	14597280	8000000	0	1173062436
700000	145969216	80000000	0	1249196484
700000	147793824	81000000	0	1248415108
700000	149618432	82000000	0	1248022703
700000	151443040	83000000	0	1251259937
700000	153267648	84000000	0	1250187707
700000	155092256	85000000	0	1249961634
700000	156916864	86000000	0	1250247326
700000	158741472	87000000	0	1249638995
700000	160566096	88000000	0	1249717071
700000	162390704	89000000	0	1249257391
700000	16421888	9000000	2	1181203993
700000	164215312	90000000	0	1251172882
700000	166039920	91000000	0	1249970810
700000	167864528	92000000	0	1250817970
700000	169689136	93000000	0	1250428193
700000	171513744	94000000	0	1251584741
700000	173338368	95000000	0	1256409619
700000	175162976	96000000	0	1253730012
700000	176987584	97000000	0	1253567729
700000	178812192	98000000	0	1251975703
700000	180636800	99000000	0	1253729590
800000	1825008	1000000	10310	1114534121
800000	18246496	10000000	2	1363985024
800000	182461408	100000000	0	1437563831
800000	20071104	11000000	0	1370503765
800000	21895712	12000000	0	1375172433
800000	23720320	13000000	2	1381098098
800000	25544928	14000000	0	1383910534
800000	27369552	15000000	0	1385235643
800000	29194160	16000000	0	1387811502
800000	31018768	17000000	0	1391871940
800000	32843376	18000000	0	1392210166
800000	34667984	19000000	0	1393806204
800000	3649616	2000000	744	1183869533
800000	36492592	20000000	0	1398459301
800000	38317200	21000000	0	1401500177
800000	40141824	22000000	0	1402907365
800000	41966432	23000000	0	1404275790
800000	43791040	24000000	0	1407338233
800000	45615648	25000000	0	1405426021
800000	47440256	26000000	0	1405599605
800000	49264864	27000000	0	1407517591
800000	51089472	28000000	0	1409364713
800000	52914080	29000000	0	1410245926
800000	5474224	3000000	134	1243102630
800000	54738704	30000000	0	1413523884
800000	56563312	31000000	0	1415395853
800000	58387920	32000000	0	1411890464
800000	60212528	33000000	0	1412321982
800000	62037136	34000000	0	1414871354
800000	63861744	35000000	0	1415146667
800000	65686352	36000000	0	1415382891
800000	67510976	37000000	0	1416288866
800000	69335584	38000000	0	1419431177
800000	71160192	39000000	0	1419685853
800000	7298832	4000000	36	1283757498
800000	72984800	40000000	0	1420351373
800000	74809408	41000000	0	1422271621
800000	76634016	42000000	0	1420037318
800000	78458624	43000000	0	1418756104
800000	80283248	44000000	0	1418668117
800000	82107856	45000000	0	1419789994
800000	83932464	46000000	0	1420266944
800000	85757072	47000000	0	1429093069
800000	87581680	48000000	0	1421182852
800000	89406288	49000000	0	1420819807
800000	9123440	5000000	6	1309512777
800000	91230896	50000000	0	1422227844
800000	93055520	51000000	0	1423663916
800000	94880128	52000000	0	1422482570
800000	96704736	53000000	0	1423155359
800000	98529344	54000000	0	1423617627
800000	100353952	55000000	0	1423819837
800000	102178560	56000000	0	1427763758
800000	104003168	57000000	0	1429789099
800000	105827776	58000000	0	1427084616
800000	107652400	59000000	0	1429354656
800000	10948048	6000000	4	1323770652
800000	109477008	60000000	0	1428967298
800000	111301616	61000000	0	1426385399
800000	113126224	62000000	0	1425968290
800000	114950832	63000000	0	1427880689
800000	116775440	64000000	0	1426955497
800000	118600048	65000000	0	1426511116
800000	120424672	66000000	0	1427092444
800000	122249280	67000000	0	1427820160
800000	124073888	68000000	0	1428744737
800000	125898496	69000000	0	1427554004
800000	12772656	7000000	4	1338858228
800000	127723104	70000000	0	1426255599
800000	129547712	71000000	0	1428573127
800000	131372320	72000000	0	1429615953
800000	133196944	73000000	0	1429197622
800000	135021552	74000000	0	1428666707
800000	136846160	75000000	0	1432420418
800000	138670768	76000000	0	1431281266
800000	140495376	77000000	0	1430975275
800000	142319984	78000000	0	1430419423
800000	144144592	79000000	0	1428615107
800000	14597280	8000000	4	1348750590
800000	145969216	80000000	0	1431570770
800000	147793824	81000000	0	1433048201
800000	149618432	82000000	0	1430846021
800000	151443040	83000000	0	1434667599
800000	153267648	84000000	0	1433212434
800000	155092256	85000000	0	1433058115
800000	156916864	86000000	0	1434667662
800000	158741472	87000000	0	1435895559
800000	160566096	88000000	0	1434354219
800000	162390704	89000000	0	1432606645
800000	16421888	9000000	0	1357031940
800000	164215312	90000000	0	1431564527
800000	166039920	91000000	0	1430686900
800000	167864528	92000000	0	1433864148
800000	169689136	93000000	0	1435451321
800000	171513744	94000000	0	1437506652
800000	173338368	95000000	0	1443042602
800000	175162976	96000000	0	1435219400
800000	176987584	97000000	0	1437346455
800000	178812192	98000000	0	1437701521
800000	180636800	99000000	0	1433655892
900000	1825008	1000000	17778	1243436677
900000	18246496	10000000	0	1532477382
900000	182461408	100000000	0	1611286170
900000	20071104	11000000	0	1543368277
900000	21895712	12000000	2	1547556971
900000	23720320	13000000	0	1553062973
900000	25544928	14000000	0	1556717616
900000	27369552	15000000	0	1561478437
900000	29194160	16000000	0	1562521428
900000	31018768	17000000	0	1566916925
900000	32843376	18000000	0	1566879055
900000	34667984	19000000	0	1570716575
900000	3649616	2000000	1188	1330426030
900000	36492592	20000000	0	1573934631
900000	38317200	21000000	0	1574520488
900000	40141824	22000000	0	1575725500
900000	41966432	23000000	0	1578017670
900000	43791040	24000000	0	1576241711
900000	45615648	25000000	0	1578066645
900000	47440256	26000000	0	1579713577
900000	49264864	27000000	0	1584866195
900000	51089472	28000000	0	1583806511
900000	52914080	29000000	0	1585468345
900000	5474224	3000000	250	1395068893
900000	54738704	30000000	0	1586895579
900000	56563312	31000000	0	1588596516
900000	58387920	32000000	0	1588365063
900000	60212528	33000000	0	1589603121
900000	62037136	34000000	0	1591535852
900000	63861744	35000000	0	1589580771
900000	65686352	36000000	0	1590655716
900000	67510976	37000000	0	1591788259
900000	69335584	38000000	0	1592790804
900000	71160192	39000000	0	1593309862
900000	7298832	4000000	50	1438347715
900000	72984800	40000000	0	1596473389
900000	74809408	41000000	0	1596176473
900000	76634016	42000000	0	1595079709
900000	78458624	43000000	0	1595319910
900000	80283248	44000000	0	1594679506
900000	82107856	45000000	0	1597019213
900000	83932464	46000000	0	1597262296
900000	85757072	47000000	0	1613578506
900000	87581680	48000000	0	1600111818
900000	89406288	49000000	0	1600569444
900000	9123440	5000000	18	1467668595
900000	91230896	50000000	0	1600155100
900000	93055520	51000000	0	1600583387
900000	94880128	52000000	0	1604097372
900000	96704736	53000000	0	1603253278
900000	98529344	54000000	0	1603718208
900000	100353952	55000000	0	1604480706
900000	102178560	56000000	0	1606032385
900000	104003168	57000000	0	1608170422
900000	105827776	58000000	0	1609054980
900000	107652400	59000000	0	1605890396
900000	10948048	6000000	10	1486364301
900000	109477008	60000000	0	1607644488
900000	111301616	61000000	0	1604003690
900000	113126224	62000000	0	1605997321
900000	114950832	63000000	0	1604587894
900000	116775440	64000000	0	1604954739
900000	118600048	65000000	0	1605601183
900000	120424672	66000000	0	1605518340
900000	122249280	67000000	0	1606093191
900000	124073888	68000000	0	1606769503
900000	125898496	69000000	0	1611402541
900000	12772656	7000000	2	1500796187
900000	127723104	70000000	0	1610176901
900000	129547712	71000000	0	1610261128
900000	131372320	72000000	0	1610275508
900000	133196944	73000000	0	1612140107
900000	135021552	74000000	0	1609202624
900000	136846160	75000000	0	1610562499
900000	138670768	76000000	0	1611345272
900000	140495376	77000000	0	1609566923
900000	142319984	78000000	0	1609113431
900000	144144592	79000000	0	1609449711
900000	14597280	8000000	2	1513452604
900000	145969216	80000000	0	1609830446
900000	147793824	81000000	0	1609038810
900000	149618432	82000000	0	1609768259
900000	151443040	83000000	0	1611438115
900000	153267648	84000000	0	1612633758
900000	155092256	85000000	0	1613154776
900000	156916864	86000000	0	1610789465
900000	158741472	87000000	0	1610409879
900000	160566096	88000000	0	1610692764
900000	162390704	89000000	0	1612107945
900000	16421888	9000000	0	1524244532
900000	164215312	90000000	0	1612542022
900000	166039920	91000000	0	1614454734
900000	167864528	92000000	0	1614501321
900000	169689136	93000000	0	1612960875
900000	171513744	94000000	0	1614157477
900000	173338368	95000000	0	1620588613
900000	175162976	96000000	0	1613416938
900000	176987584	97000000	0	1613964940
900000	178812192	98000000	0	1614971139
900000	180636800	99000000	0	1613257400
