1000000	182848	100000	2292026	23981065821
1000000	1825008	1000000	27446	1241601055
1000000	18246496	10000000	0	1568610208
1000000	2007456	1100000	20036	1268336677
1000000	2189920	1200000	14984	1243048679
1000000	2372384	1300000	11212	1338604436
1000000	2554848	1400000	8536	1267079174
1000000	2737312	1500000	6650	1319612720
1000000	2919776	1600000	5204	1311234446
1000000	3102224	1700000	4028	1310188415
1000000	3284688	1800000	3140	1360904270
1000000	3467152	1900000	2458	1341352109
1000000	365312	200000	996202	40841515682
1000000	3649616	2000000	2112	1324033860
1000000	3832080	2100000	1778	1329392958
1000000	4014528	2200000	1412	1370291332
1000000	4196992	2300000	1196	1380085593
1000000	4379456	2400000	1030	1406941974
1000000	4561920	2500000	796	1399798866
1000000	4744384	2600000	704	1377939228
1000000	4926832	2700000	672	1409870221
1000000	5109296	2800000	580	1405533511
1000000	5291760	2900000	428	1427244902
1000000	547776	300000	522174	5283826710
1000000	5474224	3000000	404	1425786772
1000000	5656688	3100000	348	1443948263
1000000	5839152	3200000	310	1435197392
1000000	6021600	3300000	242	1451192566
1000000	6204064	3400000	230	1447759163
1000000	6386528	3500000	198	1461166844
1000000	6568992	3600000	170	1534875478
1000000	6751456	3700000	162	1475065230
1000000	6933904	3800000	144	1432018648
1000000	7116368	3900000	120	1481975069
1000000	730240	400000	305126	1590058991
1000000	7298832	4000000	104	1485954331
1000000	7481296	4100000	98	1490864437
1000000	7663760	4200000	88	1445635199
1000000	7846208	4300000	80	1484666292
1000000	8028672	4400000	78	1518025276
1000000	8211136	4500000	72	1470154693
1000000	8393600	4600000	70	1531493189
1000000	8576064	4700000	60	1527844255
1000000	8758528	4800000	52	1517664475
1000000	8940976	4900000	48	1523751361
1000000	912704	500000	189264	1449433773
1000000	9123440	5000000	28	1505880735
1000000	9305904	5100000	28	1525894445
1000000	9488368	5200000	36	1526540919
1000000	9670832	5300000	34	1518877869
1000000	9853280	5400000	36	1532358262
1000000	10035744	5500000	24	1487144726
1000000	10218208	5600000	28	1537201312
1000000	10400672	5700000	24	1552157116
1000000	10583136	5800000	22	1535393019
1000000	10765584	5900000	12	1545585954
1000000	1095152	600000	121112	1302039113
1000000	10948048	6000000	28	1527382460
1000000	11130512	6100000	22	1543118584
1000000	11312976	6200000	18	1554894054
1000000	11495440	6300000	22	1535077903
1000000	11677904	6400000	12	1555697283
1000000	11860352	6500000	22	1531204540
1000000	12042816	6600000	0	1550679242
1000000	12225280	6700000	16	1560989447
1000000	12407744	6800000	10	1514220905
1000000	12590208	6900000	12	1573228041
1000000	1277616	700000	80754	1279342967
1000000	12772656	7000000	4	1569338689
1000000	12955120	7100000	8	1565352848
1000000	13137584	7200000	4	1569913809
1000000	13320048	7300000	6	1548781991
1000000	13502512	7400000	4	1566525368
1000000	13684976	7500000	2	1584470700
1000000	13867424	7600000	10	1559329601
1000000	14049888	7700000	14	1585009399
1000000	14232352	7800000	2	1536414048
1000000	14414816	7900000	12	1565368354
1000000	1460080	800000	55128	1242404991
1000000	14597280	8000000	4	1547134021
1000000	14779728	8100000	4	1553337478
1000000	14962192	8200000	8	1587178040
1000000	15144656	8300000	6	1596939388
1000000	15327120	8400000	2	1595601626
1000000	15509584	8500000	6	1589616752
1000000	15692032	8600000	2	1572603534
1000000	15874496	8700000	2	1592526939
1000000	16056960	8800000	6	1547377926
1000000	16239424	8900000	0	1581261826
1000000	1642544	900000	38544	1262529422
1000000	16421888	9000000	4	1596586063
1000000	16604352	9100000	0	1552138790
1000000	16786800	9200000	6	1597876765
1000000	16969264	9300000	2	1598825652
1000000	17151728	9400000	2	1591245487
1000000	17334192	9500000	0	1601601378
1000000	17516656	9600000	2	1578760608
1000000	17699104	9700000	0	1601266293
1000000	17881568	9800000	4	1571476704
1000000	18064032	9900000	2	1589389918
100000	182848	100000	2636	488305669
100000	1825008	1000000	0	109734690
100000	18246496	10000000	0	152324504
100000	2007456	1100000	0	111673267
100000	2189920	1200000	0	117491633
100000	2372384	1300000	0	218337439
100000	2554848	1400000	0	116395283
100000	2737312	1500000	0	118067594
100000	2919776	1600000	0	120653059
100000	3102224	1700000	0	121473103
100000	3284688	1800000	0	124986570
100000	3467152	1900000	0	122911184
100000	365312	200000	166	114356720
100000	3649616	2000000	0	124331095
100000	3832080	2100000	0	124896293
100000	4014528	2200000	0	230490102
100000	4196992	2300000	0	127078972
100000	4379456	2400000	0	132270475
100000	4561920	2500000	0	128996293
100000	4744384	2600000	0	129782504
100000	4926832	2700000	0	130768189
100000	5109296	2800000	0	132333629
100000	5291760	2900000	0	132463391
100000	547776	300000	52	206279233
100000	5474224	3000000	0	136957524
100000	5656688	3100000	0	134021246
100000	5839152	3200000	0	237528191
100000	6021600	3300000	0	135314999
100000	6204064	3400000	0	136030858
100000	6386528	3500000	0	136457656
100000	6568992	3600000	0	137110990
100000	6751456	3700000	0	139408165
100000	6933904	3800000	0	138797799
100000	7116368	3900000	0	138603449
100000	730240	400000	6	105709578
100000	7298832	4000000	0	139537074
100000	7481296	4100000	0	139682713
100000	7663760	4200000	0	142692071
100000	7846208	4300000	0	140605321
100000	8028672	4400000	0	142098825
100000	8211136	4500000	0	141586933
100000	8393600	4600000	0	142064872
100000	8576064	4700000	0	142394546
100000	8758528	4800000	0	144317536
100000	8940976	4900000	0	143187958
100000	912704	500000	2	103389894
100000	9123440	5000000	0	143321397
100000	9305904	5100000	0	145505767
100000	9488368	5200000	0	144143911
100000	9670832	5300000	0	144562800
100000	9853280	5400000	0	145034455
100000	10035744	5500000	0	145069978
100000	10218208	5600000	0	145753184
100000	10400672	5700000	0	147086064
100000	10583136	5800000	0	248446238
100000	10765584	5900000	0	146229253
100000	1095152	600000	0	103202551
100000	10948048	6000000	0	146404347
100000	11130512	6100000	0	147174860
100000	11312976	6200000	0	146759009
100000	11495440	6300000	0	146716314
100000	11677904	6400000	0	147553709
100000	11860352	6500000	0	150556035
100000	12042816	6600000	0	147631218
100000	12225280	6700000	0	250541386
100000	12407744	6800000	0	148104594
100000	12590208	6900000	0	148100971
100000	1277616	700000	0	105049993
100000	12772656	7000000	0	149166405
100000	12955120	7100000	0	149751239
100000	13137584	7200000	0	148673507
100000	13320048	7300000	0	148955283
100000	13502512	7400000	0	149735599
100000	13684976	7500000	0	252789188
100000	13867424	7600000	0	149694644
100000	14049888	7700000	0	149619112
100000	14232352	7800000	0	150551836
100000	14414816	7900000	0	149850723
100000	1460080	800000	0	106322833
100000	14597280	8000000	0	150558462
100000	14779728	8100000	0	150689904
100000	14962192	8200000	0	150577401
100000	15144656	8300000	0	150817645
100000	15327120	8400000	0	253474802
100000	15509584	8500000	0	150642193
100000	15692032	8600000	0	150935409
100000	15874496	8700000	0	154232265
100000	16056960	8800000	0	151096113
100000	16239424	8900000	0	151403809
100000	1642544	900000	0	108618590
100000	16421888	9000000	0	151194632
100000	16604352	9100000	0	151619203
100000	16786800	9200000	0	151677924
100000	16969264	9300000	0	151984761
100000	17151728	9400000	0	152758117
100000	17334192	9500000	0	151939583
100000	17516656	9600000	0	152269368
100000	17699104	9700000	0	152160594
100000	17881568	9800000	0	154454551
100000	18064032	9900000	0	152193754
200000	182848	100000	38156	400933276
200000	1825008	1000000	6	227880852
200000	18246496	10000000	0	310307505
200000	2007456	1100000	2	228223417
200000	2189920	1200000	2	336577349
200000	2372384	1300000	4	233824952
200000	2554848	1400000	2	238680035
200000	2737312	1500000	0	242862078
200000	2919776	1600000	0	246133369
200000	3102224	1700000	0	244663630
200000	3284688	1800000	0	349915606
200000	3467152	1900000	2	249808390
200000	365312	200000	5770	224676298
200000	3649616	2000000	0	258524685
200000	3832080	2100000	0	254498343
200000	4014528	2200000	0	256111070
200000	4196992	2300000	0	258158070
200000	4379456	2400000	0	365590178
200000	4561920	2500000	0	262746710
200000	4744384	2600000	0	264542510
200000	4926832	2700000	0	267452063
200000	5109296	2800000	0	269262096
200000	5291760	2900000	0	268278712
200000	547776	300000	1380	213691404
200000	5474224	3000000	0	374201763
200000	5656688	3100000	0	274115260
200000	5839152	3200000	0	273047622
200000	6021600	3300000	0	274027014
200000	6204064	3400000	0	274872267
200000	6386528	3500000	0	276077709
200000	6568992	3600000	0	381012531
200000	6751456	3700000	0	278527541
200000	6933904	3800000	0	279181123
200000	7116368	3900000	0	280073726
200000	730240	400000	516	214039207
200000	7298832	4000000	0	281113518
200000	7481296	4100000	0	282038692
200000	7663760	4200000	0	428910504
200000	7846208	4300000	0	284335713
200000	8028672	4400000	0	284588183
200000	8211136	4500000	0	285593155
200000	8393600	4600000	0	287526470
200000	8576064	4700000	0	287495534
200000	8758528	4800000	0	391856115
200000	8940976	4900000	0	288323396
200000	912704	500000	188	210893255
200000	9123440	5000000	0	289737685
200000	9305904	5100000	0	290107619
200000	9488368	5200000	0	290172207
200000	9670832	5300000	0	292971669
200000	9853280	5400000	0	395993055
200000	10035744	5500000	0	293049259
200000	10218208	5600000	0	295736518
200000	10400672	5700000	0	293624545
200000	10583136	5800000	0	294760672
200000	10765584	5900000	0	294183213
200000	1095152	600000	62	315151780
200000	10948048	6000000	0	418244883
200000	11130512	6100000	0	299589205
200000	11312976	6200000	0	296127540
200000	11495440	6300000	0	297285024
200000	11677904	6400000	0	296693234
200000	11860352	6500000	0	299764592
200000	12042816	6600000	0	400343914
200000	12225280	6700000	0	299165463
200000	12407744	6800000	0	298875426
200000	12590208	6900000	0	301163718
200000	1277616	700000	52	218477992
200000	12772656	7000000	0	300126076
200000	12955120	7100000	0	299414337
200000	13137584	7200000	0	402602543
200000	13320048	7300000	0	302614686
200000	13502512	7400000	0	300788059
200000	13684976	7500000	0	300889907
200000	13867424	7600000	0	308300828
200000	14049888	7700000	0	302937450
200000	14232352	7800000	0	405939703
200000	14414816	7900000	0	305566817
200000	1460080	800000	16	218024063
200000	14597280	8000000	0	302901003
200000	14779728	8100000	0	304232567
200000	14962192	8200000	0	305345370
200000	15144656	8300000	0	303019531
200000	15327120	8400000	0	406331572
200000	15509584	8500000	0	306747322
200000	15692032	8600000	0	304119430
200000	15874496	8700000	0	305645034
200000	16056960	8800000	0	307158817
200000	16239424	8900000	0	305473318
200000	1642544	900000	8	221690652
200000	16421888	9000000	0	305772920
200000	16604352	9100000	0	309002512
200000	16786800	9200000	0	305129056
200000	16969264	9300000	0	307016293
200000	17151728	9400000	0	309182131
200000	17334192	9500000	0	306221251
200000	17516656	9600000	0	308100795
200000	17699104	9700000	0	311135246
200000	17881568	9800000	0	308912182
200000	18064032	9900000	0	307548783
300000	182848	100000	130506	565197126
300000	1825008	1000000	84	445393575
300000	18246496	10000000	0	467154235
300000	2007456	1100000	54	352578789
300000	2189920	1200000	50	354453619
300000	2372384	1300000	26	356667507
300000	2554848	1400000	8	360089552
300000	2737312	1500000	6	470773357
300000	2919776	1600000	12	368091537
300000	3102224	1700000	8	374498877
300000	3284688	1800000	4	374014950
300000	3467152	1900000	4	480242295
300000	365312	200000	27894	357616033
300000	3649616	2000000	6	384249201
300000	3832080	2100000	4	385371399
300000	4014528	2200000	4	392051711
300000	4196992	2300000	0	393950795
300000	4379456	2400000	4	495638115
300000	4561920	2500000	0	399130357
300000	4744384	2600000	0	398204105
300000	4926832	2700000	0	400329080
300000	5109296	2800000	0	406455183
300000	5291760	2900000	0	507801934
300000	547776	300000	8572	331434393
300000	5474224	3000000	0	415105252
300000	5656688	3100000	2	410355056
300000	5839152	3200000	0	411724321
300000	6021600	3300000	2	521610320
300000	6204064	3400000	0	414608200
300000	6386528	3500000	0	418460529
300000	6568992	3600000	2	420140283
300000	6751456	3700000	0	424575524
300000	6933904	3800000	0	529453413
300000	7116368	3900000	0	422940125
300000	730240	400000	3004	324282499
300000	7298832	4000000	0	424788496
300000	7481296	4100000	0	428982349
300000	7663760	4200000	0	532704456
300000	7846208	4300000	0	430066800
300000	8028672	4400000	0	434436602
300000	8211136	4500000	0	437765550
300000	8393600	4600000	0	435319231
300000	8576064	4700000	0	535638013
300000	8758528	4800000	0	443981010
300000	8940976	4900000	0	438744107
300000	912704	500000	1342	425869495
300000	9123440	5000000	0	440850003
300000	9305904	5100000	0	439881348
300000	9488368	5200000	0	540877612
300000	9670832	5300000	0	444713597
300000	9853280	5400000	0	442668831
300000	10035744	5500000	0	446187476
300000	10218208	5600000	0	545795788
300000	10400672	5700000	0	447777726
300000	10583136	5800000	0	445938065
300000	10765584	5900000	0	446827250
300000	1095152	600000	704	330695620
300000	10948048	6000000	0	445316468
300000	11130512	6100000	0	548109724
300000	11312976	6200000	0	448401548
300000	11495440	6300000	0	446264220
300000	11677904	6400000	0	450109702
300000	11860352	6500000	0	550392897
300000	12042816	6600000	0	453589467
300000	12225280	6700000	0	452037737
300000	12407744	6800000	0	450476815
300000	12590208	6900000	0	454619513
300000	1277616	700000	318	328797152
300000	12772656	7000000	0	553458229
300000	12955120	7100000	0	455762757
300000	13137584	7200000	0	451840836
300000	13320048	7300000	0	456272211
300000	13502512	7400000	0	555398418
300000	13684976	7500000	0	456862980
300000	13867424	7600000	0	455018280
300000	14049888	7700000	0	454907850
300000	14232352	7800000	0	456930438
300000	14414816	7900000	0	559919419
300000	1460080	800000	198	335483948
300000	14597280	8000000	0	461703617
300000	14779728	8100000	0	457673514
300000	14962192	8200000	0	458493630
300000	15144656	8300000	0	560044170
300000	15327120	8400000	0	462012394
300000	15509584	8500000	0	457709860
300000	15692032	8600000	0	457774930
300000	15874496	8700000	0	564864245
300000	16056960	8800000	0	459714133
300000	16239424	8900000	0	459138923
300000	1642544	900000	130	339866404
300000	16421888	9000000	0	461477361
300000	16604352	9100000	0	463135858
300000	16786800	9200000	0	562720664
300000	16969264	9300000	0	462870428
300000	17151728	9400000	0	465006038
300000	17334192	9500000	0	462576694
300000	17516656	9600000	0	566417763
300000	17699104	9700000	0	460303830
300000	17881568	9800000	0	465645393
300000	18064032	9900000	0	462043801
400000	182848	100000	283872	821417422
400000	1825008	1000000	334	460776933
400000	18246496	10000000	0	619688380
400000	2007456	1100000	234	570148462
400000	2189920	1200000	160	478858167
400000	2372384	1300000	108	478193012
400000	2554848	1400000	116	487850518
400000	2737312	1500000	54	488860325
400000	2919776	1600000	60	501968931
400000	3102224	1700000	36	498387174
400000	3284688	1800000	40	610247742
400000	3467152	1900000	32	507419269
400000	365312	200000	75670	516308148
400000	3649616	2000000	8	515293286
400000	3832080	2100000	10	516393501
400000	4014528	2200000	20	622810434
400000	4196992	2300000	10	524820223
400000	4379456	2400000	10	531071908
400000	4561920	2500000	4	636624834
400000	4744384	2600000	0	538489970
400000	4926832	2700000	8	537112580
400000	5109296	2800000	2	550492962
400000	5291760	2900000	2	649255475
400000	547776	300000	26740	464983649
400000	5474224	3000000	0	545121517
400000	5656688	3100000	2	549330722
400000	5839152	3200000	4	653360047
400000	6021600	3300000	2	559102273
400000	6204064	3400000	0	556252717
400000	6386528	3500000	2	559780786
400000	6568992	3600000	6	665092915
400000	6751456	3700000	2	563297466
400000	6933904	3800000	0	564541331
400000	7116368	3900000	0	576109163
400000	730240	400000	10974	551784901
400000	7298832	4000000	0	670573659
400000	7481296	4100000	0	572920618
400000	7663760	4200000	0	575370243
400000	7846208	4300000	0	675878604
400000	8028672	4400000	2	578017543
400000	8211136	4500000	0	576599064
400000	8393600	4600000	0	584262459
400000	8576064	4700000	0	682713232
400000	8758528	4800000	0	581973012
400000	8940976	4900000	2	583027446
400000	912704	500000	4918	441344810
400000	9123440	5000000	0	690707210
400000	9305904	5100000	0	584997512
400000	9488368	5200000	2	589024208
400000	9670832	5300000	0	586742014
400000	9853280	5400000	0	695617620
400000	10035744	5500000	0	591032411
400000	10218208	5600000	0	590825633
400000	10400672	5700000	0	696128002
400000	10583136	5800000	0	593172870
400000	10765584	5900000	0	597526196
400000	1095152	600000	2696	443597962
400000	10948048	6000000	0	595082109
400000	11130512	6100000	0	700863509
400000	11312976	6200000	0	596578383
400000	11495440	6300000	0	600607433
400000	11677904	6400000	0	702676895
400000	11860352	6500000	0	601218339
400000	12042816	6600000	0	602659800
400000	12225280	6700000	0	604524712
400000	12407744	6800000	0	705724050
400000	12590208	6900000	0	601344115
400000	1277616	700000	1460	553637183
400000	12772656	7000000	0	604399860
400000	12955120	7100000	0	708734288
400000	13137584	7200000	0	613811659
400000	13320048	7300000	0	605833337
400000	13502512	7400000	0	604884596
400000	13684976	7500000	0	708963855
400000	13867424	7600000	0	607225474
400000	14049888	7700000	0	608922086
400000	14232352	7800000	0	710941576
400000	14414816	7900000	0	606692725
400000	1460080	800000	834	451195681
400000	14597280	8000000	0	608359636
400000	14779728	8100000	0	710569212
400000	14962192	8200000	0	713432426
400000	15144656	8300000	0	610719080
400000	15327120	8400000	0	611309610
400000	15509584	8500000	0	713607320
400000	15692032	8600000	0	612026886
400000	15874496	8700000	0	611031114
400000	16056960	8800000	0	613163288
400000	16239424	8900000	0	612779400
400000	1642544	900000	510	459499520
400000	16421888	9000000	0	617632548
400000	16604352	9100000	0	616201115
400000	16786800	9200000	0	719181131
400000	16969264	9300000	0	619437140
400000	17151728	9400000	0	614751290
400000	17334192	9500000	0	720341316
400000	17516656	9600000	0	618913324
400000	17699104	9700000	0	620446663
400000	17881568	9800000	0	619945003
400000	18064032	9900000	0	720413149
500000	182848	100000	498854	1268103723
500000	1825008	1000000	1060	582791821
500000	18246496	10000000	0	775272506
500000	2007456	1100000	728	595448712
500000	2189920	1200000	466	699815495
500000	2372384	1300000	388	606294684
500000	2554848	1400000	288	609798693
500000	2737312	1500000	206	725764379
500000	2919776	1600000	190	622255359
500000	3102224	1700000	106	627575065
500000	3284688	1800000	108	738576974
500000	3467152	1900000	56	639084347
500000	365312	200000	153236	706515716
500000	3649616	2000000	72	754810429
500000	3832080	2100000	54	652575215
500000	4014528	2200000	42	658459526
500000	4196992	2300000	24	762981465
500000	4379456	2400000	24	662908368
500000	4561920	2500000	12	668565219
500000	4744384	2600000	24	780316195
500000	4926832	2700000	12	677857350
500000	5109296	2800000	14	681708985
500000	5291760	2900000	8	784452733
500000	547776	300000	61588	619391240
500000	5474224	3000000	8	693924003
500000	5656688	3100000	10	792291436
500000	5839152	3200000	4	695474672
500000	6021600	3300000	6	704290720
500000	6204064	3400000	4	807566628
500000	6386528	3500000	4	701764268
500000	6568992	3600000	4	710561832
500000	6751456	3700000	2	812526075
500000	6933904	3800000	0	716380929
500000	7116368	3900000	4	717226810
500000	730240	400000	27568	725022781
500000	7298832	4000000	0	821585415
500000	7481296	4100000	0	716744942
500000	7663760	4200000	4	821171133
500000	7846208	4300000	4	721758102
500000	8028672	4400000	4	723132834
500000	8211136	4500000	2	826748993
500000	8393600	4600000	0	726793125
500000	8576064	4700000	2	726551939
500000	8758528	4800000	0	834518752
500000	8940976	4900000	0	733707135
500000	912704	500000	13750	565791632
500000	9123440	5000000	0	736579385
500000	9305904	5100000	0	852346109
500000	9488368	5200000	0	736802204
500000	9670832	5300000	0	740512435
500000	9853280	5400000	0	741569131
500000	10035744	5500000	0	741689805
500000	10218208	5600000	0	843687409
500000	10400672	5700000	0	746355537
500000	10583136	5800000	4	743357577
500000	10765584	5900000	0	852108677
500000	1095152	600000	7398	563713615
500000	10948048	6000000	0	751756559
500000	11130512	6100000	0	747742070
500000	11312976	6200000	0	853526686
500000	11495440	6300000	0	752561889
500000	11677904	6400000	0	752441339
500000	11860352	6500000	0	855626401
500000	12042816	6600000	0	755380170
500000	12225280	6700000	0	755565211
500000	12407744	6800000	0	753157674
500000	12590208	6900000	0	761847573
500000	1277616	700000	4378	669885781
500000	12772656	7000000	0	861260349
500000	12955120	7100000	0	761360048
500000	13137584	7200000	0	757270544
500000	13320048	7300000	0	863975866
500000	13502512	7400000	0	761361168
500000	13684976	7500000	2	759479674
500000	13867424	7600000	0	867508727
500000	14049888	7700000	0	764089334
500000	14232352	7800000	0	769424656
500000	14414816	7900000	0	865155056
500000	1460080	800000	2570	577699414
500000	14597280	8000000	0	762882561
500000	14779728	8100000	0	884569763
500000	14962192	8200000	0	766636754
500000	15144656	8300000	0	766283109
500000	15327120	8400000	0	873829735
500000	15509584	8500000	0	773711209
500000	15692032	8600000	0	770704319
500000	15874496	8700000	0	874724679
500000	16056960	8800000	0	770184189
500000	16239424	8900000	0	780745260
500000	1642544	900000	1628	696249492
500000	16421888	9000000	0	875204368
500000	16604352	9100000	0	772231256
500000	16786800	9200000	0	892992169
500000	16969264	9300000	0	790969019
500000	17151728	9400000	0	772095909
500000	17334192	9500000	0	882568065
500000	17516656	9600000	0	771768931
500000	17699104	9700000	0	774428007
500000	17881568	9800000	0	879634866
500000	18064032	9900000	0	775865899
600000	182848	100000	770962	1517134263
600000	1825008	1000000	2572	710242145
600000	18246496	10000000	0	937141956
600000	2007456	1100000	1874	824888655
600000	2189920	1200000	1310	724440981
600000	2372384	1300000	940	737293759
600000	2554848	1400000	658	845876921
600000	2737312	1500000	544	745855304
600000	2919776	1600000	384	859360146
600000	3102224	1700000	310	763272573
600000	3284688	1800000	250	870453801
600000	3467152	1900000	196	783373909
600000	365312	200000	260180	1025918344
600000	3649616	2000000	168	789338643
600000	3832080	2100000	108	893102902
600000	4014528	2200000	116	796164817
600000	4196992	2300000	74	909038748
600000	4379456	2400000	50	802995997
600000	4561920	2500000	48	908042769
600000	4744384	2600000	40	818788524
600000	4926832	2700000	26	832794701
600000	5109296	2800000	32	928928747
600000	5291760	2900000	40	826051659
600000	547776	300000	113560	792217967
600000	5474224	3000000	16	929173293
600000	5656688	3100000	18	831431752
600000	5839152	3200000	18	941417415
600000	6021600	3300000	16	841660487
600000	6204064	3400000	20	839353360
600000	6386528	3500000	10	957464484
600000	6568992	3600000	12	849818959
600000	6751456	3700000	8	959869508
600000	6933904	3800000	8	884743684
600000	7116368	3900000	12	962349663
600000	730240	400000	55082	942715743
600000	7298832	4000000	6	857055393
600000	7481296	4100000	8	869671799
600000	7663760	4200000	10	969899763
600000	7846208	4300000	0	881129939
600000	8028672	4400000	4	987429889
600000	8211136	4500000	0	872887855
600000	8393600	4600000	4	882355345
600000	8576064	4700000	6	987946032
600000	8758528	4800000	2	883042489
600000	8940976	4900000	6	991573977
600000	912704	500000	29632	699768986
600000	9123440	5000000	2	887217516
600000	9305904	5100000	2	993367355
600000	9488368	5200000	4	891677447
600000	9670832	5300000	2	887960478
600000	9853280	5400000	0	994992675
600000	10035744	5500000	0	892253416
600000	10218208	5600000	2	997950614
600000	10400672	5700000	0	891964926
600000	10583136	5800000	4	911244591
600000	10765584	5900000	0	893072510
600000	1095152	600000	16694	693939242
600000	10948048	6000000	0	898665432
600000	11130512	6100000	4	1008907165
600000	11312976	6200000	0	900587930
600000	11495440	6300000	0	1011482655
600000	11677904	6400000	0	904146832
600000	11860352	6500000	0	908400059
600000	12042816	6600000	0	1014295942
600000	12225280	6700000	0	920231408
600000	12407744	6800000	0	1015683251
600000	12590208	6900000	0	921441373
600000	1277616	700000	10036	803089786
600000	12772656	7000000	0	1017556471
600000	12955120	7100000	0	907826938
600000	13137584	7200000	2	916014016
600000	13320048	7300000	0	1024620430
600000	13502512	7400000	0	912384507
600000	13684976	7500000	0	1024463093
600000	13867424	7600000	4	920364472
600000	14049888	7700000	0	1023491679
600000	14232352	7800000	0	919184146
600000	14414816	7900000	0	929233907
600000	1460080	800000	6040	697850855
600000	14597280	8000000	2	1027486332
600000	14779728	8100000	2	923454738
600000	14962192	8200000	0	1027314751
600000	15144656	8300000	0	925733103
600000	15327120	8400000	0	1029173142
600000	15509584	8500000	0	925857289
600000	15692032	8600000	0	926658559
600000	15874496	8700000	0	1028182534
600000	16056960	8800000	0	929354064
600000	16239424	8900000	0	1035918118
600000	1642544	900000	3974	806814418
600000	16421888	9000000	0	927406176
600000	16604352	9100000	0	1035574806
600000	16786800	9200000	0	930963668
600000	16969264	9300000	0	930783314
600000	17151728	9400000	0	1036332006
600000	17334192	9500000	0	933893649
600000	17516656	9600000	0	1042216075
600000	17699104	9700000	2	933663894
600000	17881568	9800000	0	1043572470
600000	18064032	9900000	0	934519919
700000	182848	100000	1097816	1943524199
700000	1825008	1000000	5374	833090193
700000	18246496	10000000	0	1092788457
700000	2007456	1100000	3800	948733616
700000	2189920	1200000	2632	849608513
700000	2372384	1300000	2094	862846524
700000	2554848	1400000	1640	971572069
700000	2737312	1500000	1182	877626166
700000	2919776	1600000	894	986153760
700000	3102224	1700000	692	895756937
700000	3284688	1800000	526	1006237940
700000	3467152	1900000	478	905069795
700000	365312	200000	398072	1275771898
700000	3649616	2000000	356	1021447430
700000	3832080	2100000	252	918422177
700000	4014528	2200000	226	1030892291
700000	4196992	2300000	202	930811995
700000	4379456	2400000	160	1044883207
700000	4561920	2500000	128	944439450
700000	4744384	2600000	80	1050610319
700000	4926832	2700000	94	955041278
700000	5109296	2800000	76	1060786768
700000	5291760	2900000	60	963795241
700000	547776	300000	185718	1086041431
700000	5474224	3000000	62	1072809182
700000	5656688	3100000	50	973262998
700000	5839152	3200000	42	1082541838
700000	6021600	3300000	30	980704121
700000	6204064	3400000	34	1098267771
700000	6386528	3500000	44	991593780
700000	6568992	3600000	28	1094260327
700000	6751456	3700000	20	996265172
700000	6933904	3800000	28	1105730683
700000	7116368	3900000	14	1002602409
700000	730240	400000	96456	880940151
700000	7298832	4000000	16	1110911207
700000	7481296	4100000	8	1007164759
700000	7663760	4200000	12	1115692519
700000	7846208	4300000	6	1014845268
700000	8028672	4400000	10	1123509113
700000	8211136	4500000	18	1024612797
700000	8393600	4600000	20	1027021290
700000	8576064	4700000	6	1023919793
700000	8758528	4800000	6	1026541139
700000	8940976	4900000	2	1130186936
700000	912704	500000	53218	953474803
700000	9123440	5000000	8	1031703472
700000	9305904	5100000	10	1139279540
700000	9488368	5200000	4	1037426245
700000	9670832	5300000	2	1140582216
700000	9853280	5400000	2	1038905596
700000	10035744	5500000	4	1144220926
700000	10218208	5600000	0	1045339262
700000	10400672	5700000	2	1150536860
700000	10583136	5800000	2	1044546863
700000	10765584	5900000	4	1154536852
700000	1095152	600000	31126	828262781
700000	10948048	6000000	0	1057973627
700000	11130512	6100000	6	1154720133
700000	11312976	6200000	2	1057684857
700000	11495440	6300000	2	1158248541
700000	11677904	6400000	0	1060030622
700000	11860352	6500000	2	1163271297
700000	12042816	6600000	0	1054506110
700000	12225280	6700000	4	1167563546
700000	12407744	6800000	4	1062598572
700000	12590208	6900000	0	1166071279
700000	1277616	700000	19348	924086818
700000	12772656	7000000	2	1064075393
700000	12955120	7100000	0	1174237519
700000	13137584	7200000	2	1067283045
700000	13320048	7300000	0	1169035853
700000	13502512	7400000	2	1070733554
700000	13684976	7500000	0	1177780880
700000	13867424	7600000	0	1070001419
700000	14049888	7700000	0	1174411141
700000	14232352	7800000	0	1071091526
700000	14414816	7900000	0	1192291156
700000	1460080	800000	12370	824042110
700000	14597280	8000000	0	1073815607
700000	14779728	8100000	4	1179301612
700000	14962192	8200000	0	1090915787
700000	15144656	8300000	0	1181194920
700000	15327120	8400000	0	1081655237
700000	15509584	8500000	2	1180859413
700000	15692032	8600000	0	1079633236
700000	15874496	8700000	0	1186535889
700000	16056960	8800000	0	1082139636
700000	16239424	8900000	0	1190105564
700000	1642544	900000	8500	931072473
700000	16421888	9000000	0	1090757123
700000	16604352	9100000	0	1186425895
700000	16786800	9200000	2	1083795528
700000	16969264	9300000	0	1195541018
700000	17151728	9400000	2	1089566247
700000	17334192	9500000	0	1188697021
700000	17516656	9600000	0	1086460775
700000	17699104	9700000	0	1200124842
700000	17881568	9800000	0	1085367954
700000	18064032	9900000	0	1196214766
800000	182848	100000	1464612	2537184626
800000	1825008	1000000	10394	1071628464
800000	18246496	10000000	0	1362720953
800000	2007456	1100000	7120	975751930
800000	2189920	1200000	5368	1091718779
800000	2372384	1300000	4068	1100565273
800000	2554848	1400000	2948	1016147768
800000	2737312	1500000	2330	1120399673
800000	2919776	1600000	1628	1124359597
800000	3102224	1700000	1440	1038675194
800000	3284688	1800000	1098	1147741761
800000	3467152	1900000	868	1040608989
800000	365312	200000	566482	2107624825
800000	3649616	2000000	628	1160990753
800000	3832080	2100000	512	1160906123
800000	4014528	2200000	456	1067477628
800000	4196992	2300000	402	1179183619
800000	4379456	2400000	322	1185020195
800000	4561920	2500000	278	1081498055
800000	4744384	2600000	256	1201323364
800000	4926832	2700000	170	1108310453
800000	5109296	2800000	186	1206524933
800000	5291760	2900000	126	1226724795
800000	547776	300000	277934	1355253519
800000	5474224	3000000	114	1123607768
800000	5656688	3100000	118	1225042153
800000	5839152	3200000	82	1118418784
800000	6021600	3300000	72	1230053450
800000	6204064	3400000	68	1237279988
800000	6386528	3500000	48	1139748655
800000	6568992	3600000	54	1253713597
800000	6751456	3700000	44	1139015350
800000	6933904	3800000	32	1249972151
800000	7116368	3900000	46	1154625243
800000	730240	400000	151304	1056452534
800000	7298832	4000000	36	1261961810
800000	7481296	4100000	38	1266861226
800000	7663760	4200000	16	1165585014
800000	7846208	4300000	14	1264462813
800000	8028672	4400000	30	1162980055
800000	8211136	4500000	20	1284499150
800000	8393600	4600000	8	1185427850
800000	8576064	4700000	10	1171803988
800000	8758528	4800000	12	1287148425
800000	8940976	4900000	14	1196791149
800000	912704	500000	87522	1096360845
800000	9123440	5000000	16	1292347515
800000	9305904	5100000	10	1182021892
800000	9488368	5200000	14	1305304361
800000	9670832	5300000	6	1186615102
800000	9853280	5400000	4	1296761081
800000	10035744	5500000	10	1297569185
800000	10218208	5600000	8	1208383009
800000	10400672	5700000	8	1305956133
800000	10583136	5800000	2	1205830215
800000	10765584	5900000	4	1308743590
800000	1095152	600000	53092	1072651975
800000	10948048	6000000	0	1208312216
800000	11130512	6100000	8	1312708266
800000	11312976	6200000	4	1202232030
800000	11495440	6300000	0	1205476801
800000	11677904	6400000	0	1312199386
800000	11860352	6500000	6	1207182710
800000	12042816	6600000	2	1314809805
800000	12225280	6700000	4	1218561828
800000	12407744	6800000	0	1325653640
800000	12590208	6900000	0	1221603572
800000	1277616	700000	33782	1061248848
800000	12772656	7000000	2	1322567647
800000	12955120	7100000	2	1323310358
800000	13137584	7200000	2	1226555049
800000	13320048	7300000	0	1332815542
800000	13502512	7400000	4	1229086079
800000	13684976	7500000	0	1331801030
800000	13867424	7600000	0	1232929056
800000	14049888	7700000	0	1329513905
800000	14232352	7800000	2	1228240824
800000	14414816	7900000	2	1342675632
800000	1460080	800000	21968	956494713
800000	14597280	8000000	2	1350527880
800000	14779728	8100000	4	1234502930
800000	14962192	8200000	0	1341188370
800000	15144656	8300000	0	1228581333
800000	15327120	8400000	2	1338158122
800000	15509584	8500000	0	1237903213
800000	15692032	8600000	0	1350810225
800000	15874496	8700000	0	1349322822
800000	16056960	8800000	0	1243092649
800000	16239424	8900000	0	1351408445
800000	1642544	900000	14882	1076066309
800000	16421888	9000000	0	1235652745
800000	16604352	9100000	0	1444374446
800000	16786800	9200000	0	1245337323
800000	16969264	9300000	0	1370506242
800000	17151728	9400000	0	1244613408
800000	17334192	9500000	0	1239732448
800000	17516656	9600000	0	1354751926
800000	17699104	9700000	0	1248883267
800000	17881568	9800000	0	1366941018
800000	18064032	9900000	0	1256888819
900000	182848	100000	1869614	3175298497
900000	1825008	1000000	17524	1224087966
900000	18246496	10000000	2	1515250845
900000	2007456	1100000	12794	1213284605
900000	2189920	1200000	9244	1230863159
900000	2372384	1300000	6728	1122742519
900000	2554848	1400000	5236	1243658226
900000	2737312	1500000	3984	1246003179
900000	2919776	1600000	3164	1257873209
900000	3102224	1700000	2426	1176537078
900000	3284688	1800000	1888	1279633195
900000	3467152	1900000	1546	1284096279
900000	365312	200000	767748	2756243078
900000	3649616	2000000	1122	1298885933
900000	3832080	2100000	980	1200540069
900000	4014528	2200000	904	1313250305
900000	4196992	2300000	694	1320828479
900000	4379456	2400000	598	1235675660
900000	4561920	2500000	496	1335309999
900000	4744384	2600000	474	1341513591
900000	4926832	2700000	348	1238845486
900000	5109296	2800000	272	1349720191
900000	5291760	2900000	270	1358744095
900000	547776	300000	390838	1556007863
900000	5474224	3000000	228	1254629733
900000	5656688	3100000	188	1369879673
900000	5839152	3200000	190	1373827643
900000	6021600	3300000	120	1271623437
900000	6204064	3400000	100	1396469022
900000	6386528	3500000	98	1397968492
900000	6568992	3600000	112	1283648038
900000	6751456	3700000	80	1394713868
900000	6933904	3800000	76	1398792930
900000	7116368	3900000	72	1294681417
900000	730240	400000	221004	1346840219
900000	7298832	4000000	42	1416187562
900000	7481296	4100000	84	1410270655
900000	7663760	4200000	58	1304533553
900000	7846208	4300000	32	1419155613
900000	8028672	4400000	58	1311756577
900000	8211136	4500000	64	1428372479
900000	8393600	4600000	28	1424071142
900000	8576064	4700000	36	1321639450
900000	8758528	4800000	32	1434156191
900000	8940976	4900000	28	1439555363
900000	912704	500000	132610	1264742009
900000	9123440	5000000	30	1332423361
900000	9305904	5100000	8	1443980384
900000	9488368	5200000	12	1334791942
900000	9670832	5300000	26	1453118957
900000	9853280	5400000	14	1461696395
900000	10035744	5500000	24	1359084361
900000	10218208	5600000	18	1454439104
900000	10400672	5700000	12	1486446320
900000	10583136	5800000	8	1347123582
900000	10765584	5900000	12	1459453205
900000	1095152	600000	82590	1227548440
900000	10948048	6000000	8	1356362398
900000	11130512	6100000	6	1473255621
900000	11312976	6200000	6	1479348648
900000	11495440	6300000	14	1360882185
900000	11677904	6400000	10	1475230626
900000	11860352	6500000	2	1472158398
900000	12042816	6600000	0	1363437845
900000	12225280	6700000	6	1478024001
900000	12407744	6800000	4	1366141092
900000	12590208	6900000	4	1476153176
900000	1277616	700000	54070	1206079021
900000	12772656	7000000	4	1482445059
900000	12955120	7100000	4	1372261370
900000	13137584	7200000	8	1480978801
900000	13320048	7300000	4	1485956281
900000	13502512	7400000	6	1384091429
900000	13684976	7500000	0	1484902661
900000	13867424	7600000	6	1379701354
900000	14049888	7700000	8	1499580013
900000	14232352	7800000	0	1503315324
900000	14414816	7900000	0	1392271690
900000	1460080	800000	36156	1198569602
900000	14597280	8000000	0	1494860988
900000	14779728	8100000	4	1500373292
900000	14962192	8200000	2	1388512623
900000	15144656	8300000	2	1498959815
900000	15327120	8400000	10	1395999800
900000	15509584	8500000	0	1395348050
900000	15692032	8600000	2	1506150512
900000	15874496	8700000	0	1400561151
900000	16056960	8800000	2	1509600234
900000	16239424	8900000	0	1516870614
900000	1642544	900000	24988	1098373650
900000	16421888	9000000	6	1393844864
900000	16604352	9100000	2	1501358023
900000	16786800	9200000	4	1504374153
900000	16969264	9300000	2	1400557856
900000	17151728	9400000	0	1503034572
900000	17334192	9500000	2	1399457115
900000	17516656	9600000	0	1509702578
900000	17699104	9700000	2	1520141645
900000	17881568	9800000	2	1402201494
900000	18064032	9900000	2	1508438303
