1000000	182848	100000	0	232852490
1000000	1825008	1000000	0	230338608
1000000	18246496	10000000	0	229909224
1000000	2007456	1100000	0	229879598
1000000	2189920	1200000	0	228559417
1000000	2372384	1300000	0	231850980
1000000	2554848	1400000	0	231806244
1000000	2737312	1500000	0	229370563
1000000	2919776	1600000	0	229181768
1000000	3102224	1700000	0	232580336
1000000	3284688	1800000	0	229627493
1000000	3467152	1900000	0	229669238
1000000	365312	200000	0	230448528
1000000	3649616	2000000	0	233488356
1000000	3832080	2100000	0	230389294
1000000	4014528	2200000	0	233192806
1000000	4196992	2300000	0	232244610
1000000	4379456	2400000	0	229909215
1000000	4561920	2500000	0	233517141
1000000	4744384	2600000	0	229714699
1000000	4926832	2700000	0	231299975
1000000	5109296	2800000	0	230596557
1000000	5291760	2900000	0	229329741
1000000	547776	300000	0	231840019
1000000	5474224	3000000	0	236309109
1000000	5656688	3100000	0	230378213
1000000	5839152	3200000	0	230539759
1000000	6021600	3300000	0	231377352
1000000	6204064	3400000	0	229549922
1000000	6386528	3500000	0	236345475
1000000	6568992	3600000	0	232469031
1000000	6751456	3700000	0	228804226
1000000	6933904	3800000	0	236432044
1000000	7116368	3900000	0	230855329
1000000	730240	400000	0	231649870
1000000	7298832	4000000	0	230346042
1000000	7481296	4100000	0	230621038
1000000	7663760	4200000	0	230912220
1000000	7846208	4300000	0	229825383
1000000	8028672	4400000	0	230440446
1000000	8211136	4500000	0	230259144
1000000	8393600	4600000	0	232692587
1000000	8576064	4700000	0	228843142
1000000	8758528	4800000	0	230222298
1000000	8940976	4900000	0	231107090
1000000	912704	500000	0	232307889
1000000	9123440	5000000	0	230046269
1000000	9305904	5100000	0	230009071
1000000	9488368	5200000	0	230781282
1000000	9670832	5300000	0	230056308
1000000	9853280	5400000	0	232035671
1000000	10035744	5500000	0	229641539
1000000	10218208	5600000	0	228266933
1000000	10400672	5700000	0	231610504
1000000	10583136	5800000	0	235255320
1000000	10765584	5900000	0	229202478
1000000	1095152	600000	0	234876563
1000000	10948048	6000000	0	231936378
1000000	11130512	6100000	0	231362605
1000000	11312976	6200000	0	229407107
1000000	11495440	6300000	0	234633003
1000000	11677904	6400000	0	232263466
1000000	11860352	6500000	0	229358439
1000000	12042816	6600000	0	234930493
1000000	12225280	6700000	0	232630940
1000000	12407744	6800000	0	229615452
1000000	12590208	6900000	0	228456448
1000000	1277616	700000	0	232057315
1000000	12772656	7000000	0	229826211
1000000	12955120	7100000	0	229658437
1000000	13137584	7200000	0	228438744
1000000	13320048	7300000	0	229493219
1000000	13502512	7400000	0	229422102
1000000	13684976	7500000	0	228498997
1000000	13867424	7600000	0	230866268
1000000	14049888	7700000	0	232553817
1000000	14232352	7800000	0	229544751
1000000	14414816	7900000	0	230074481
1000000	1460080	800000	0	230706089
1000000	14597280	8000000	0	232064779
1000000	14779728	8100000	0	230115952
1000000	14962192	8200000	0	233925819
1000000	15144656	8300000	0	232275342
1000000	15327120	8400000	0	228155784
1000000	15509584	8500000	0	236599947
1000000	15692032	8600000	0	230354975
1000000	15874496	8700000	0	230744975
1000000	16056960	8800000	0	230714340
1000000	16239424	8900000	0	230214428
1000000	1642544	900000	0	233530764
1000000	16421888	9000000	0	232600650
1000000	16604352	9100000	0	229211738
1000000	16786800	9200000	0	230387039
1000000	16969264	9300000	0	231227758
1000000	17151728	9400000	0	229573697
1000000	17334192	9500000	0	232253005
1000000	17516656	9600000	0	230920931
1000000	17699104	9700000	0	230489878
1000000	17881568	9800000	0	236214125
1000000	18064032	9900000	0	230754225
100000	182848	100000	0	17666085
100000	1825008	1000000	0	17925542
100000	18246496	10000000	0	17351202
100000	2007456	1100000	0	17750302
100000	2189920	1200000	0	17499165
100000	2372384	1300000	0	18565881
100000	2554848	1400000	0	17140787
100000	2737312	1500000	0	17765672
100000	2919776	1600000	0	17522293
100000	3102224	1700000	0	18879207
100000	3284688	1800000	0	18739617
100000	3467152	1900000	0	18199394
100000	365312	200000	0	17102623
100000	3649616	2000000	0	17982384
100000	3832080	2100000	0	18871350
100000	4014528	2200000	0	16540519
100000	4196992	2300000	0	18277866
100000	4379456	2400000	0	19034713
100000	4561920	2500000	0	17125263
100000	4744384	2600000	0	17599181
100000	4926832	2700000	0	17855089
100000	5109296	2800000	0	17639191
100000	5291760	2900000	0	16891772
100000	547776	300000	0	17806704
100000	5474224	3000000	0	17655836
100000	5656688	3100000	0	18564910
100000	5839152	3200000	0	18257523
100000	6021600	3300000	0	17083238
100000	6204064	3400000	0	17893928
100000	6386528	3500000	0	18275688
100000	6568992	3600000	0	17742033
100000	6751456	3700000	0	18034908
100000	6933904	3800000	0	19137610
100000	7116368	3900000	0	17902071
100000	730240	400000	0	17589530
100000	7298832	4000000	0	17928002
100000	7481296	4100000	0	17262564
100000	7663760	4200000	0	18156332
100000	7846208	4300000	0	17455237
100000	8028672	4400000	0	17117458
100000	8211136	4500000	0	17539163
100000	8393600	4600000	0	17636079
100000	8576064	4700000	0	17530410
100000	8758528	4800000	0	17483730
100000	8940976	4900000	0	17489082
100000	912704	500000	0	18680914
100000	9123440	5000000	0	17692097
100000	9305904	5100000	0	17549873
100000	9488368	5200000	0	17177745
100000	9670832	5300000	0	18090468
100000	9853280	5400000	0	17593117
100000	10035744	5500000	0	17897914
100000	10218208	5600000	0	17307767
100000	10400672	5700000	0	17694086
100000	10583136	5800000	0	17484752
100000	10765584	5900000	0	17727519
100000	1095152	600000	0	16817390
100000	10948048	6000000	0	17049101
100000	11130512	6100000	0	17561566
100000	11312976	6200000	0	17587252
100000	11495440	6300000	0	17661087
100000	11677904	6400000	0	16853250
100000	11860352	6500000	0	17914691
100000	12042816	6600000	0	17261804
100000	12225280	6700000	0	17390713
100000	12407744	6800000	0	16896999
100000	12590208	6900000	0	17466947
100000	1277616	700000	0	17463597
100000	12772656	7000000	0	17130013
100000	12955120	7100000	0	17201344
100000	13137584	7200000	0	17113768
100000	13320048	7300000	0	17508961
100000	13502512	7400000	0	17659963
100000	13684976	7500000	0	17154545
100000	13867424	7600000	0	17396087
100000	14049888	7700000	0	17809095
100000	14232352	7800000	0	17364113
100000	14414816	7900000	0	16769161
100000	1460080	800000	0	17875579
100000	14597280	8000000	0	17018632
100000	14779728	8100000	0	17595736
100000	14962192	8200000	0	17095286
100000	15144656	8300000	0	16724139
100000	15327120	8400000	0	18928036
100000	15509584	8500000	0	17194104
100000	15692032	8600000	0	16899555
100000	15874496	8700000	0	16669830
100000	16056960	8800000	0	17345489
100000	16239424	8900000	0	17195852
100000	1642544	900000	0	17056640
100000	16421888	9000000	0	16829547
100000	16604352	9100000	0	16603846
100000	16786800	9200000	0	17561049
100000	16969264	9300000	0	17057113
100000	17151728	9400000	0	17154586
100000	17334192	9500000	0	16624062
100000	17516656	9600000	0	17533746
100000	17699104	9700000	0	17730890
100000	17881568	9800000	0	18757998
100000	18064032	9900000	0	17022516
200000	182848	100000	0	37543714
200000	1825008	1000000	0	40388509
200000	18246496	10000000	0	38202586
200000	2007456	1100000	0	41029389
200000	2189920	1200000	0	41461065
200000	2372384	1300000	0	39324605
200000	2554848	1400000	0	41317060
200000	2737312	1500000	0	41158218
200000	2919776	1600000	0	39097456
200000	3102224	1700000	0	40499119
200000	3284688	1800000	0	41115229
200000	3467152	1900000	0	39353547
200000	365312	200000	0	35756425
200000	3649616	2000000	0	41093307
200000	3832080	2100000	0	41500645
200000	4014528	2200000	0	39688787
200000	4196992	2300000	0	41577553
200000	4379456	2400000	0	40617873
200000	4561920	2500000	0	39201583
200000	4744384	2600000	0	38759559
200000	4926832	2700000	0	40702367
200000	5109296	2800000	0	42205125
200000	5291760	2900000	0	39535244
200000	547776	300000	0	37941703
200000	5474224	3000000	0	40447428
200000	5656688	3100000	0	40773577
200000	5839152	3200000	0	39508689
200000	6021600	3300000	0	40603440
200000	6204064	3400000	0	40860638
200000	6386528	3500000	0	39521548
200000	6568992	3600000	0	39580043
200000	6751456	3700000	0	40289737
200000	6933904	3800000	0	39433088
200000	7116368	3900000	0	38965046
200000	730240	400000	0	35939950
200000	7298832	4000000	0	41286454
200000	7481296	4100000	0	39505825
200000	7663760	4200000	0	39504792
200000	7846208	4300000	0	40595845
200000	8028672	4400000	0	41170828
200000	8211136	4500000	0	41660297
200000	8393600	4600000	0	40693418
200000	8576064	4700000	0	41266048
200000	8758528	4800000	0	41049957
200000	8940976	4900000	0	39691835
200000	912704	500000	0	39015479
200000	9123440	5000000	0	41223603
200000	9305904	5100000	0	41146070
200000	9488368	5200000	0	40478509
200000	9670832	5300000	0	40607086
200000	9853280	5400000	0	39590910
200000	10035744	5500000	0	40337316
200000	10218208	5600000	0	39076108
200000	10400672	5700000	0	40904790
200000	10583136	5800000	0	40698767
200000	10765584	5900000	0	40724981
200000	1095152	600000	0	37982584
200000	10948048	6000000	0	39557281
200000	11130512	6100000	0	41052430
200000	11312976	6200000	0	40532736
200000	11495440	6300000	0	39334672
200000	11677904	6400000	0	40534790
200000	11860352	6500000	0	41116426
200000	12042816	6600000	0	39697882
200000	12225280	6700000	0	42027974
200000	12407744	6800000	0	41088921
200000	12590208	6900000	0	38999251
200000	1277616	700000	0	36811810
200000	12772656	7000000	0	40193680
200000	12955120	7100000	0	40902031
200000	13137584	7200000	0	40740891
200000	13320048	7300000	0	39132108
200000	13502512	7400000	0	41303894
200000	13684976	7500000	0	40793540
200000	13867424	7600000	0	39307583
200000	14049888	7700000	0	41198430
200000	14232352	7800000	0	41835187
200000	14414816	7900000	0	39277135
200000	1460080	800000	0	37258329
200000	14597280	8000000	0	42843253
200000	14779728	8100000	0	40592217
200000	14962192	8200000	0	39268091
200000	15144656	8300000	0	41532959
200000	15327120	8400000	0	40996675
200000	15509584	8500000	0	39583639
200000	15692032	8600000	0	39755502
200000	15874496	8700000	0	42853483
200000	16056960	8800000	0	41274035
200000	16239424	8900000	0	39416358
200000	1642544	900000	0	36270576
200000	16421888	9000000	0	40839385
200000	16604352	9100000	0	40816209
200000	16786800	9200000	0	39958919
200000	16969264	9300000	0	40540364
200000	17151728	9400000	0	40849789
200000	17334192	9500000	0	39510485
200000	17516656	9600000	0	39604478
200000	17699104	9700000	0	41407012
200000	17881568	9800000	0	41343779
200000	18064032	9900000	0	39176461
300000	182848	100000	0	59441835
300000	1825008	1000000	0	62892176
300000	18246496	10000000	0	59359548
300000	2007456	1100000	0	62194480
300000	2189920	1200000	0	61798933
300000	2372384	1300000	0	62245290
300000	2554848	1400000	0	62091597
300000	2737312	1500000	0	62406831
300000	2919776	1600000	0	61712032
300000	3102224	1700000	0	63294649
300000	3284688	1800000	0	63303125
300000	3467152	1900000	0	62280019
300000	365312	200000	0	57579233
300000	3649616	2000000	0	63234917
300000	3832080	2100000	0	61843612
300000	4014528	2200000	0	62053646
300000	4196992	2300000	0	63945361
300000	4379456	2400000	0	62627530
300000	4561920	2500000	0	61752814
300000	4744384	2600000	0	61330254
300000	4926832	2700000	0	62367400
300000	5109296	2800000	0	64735075
300000	5291760	2900000	0	60573760
300000	547776	300000	0	59363103
300000	5474224	3000000	0	62420867
300000	5656688	3100000	0	62852404
300000	5839152	3200000	0	62371313
300000	6021600	3300000	0	63908650
300000	6204064	3400000	0	62147287
300000	6386528	3500000	0	60260922
300000	6568992	3600000	0	61904049
300000	6751456	3700000	0	62581878
300000	6933904	3800000	0	61171044
300000	7116368	3900000	0	62265781
300000	730240	400000	0	58329129
300000	7298832	4000000	0	65225220
300000	7481296	4100000	0	61914144
300000	7663760	4200000	0	60629119
300000	7846208	4300000	0	64290177
300000	8028672	4400000	0	63098544
300000	8211136	4500000	0	61657519
300000	8393600	4600000	0	61657251
300000	8576064	4700000	0	64898866
300000	8758528	4800000	0	62050892
300000	8940976	4900000	0	62027806
300000	912704	500000	0	59444943
300000	9123440	5000000	0	63313167
300000	9305904	5100000	0	65041931
300000	9488368	5200000	0	62047162
300000	9670832	5300000	0	63172890
300000	9853280	5400000	0	61329814
300000	10035744	5500000	0	63382014
300000	10218208	5600000	0	62540548
300000	10400672	5700000	0	62707114
300000	10583136	5800000	0	62496171
300000	10765584	5900000	0	61383481
300000	1095152	600000	0	59016094
300000	10948048	6000000	0	62313842
300000	11130512	6100000	0	62765930
300000	11312976	6200000	0	61174092
300000	11495440	6300000	0	63134324
300000	11677904	6400000	0	63082966
300000	11860352	6500000	0	62406549
300000	12042816	6600000	0	61508970
300000	12225280	6700000	0	63314339
300000	12407744	6800000	0	61900709
300000	12590208	6900000	0	61854527
300000	1277616	700000	0	58452828
300000	12772656	7000000	0	62443589
300000	12955120	7100000	0	62030144
300000	13137584	7200000	0	62319200
300000	13320048	7300000	0	61996650
300000	13502512	7400000	0	61806537
300000	13684976	7500000	0	62402081
300000	13867424	7600000	0	62085790
300000	14049888	7700000	0	63281721
300000	14232352	7800000	0	63466643
300000	14414816	7900000	0	61784647
300000	1460080	800000	0	59706014
300000	14597280	8000000	0	63114820
300000	14779728	8100000	0	62621029
300000	14962192	8200000	0	62290419
300000	15144656	8300000	0	65522598
300000	15327120	8400000	0	62234131
300000	15509584	8500000	0	60823764
300000	15692032	8600000	0	60663194
300000	15874496	8700000	0	62394670
300000	16056960	8800000	0	64367827
300000	16239424	8900000	0	60866030
300000	1642544	900000	0	59309017
300000	16421888	9000000	0	62521206
300000	16604352	9100000	0	62289840
300000	16786800	9200000	0	62567258
300000	16969264	9300000	0	61671251
300000	17151728	9400000	0	62465782
300000	17334192	9500000	0	60392955
300000	17516656	9600000	0	62070447
300000	17699104	9700000	0	64931491
300000	17881568	9800000	0	60974397
300000	18064032	9900000	0	62090169
400000	182848	100000	0	83078101
400000	1825008	1000000	0	87092647
400000	18246496	10000000	0	83497330
400000	2007456	1100000	0	86708844
400000	2189920	1200000	0	85873782
400000	2372384	1300000	0	87006504
400000	2554848	1400000	0	84716545
400000	2737312	1500000	0	85749738
400000	2919776	1600000	0	85768134
400000	3102224	1700000	0	84701556
400000	3284688	1800000	0	85731403
400000	3467152	1900000	0	85660425
400000	365312	200000	0	83019927
400000	3649616	2000000	0	84917123
400000	3832080	2100000	0	85772388
400000	4014528	2200000	0	85636942
400000	4196992	2300000	0	85178415
400000	4379456	2400000	0	86532575
400000	4561920	2500000	0	85737978
400000	4744384	2600000	0	85318474
400000	4926832	2700000	0	86236139
400000	5109296	2800000	0	82699847
400000	5291760	2900000	0	86229910
400000	547776	300000	0	83445000
400000	5474224	3000000	0	86112858
400000	5656688	3100000	0	82291010
400000	5839152	3200000	0	82309331
400000	6021600	3300000	0	85861657
400000	6204064	3400000	0	88494669
400000	6386528	3500000	0	82493037
400000	6568992	3600000	0	85693833
400000	6751456	3700000	0	86221122
400000	6933904	3800000	0	84553947
400000	7116368	3900000	0	85641204
400000	730240	400000	0	84600405
400000	7298832	4000000	0	87014990
400000	7481296	4100000	0	83632012
400000	7663760	4200000	0	86464774
400000	7846208	4300000	0	87007313
400000	8028672	4400000	0	86791336
400000	8211136	4500000	0	85680593
400000	8393600	4600000	0	88721298
400000	8576064	4700000	0	85181157
400000	8758528	4800000	0	86234818
400000	8940976	4900000	0	88283151
400000	912704	500000	0	81929584
400000	9123440	5000000	0	87194112
400000	9305904	5100000	0	85020885
400000	9488368	5200000	0	84278330
400000	9670832	5300000	0	87047896
400000	9853280	5400000	0	86174931
400000	10035744	5500000	0	84328073
400000	10218208	5600000	0	84810585
400000	10400672	5700000	0	86296618
400000	10583136	5800000	0	84537705
400000	10765584	5900000	0	86458920
400000	1095152	600000	0	83106895
400000	10948048	6000000	0	86278931
400000	11130512	6100000	0	86049558
400000	11312976	6200000	0	84651169
400000	11495440	6300000	0	86579802
400000	11677904	6400000	0	85084820
400000	11860352	6500000	0	84783634
400000	12042816	6600000	0	84321809
400000	12225280	6700000	0	84669574
400000	12407744	6800000	0	85180396
400000	12590208	6900000	0	85428114
400000	1277616	700000	0	83965674
400000	12772656	7000000	0	86452383
400000	12955120	7100000	0	86368436
400000	13137584	7200000	0	85911004
400000	13320048	7300000	0	86032678
400000	13502512	7400000	0	84381849
400000	13684976	7500000	0	85133147
400000	13867424	7600000	0	85964298
400000	14049888	7700000	0	84502091
400000	14232352	7800000	0	85987855
400000	14414816	7900000	0	85460707
400000	1460080	800000	0	84510212
400000	14597280	8000000	0	86116501
400000	14779728	8100000	0	86211294
400000	14962192	8200000	0	85731561
400000	15144656	8300000	0	85128522
400000	15327120	8400000	0	86593188
400000	15509584	8500000	0	84608337
400000	15692032	8600000	0	86897780
400000	15874496	8700000	0	85862017
400000	16056960	8800000	0	82684079
400000	16239424	8900000	0	86092751
400000	1642544	900000	0	81357374
400000	16421888	9000000	0	86127162
400000	16604352	9100000	0	82834511
400000	16786800	9200000	0	83827068
400000	16969264	9300000	0	85671032
400000	17151728	9400000	0	88587508
400000	17334192	9500000	0	82450520
400000	17516656	9600000	0	85874223
400000	17699104	9700000	0	87087264
400000	17881568	9800000	0	84652106
400000	18064032	9900000	0	86046883
500000	182848	100000	0	106777888
500000	1825008	1000000	0	111389955
500000	18246496	10000000	0	107024971
500000	2007456	1100000	0	109965739
500000	2189920	1200000	0	108765689
500000	2372384	1300000	0	110038417
500000	2554848	1400000	0	108026752
500000	2737312	1500000	0	109267742
500000	2919776	1600000	0	109829489
500000	3102224	1700000	0	108156631
500000	3284688	1800000	0	110060000
500000	3467152	1900000	0	108535435
500000	365312	200000	0	107009355
500000	3649616	2000000	0	108671327
500000	3832080	2100000	0	110386328
500000	4014528	2200000	0	108658353
500000	4196992	2300000	0	108053878
500000	4379456	2400000	0	111695053
500000	4561920	2500000	0	109096692
500000	4744384	2600000	0	108573423
500000	4926832	2700000	0	110179143
500000	5109296	2800000	0	107045602
500000	5291760	2900000	0	108261300
500000	547776	300000	0	107315086
500000	5474224	3000000	0	110251904
500000	5656688	3100000	0	106671374
500000	5839152	3200000	0	105866756
500000	6021600	3300000	0	110163965
500000	6204064	3400000	0	113424336
500000	6386528	3500000	0	105271923
500000	6568992	3600000	0	109966599
500000	6751456	3700000	0	110773175
500000	6933904	3800000	0	108160117
500000	7116368	3900000	0	110122992
500000	730240	400000	0	107381721
500000	7298832	4000000	0	110048051
500000	7481296	4100000	0	106616914
500000	7663760	4200000	0	109592073
500000	7846208	4300000	0	110890102
500000	8028672	4400000	0	110481652
500000	8211136	4500000	0	111098882
500000	8393600	4600000	0	112212118
500000	8576064	4700000	0	108495705
500000	8758528	4800000	0	109453950
500000	8940976	4900000	0	113056698
500000	912704	500000	0	105475897
500000	9123440	5000000	0	109668599
500000	9305904	5100000	0	108216708
500000	9488368	5200000	0	108149702
500000	9670832	5300000	0	110346075
500000	9853280	5400000	0	107983334
500000	10035744	5500000	0	107622257
500000	10218208	5600000	0	108206445
500000	10400672	5700000	0	110782230
500000	10583136	5800000	0	107763557
500000	10765584	5900000	0	109013707
500000	1095152	600000	0	107655038
500000	10948048	6000000	0	110505469
500000	11130512	6100000	0	108948434
500000	11312976	6200000	0	108275347
500000	11495440	6300000	0	110444942
500000	11677904	6400000	0	108541273
500000	11860352	6500000	0	108068200
500000	12042816	6600000	0	107580280
500000	12225280	6700000	0	109032250
500000	12407744	6800000	0	110244312
500000	12590208	6900000	0	108873843
500000	1277616	700000	0	108718383
500000	12772656	7000000	0	110311746
500000	12955120	7100000	0	110669065
500000	13137584	7200000	0	108927109
500000	13320048	7300000	0	108861903
500000	13502512	7400000	0	108623288
500000	13684976	7500000	0	109879706
500000	13867424	7600000	0	108824032
500000	14049888	7700000	0	109848096
500000	14232352	7800000	0	110328877
500000	14414816	7900000	0	108844111
500000	1460080	800000	0	108141323
500000	14597280	8000000	0	110380156
500000	14779728	8100000	0	112225104
500000	14962192	8200000	0	108600292
500000	15144656	8300000	0	108637024
500000	15327120	8400000	0	111023132
500000	15509584	8500000	0	107802569
500000	15692032	8600000	0	109100767
500000	15874496	8700000	0	110717892
500000	16056960	8800000	0	106998779
500000	16239424	8900000	0	110131792
500000	1642544	900000	0	106144207
500000	16421888	9000000	0	110507783
500000	16604352	9100000	0	108045343
500000	16786800	9200000	0	105488815
500000	16969264	9300000	0	110445798
500000	17151728	9400000	0	112647448
500000	17334192	9500000	0	105548041
500000	17516656	9600000	0	110708194
500000	17699104	9700000	0	109944525
500000	17881568	9800000	0	107989030
500000	18064032	9900000	0	110058218
600000	182848	100000	0	131543909
600000	1825008	1000000	0	134046452
600000	18246496	10000000	0	131236470
600000	2007456	1100000	0	135036680
600000	2189920	1200000	0	132675985
600000	2372384	1300000	0	135490873
600000	2554848	1400000	0	136127605
600000	2737312	1500000	0	132377457
600000	2919776	1600000	0	132832869
600000	3102224	1700000	0	132214629
600000	3284688	1800000	0	133539859
600000	3467152	1900000	0	133367127
600000	365312	200000	0	134680497
600000	3649616	2000000	0	133910909
600000	3832080	2100000	0	134529322
600000	4014528	2200000	0	133199230
600000	4196992	2300000	0	135322135
600000	4379456	2400000	0	134603538
600000	4561920	2500000	0	132829383
600000	4744384	2600000	0	135069024
600000	4926832	2700000	0	135696107
600000	5109296	2800000	0	132584154
600000	5291760	2900000	0	134246486
600000	547776	300000	0	128821080
600000	5474224	3000000	0	134741765
600000	5656688	3100000	0	131996852
600000	5839152	3200000	0	135120806
600000	6021600	3300000	0	134823228
600000	6204064	3400000	0	137742873
600000	6386528	3500000	0	131151425
600000	6568992	3600000	0	136240318
600000	6751456	3700000	0	137823263
600000	6933904	3800000	0	130613452
600000	7116368	3900000	0	135247491
600000	730240	400000	0	134317245
600000	7298832	4000000	0	134291995
600000	7481296	4100000	0	132518854
600000	7663760	4200000	0	134529501
600000	7846208	4300000	0	133565542
600000	8028672	4400000	0	136369722
600000	8211136	4500000	0	135023543
600000	8393600	4600000	0	134897645
600000	8576064	4700000	0	136473014
600000	8758528	4800000	0	134345228
600000	8940976	4900000	0	136056085
600000	912704	500000	0	131092431
600000	9123440	5000000	0	132448454
600000	9305904	5100000	0	136179899
600000	9488368	5200000	0	133415178
600000	9670832	5300000	0	133339128
600000	9853280	5400000	0	131209952
600000	10035744	5500000	0	132420320
600000	10218208	5600000	0	131975702
600000	10400672	5700000	0	131482853
600000	10583136	5800000	0	132495283
600000	10765584	5900000	0	132976655
600000	1095152	600000	0	132394757
600000	10948048	6000000	0	134718238
600000	11130512	6100000	0	132483674
600000	11312976	6200000	0	133390229
600000	11495440	6300000	0	135071941
600000	11677904	6400000	0	133855727
600000	11860352	6500000	0	133312071
600000	12042816	6600000	0	136055830
600000	12225280	6700000	0	134227994
600000	12407744	6800000	0	134558456
600000	12590208	6900000	0	131946077
600000	1277616	700000	0	134407556
600000	12772656	7000000	0	134021577
600000	12955120	7100000	0	134733847
600000	13137584	7200000	0	132509770
600000	13320048	7300000	0	134347782
600000	13502512	7400000	0	134866597
600000	13684976	7500000	0	132566760
600000	13867424	7600000	0	133051284
600000	14049888	7700000	0	132874311
600000	14232352	7800000	0	133454943
600000	14414816	7900000	0	135008228
600000	1460080	800000	0	131628142
600000	14597280	8000000	0	134953690
600000	14779728	8100000	0	134745239
600000	14962192	8200000	0	132930066
600000	15144656	8300000	0	135041657
600000	15327120	8400000	0	139337445
600000	15509584	8500000	0	132940908
600000	15692032	8600000	0	133816748
600000	15874496	8700000	0	135553510
600000	16056960	8800000	0	133051231
600000	16239424	8900000	0	134228745
600000	1642544	900000	0	130644985
600000	16421888	9000000	0	134527304
600000	16604352	9100000	0	131852977
600000	16786800	9200000	0	135158563
600000	16969264	9300000	0	135093067
600000	17151728	9400000	0	133695825
600000	17334192	9500000	0	131174049
600000	17516656	9600000	0	135569818
600000	17699104	9700000	0	133109454
600000	17881568	9800000	0	130996507
600000	18064032	9900000	0	134368974
700000	182848	100000	0	155852109
700000	1825008	1000000	0	158257709
700000	18246496	10000000	0	155009584
700000	2007456	1100000	0	159829678
700000	2189920	1200000	0	156773539
700000	2372384	1300000	0	158071860
700000	2554848	1400000	0	159821392
700000	2737312	1500000	0	156437856
700000	2919776	1600000	0	157348565
700000	3102224	1700000	0	157429677
700000	3284688	1800000	0	157078024
700000	3467152	1900000	0	157699745
700000	365312	200000	0	159188902
700000	3649616	2000000	0	157760241
700000	3832080	2100000	0	158252593
700000	4014528	2200000	0	157891358
700000	4196992	2300000	0	158328557
700000	4379456	2400000	0	159005641
700000	4561920	2500000	0	155914441
700000	4744384	2600000	0	158823496
700000	4926832	2700000	0	158550394
700000	5109296	2800000	0	157982063
700000	5291760	2900000	0	158271264
700000	547776	300000	0	154038907
700000	5474224	3000000	0	158248972
700000	5656688	3100000	0	156447711
700000	5839152	3200000	0	159513028
700000	6021600	3300000	0	158139548
700000	6204064	3400000	0	161757548
700000	6386528	3500000	0	154646309
700000	6568992	3600000	0	158809462
700000	6751456	3700000	0	161933698
700000	6933904	3800000	0	155055809
700000	7116368	3900000	0	158881769
700000	730240	400000	0	159749206
700000	7298832	4000000	0	157680736
700000	7481296	4100000	0	157717364
700000	7663760	4200000	0	158944671
700000	7846208	4300000	0	157775617
700000	8028672	4400000	0	161924604
700000	8211136	4500000	0	158851371
700000	8393600	4600000	0	159561286
700000	8576064	4700000	0	161489945
700000	8758528	4800000	0	160460120
700000	8940976	4900000	0	160582412
700000	912704	500000	0	154448154
700000	9123440	5000000	0	156694854
700000	9305904	5100000	0	158580149
700000	9488368	5200000	0	157162890
700000	9670832	5300000	0	157600773
700000	9853280	5400000	0	155366094
700000	10035744	5500000	0	156234680
700000	10218208	5600000	0	156015235
700000	10400672	5700000	0	155441238
700000	10583136	5800000	0	156521141
700000	10765584	5900000	0	158516609
700000	1095152	600000	0	156508358
700000	10948048	6000000	0	158136906
700000	11130512	6100000	0	156769778
700000	11312976	6200000	0	157341194
700000	11495440	6300000	0	161105955
700000	11677904	6400000	0	157850047
700000	11860352	6500000	0	157653305
700000	12042816	6600000	0	159249202
700000	12225280	6700000	0	158054766
700000	12407744	6800000	0	158249240
700000	12590208	6900000	0	156206018
700000	1277616	700000	0	159491999
700000	12772656	7000000	0	157835246
700000	12955120	7100000	0	160184968
700000	13137584	7200000	0	156316061
700000	13320048	7300000	0	159452983
700000	13502512	7400000	0	159858748
700000	13684976	7500000	0	156081648
700000	13867424	7600000	0	156942317
700000	14049888	7700000	0	157843385
700000	14232352	7800000	0	156765888
700000	14414816	7900000	0	157583233
700000	1460080	800000	0	157146893
700000	14597280	8000000	0	158260849
700000	14779728	8100000	0	158256163
700000	14962192	8200000	0	158674210
700000	15144656	8300000	0	158640800
700000	15327120	8400000	0	161357283
700000	15509584	8500000	0	157562693
700000	15692032	8600000	0	158564391
700000	15874496	8700000	0	160095876
700000	16056960	8800000	0	157583170
700000	16239424	8900000	0	158794864
700000	1642544	900000	0	154578630
700000	16421888	9000000	0	158131819
700000	16604352	9100000	0	156993581
700000	16786800	9200000	0	158929771
700000	16969264	9300000	0	159520882
700000	17151728	9400000	0	157023585
700000	17334192	9500000	0	155557749
700000	17516656	9600000	0	160281283
700000	17699104	9700000	0	156207316
700000	17881568	9800000	0	155625532
700000	18064032	9900000	0	158870159
800000	182848	100000	0	179655311
800000	1825008	1000000	0	182597197
800000	18246496	10000000	0	181185727
800000	2007456	1100000	0	182758153
800000	2189920	1200000	0	181092195
800000	2372384	1300000	0	182816364
800000	2554848	1400000	0	184737449
800000	2737312	1500000	0	181119638
800000	2919776	1600000	0	183977154
800000	3102224	1700000	0	183717622
800000	3284688	1800000	0	183247633
800000	3467152	1900000	0	181490164
800000	365312	200000	0	177720620
800000	3649616	2000000	0	184686778
800000	3832080	2100000	0	183087400
800000	4014528	2200000	0	183846920
800000	4196992	2300000	0	183719083
800000	4379456	2400000	0	183372989
800000	4561920	2500000	0	184666085
800000	4744384	2600000	0	183962708
800000	4926832	2700000	0	183432512
800000	5109296	2800000	0	182309198
800000	5291760	2900000	0	184576100
800000	547776	300000	0	180493086
800000	5474224	3000000	0	183363206
800000	5656688	3100000	0	183287409
800000	5839152	3200000	0	183245867
800000	6021600	3300000	0	182983532
800000	6204064	3400000	0	183392491
800000	6386528	3500000	0	183074717
800000	6568992	3600000	0	183135240
800000	6751456	3700000	0	187029204
800000	6933904	3800000	0	181884167
800000	7116368	3900000	0	185833695
800000	730240	400000	0	179713802
800000	7298832	4000000	0	182748805
800000	7481296	4100000	0	182467634
800000	7663760	4200000	0	184760591
800000	7846208	4300000	0	182662471
800000	8028672	4400000	0	181407656
800000	8211136	4500000	0	183238838
800000	8393600	4600000	0	184946377
800000	8576064	4700000	0	187207886
800000	8758528	4800000	0	183752568
800000	8940976	4900000	0	185802674
800000	912704	500000	0	182281940
800000	9123440	5000000	0	181559216
800000	9305904	5100000	0	185291758
800000	9488368	5200000	0	181934764
800000	9670832	5300000	0	181224457
800000	9853280	5400000	0	181342410
800000	10035744	5500000	0	180898899
800000	10218208	5600000	0	182581150
800000	10400672	5700000	0	181408054
800000	10583136	5800000	0	181401501
800000	10765584	5900000	0	184738574
800000	1095152	600000	0	182082309
800000	10948048	6000000	0	182784351
800000	11130512	6100000	0	183385237
800000	11312976	6200000	0	184504867
800000	11495440	6300000	0	185165926
800000	11677904	6400000	0	184236831
800000	11860352	6500000	0	181630189
800000	12042816	6600000	0	184492158
800000	12225280	6700000	0	184761427
800000	12407744	6800000	0	183634699
800000	12590208	6900000	0	182185073
800000	1277616	700000	0	185166882
800000	12772656	7000000	0	182952384
800000	12955120	7100000	0	183166968
800000	13137584	7200000	0	181283021
800000	13320048	7300000	0	184001083
800000	13502512	7400000	0	185580624
800000	13684976	7500000	0	181147563
800000	13867424	7600000	0	184042831
800000	14049888	7700000	0	184454117
800000	14232352	7800000	0	183238397
800000	14414816	7900000	0	181909628
800000	1460080	800000	0	182634792
800000	14597280	8000000	0	183635890
800000	14779728	8100000	0	183089428
800000	14962192	8200000	0	184147059
800000	15144656	8300000	0	183386136
800000	15327120	8400000	0	187298567
800000	15509584	8500000	0	181936352
800000	15692032	8600000	0	183627408
800000	15874496	8700000	0	183263011
800000	16056960	8800000	0	183336450
800000	16239424	8900000	0	184101890
800000	1642544	900000	0	179597947
800000	16421888	9000000	0	183397271
800000	16604352	9100000	0	183449726
800000	16786800	9200000	0	183056290
800000	16969264	9300000	0	182836900
800000	17151728	9400000	0	183641340
800000	17334192	9500000	0	183015496
800000	17516656	9600000	0	186496581
800000	17699104	9700000	0	181742725
800000	17881568	9800000	0	182611229
800000	18064032	9900000	0	186180835
900000	182848	100000	0	203656277
900000	1825008	1000000	0	207212987
900000	18246496	10000000	0	206938361
900000	2007456	1100000	0	207156905
900000	2189920	1200000	0	206412742
900000	2372384	1300000	0	206394976
900000	2554848	1400000	0	209640580
900000	2737312	1500000	0	205917777
900000	2919776	1600000	0	208786457
900000	3102224	1700000	0	208857859
900000	3284688	1800000	0	208747841
900000	3467152	1900000	0	206605518
900000	365312	200000	0	203071463
900000	3649616	2000000	0	209226314
900000	3832080	2100000	0	208529074
900000	4014528	2200000	0	208806686
900000	4196992	2300000	0	207477168
900000	4379456	2400000	0	207439289
900000	4561920	2500000	0	208410717
900000	4744384	2600000	0	208160225
900000	4926832	2700000	0	207642661
900000	5109296	2800000	0	207401438
900000	5291760	2900000	0	207888495
900000	547776	300000	0	203796972
900000	5474224	3000000	0	207882204
900000	5656688	3100000	0	207738810
900000	5839152	3200000	0	207281412
900000	6021600	3300000	0	208000111
900000	6204064	3400000	0	208282221
900000	6386528	3500000	0	207258319
900000	6568992	3600000	0	207823554
900000	6751456	3700000	0	211485641
900000	6933904	3800000	0	206654652
900000	7116368	3900000	0	210304018
900000	730240	400000	0	204298091
900000	7298832	4000000	0	208159377
900000	7481296	4100000	0	207098083
900000	7663760	4200000	0	207588633
900000	7846208	4300000	0	207880105
900000	8028672	4400000	0	206141438
900000	8211136	4500000	0	207414107
900000	8393600	4600000	0	211387079
900000	8576064	4700000	0	211071281
900000	8758528	4800000	0	207398206
900000	8940976	4900000	0	211173392
900000	912704	500000	0	206773361
900000	9123440	5000000	0	206069037
900000	9305904	5100000	0	210382036
900000	9488368	5200000	0	207275264
900000	9670832	5300000	0	206910866
900000	9853280	5400000	0	205976261
900000	10035744	5500000	0	205371541
900000	10218208	5600000	0	207494557
900000	10400672	5700000	0	205908079
900000	10583136	5800000	0	204885468
900000	10765584	5900000	0	209644444
900000	1095152	600000	0	206610442
900000	10948048	6000000	0	208121950
900000	11130512	6100000	0	206612213
900000	11312976	6200000	0	209268869
900000	11495440	6300000	0	209389116
900000	11677904	6400000	0	209462680
900000	11860352	6500000	0	207024526
900000	12042816	6600000	0	209797282
900000	12225280	6700000	0	209210024
900000	12407744	6800000	0	206957430
900000	12590208	6900000	0	207716443
900000	1277616	700000	0	208078759
900000	12772656	7000000	0	207131896
900000	12955120	7100000	0	207560163
900000	13137584	7200000	0	206410327
900000	13320048	7300000	0	210267009
900000	13502512	7400000	0	209528717
900000	13684976	7500000	0	206600050
900000	13867424	7600000	0	208113754
900000	14049888	7700000	0	209521321
900000	14232352	7800000	0	209444461
900000	14414816	7900000	0	208389385
900000	1460080	800000	0	207206910
900000	14597280	8000000	0	206995189
900000	14779728	8100000	0	208392771
900000	14962192	8200000	0	208638057
900000	15144656	8300000	0	207470559
900000	15327120	8400000	0	211891579
900000	15509584	8500000	0	207154679
900000	15692032	8600000	0	208566555
900000	15874496	8700000	0	207597422
900000	16056960	8800000	0	207257789
900000	16239424	8900000	0	207916896
900000	1642544	900000	0	204216264
900000	16421888	9000000	0	208614686
900000	16604352	9100000	0	207787093
900000	16786800	9200000	0	207296254
900000	16969264	9300000	0	206762470
900000	17151728	9400000	0	208401010
900000	17334192	9500000	0	207545703
900000	17516656	9600000	0	210756436
900000	17699104	9700000	0	207102650
900000	17881568	9800000	0	207389353
900000	18064032	9900000	0	210149074
