100000	1825008	1000000	0	126946838
100000	18246496	10000000	0	167815053
100000	3649616	2000000	0	142788897
100000	5474224	3000000	0	150238953
100000	7298832	4000000	0	156309331
100000	9123440	5000000	0	159562455
100000	10948048	6000000	0	162251140
100000	12772656	7000000	0	164511479
100000	14597280	8000000	0	165727613
100000	16421888	9000000	0	167018484
10000	182848	100000	0	249949125
10000	1825008	1000000	0	12020237
10000	365312	200000	0	27856332
10000	547776	300000	0	10939689
10000	730240	400000	0	10974084
10000	912704	500000	0	11439519
10000	1095152	600000	0	11285991
10000	1277616	700000	0	11428070
10000	1460080	800000	0	11627530
10000	1642544	900000	0	12705429
20000	1825008	1000000	0	24213043
20000	2189920	1200000	0	25324934
20000	2554848	1400000	0	25530991
20000	2919776	1600000	0	26096846
20000	3284688	1800000	0	26602185
20000	365312	200000	0	21805856
20000	3649616	2000000	0	27072613
20000	730240	400000	0	22063850
20000	1095152	600000	0	22761273
20000	1460080	800000	0	24672042
30000	2189920	1200000	0	38906987
30000	2737312	1500000	0	39347831
30000	3284688	1800000	0	40341337
30000	3832080	2100000	0	41444309
30000	4379456	2400000	0	42299726
30000	4926832	2700000	0	43185473
30000	547776	300000	0	33050713
30000	5474224	3000000	0	44038740
30000	1095152	600000	0	34415654
30000	1642544	900000	0	36110829
40000	2189920	1200000	0	50657446
40000	2919776	1600000	0	54668704
40000	3649616	2000000	0	55163813
40000	4379456	2400000	0	56729669
40000	5109296	2800000	0	58320915
40000	5839152	3200000	0	59258901
40000	6568992	3600000	0	60235040
40000	730240	400000	0	44789432
40000	7298832	4000000	0	61086581
40000	1460080	800000	0	48887292
50000	1825008	1000000	0	61997081
50000	2737312	1500000	0	66193700
50000	3649616	2000000	0	69324757
50000	4561920	2500000	0	71850757
50000	5474224	3000000	0	73848585
50000	6386528	3500000	0	75376582
50000	7298832	4000000	0	76747370
50000	8211136	4500000	0	77879496
50000	912704	500000	0	57244710
50000	9123440	5000000	0	78695378
60000	2189920	1200000	0	77216901
60000	3284688	1800000	0	82156610
60000	4379456	2400000	0	86064210
60000	5474224	3000000	0	89049448
60000	6568992	3600000	0	91213698
60000	7663760	4200000	0	93185325
60000	8758528	4800000	0	94431886
60000	9853280	5400000	0	95531017
60000	1095152	600000	0	70313515
60000	10948048	6000000	0	96613791
70000	2554848	1400000	0	92431996
70000	3832080	2100000	0	98812563
70000	5109296	2800000	0	103535361
70000	6386528	3500000	0	106680986
70000	7663760	4200000	0	108876550
70000	8940976	4900000	0	110821744
70000	10218208	5600000	0	112291222
70000	11495440	6300000	0	113475152
70000	1277616	700000	0	83596881
70000	12772656	7000000	0	114331444
80000	2919776	1600000	0	108620551
80000	4379456	2400000	0	115626945
80000	5839152	3200000	0	120633898
80000	7298832	4000000	0	124216224
80000	8758528	4800000	0	128502072
80000	10218208	5600000	0	128549480
80000	11677904	6400000	0	130262378
80000	13137584	7200000	0	131370258
80000	1460080	800000	0	98035238
80000	14597280	8000000	0	132858770
90000	3284688	1800000	0	124721820
90000	4926832	2700000	0	134823062
90000	6568992	3600000	0	138293780
90000	8211136	4500000	0	141857945
90000	9853280	5400000	0	144863986
90000	11495440	6300000	0	146502421
90000	13137584	7200000	0	148091854
90000	14779728	8100000	0	149356184
90000	1642544	900000	0	112132201
90000	16421888	9000000	0	149871951
