1000000	192	7175113912	0	100000
1000000	192	891218494	0	10000
1000000	192	1524101597	0	20000
1000000	192	2225501046	0	30000
1000000	192	2933098968	0	40000
1000000	192	3641135973	0	50000
1000000	192	4362053760	0	60000
1000000	192	5091234775	0	70000
1000000	192	5777318351	0	80000
1000000	192	6468601713	0	90000
100000	192	715217261	0	100000
100000	192	78888670	0	10000
100000	192	149463237	0	20000
100000	192	220118054	0	30000
100000	192	290697816	0	40000
100000	192	361442347	0	50000
100000	192	434469413	0	60000
100000	192	502886223	0	70000
100000	192	573312545	0	80000
100000	192	643929639	0	90000
200000	192	1430208022	0	100000
200000	192	158197420	0	10000
200000	192	299143719	0	20000
200000	192	441168829	0	30000
200000	192	582014628	0	40000
200000	192	723428646	0	50000
200000	192	864536749	0	60000
200000	192	1005893560	0	70000
200000	192	1147067654	0	80000
200000	192	1288295338	0	90000
300000	192	2148793712	0	100000
300000	192	238246688	0	10000
300000	192	450140016	0	20000
300000	192	662168906	0	30000
300000	192	875241594	0	40000
300000	192	1086094056	0	50000
300000	192	1298603169	0	60000
300000	192	1513015293	0	70000
300000	192	1722215806	0	80000
300000	192	1934610662	0	90000
400000	192	2863512667	0	100000
400000	192	318838944	0	10000
400000	192	601707581	0	20000
400000	192	886518835	0	30000
400000	192	1166872377	0	40000
400000	192	1450244221	0	50000
400000	192	1732620818	0	60000
400000	192	2015234776	0	70000
400000	192	2298562455	0	80000
400000	192	2580476968	0	90000
500000	192	3581409914	0	100000
500000	192	501763731	0	10000
500000	192	754631667	0	20000
500000	192	1110728050	0	30000
500000	192	1461204487	0	40000
500000	192	1814937303	0	50000
500000	192	2168518448	0	60000
500000	192	2521419671	0	70000
500000	192	2876328807	0	80000
500000	192	3228361934	0	90000
600000	192	4300858997	0	100000
600000	192	484998556	0	10000
600000	192	908042712	0	20000
600000	192	1335262174	0	30000
600000	192	1756436061	0	40000
600000	192	2181020122	0	50000
600000	192	2604307021	0	60000
600000	192	3029021332	0	70000
600000	192	3452697763	0	80000
600000	192	3884566594	0	90000
700000	192	5021425345	0	100000
700000	192	568097310	0	10000
700000	192	1140988081	0	20000
700000	192	1555921301	0	30000
700000	192	2052271484	0	40000
700000	192	2547879852	0	50000
700000	192	3039832057	0	60000
700000	192	3535354802	0	70000
700000	192	4029769688	0	80000
700000	192	4526719367	0	90000
800000	192	5738349872	0	100000
800000	192	649805108	0	10000
800000	192	1215569675	0	20000
800000	192	1782798359	0	30000
800000	192	2346518237	0	40000
800000	192	2911681966	0	50000
800000	192	3477713561	0	60000
800000	192	4409703248	0	70000
800000	192	4763716381	0	80000
800000	192	5173452289	0	90000
900000	192	6453953603	0	100000
900000	192	728906684	0	10000
900000	192	1365092514	0	20000
900000	192	2000879105	0	30000
900000	192	2642125417	0	40000
900000	192	3273705303	0	50000
900000	192	3910028794	0	60000
900000	192	4548103895	0	70000
900000	192	5184608835	0	80000
900000	192	5818144264	0	90000
