1000000	124583272	8313757511	0	100000
1000000	124583272	1374363872	0	10000
1000000	124583272	2193113461	0	20000
1000000	124583272	2752174091	0	30000
1000000	124583272	3436443836	0	40000
1000000	124583272	4152950321	0	50000
1000000	124583272	5865113804	0	60000
1000000	124583272	5603842686	0	70000
1000000	124583272	6270338028	0	80000
1000000	124583272	6992665735	0	90000
100000	12773224	747719944	0	100000
100000	12773224	642763034	0	10000
100000	12773224	195122206	0	20000
100000	12773224	255188897	0	30000
100000	12773224	323671020	0	40000
100000	12773224	395411403	0	50000
100000	12773224	466912995	0	60000
100000	12773224	539938761	0	70000
100000	12773224	607981768	0	80000
100000	12773224	678507454	0	90000
200000	25546088	1513705729	0	100000
200000	25546088	486458920	0	10000
200000	25546088	384002688	0	20000
200000	25546088	526385847	0	30000
200000	25546088	665093571	0	40000
200000	25546088	809025406	0	50000
200000	25546088	950267817	0	60000
200000	25546088	1088395341	0	70000
200000	25546088	1232800075	0	80000
200000	25546088	1378112253	0	90000
300000	39891816	2285459539	0	100000
300000	39891816	801165129	0	10000
300000	39891816	577781068	0	20000
300000	39891816	799087903	0	30000
300000	39891816	1095328242	0	40000
300000	39891816	1221171001	0	50000
300000	39891816	1589621425	0	60000
300000	39891816	1641812333	0	70000
300000	39891816	1858508027	0	80000
300000	39891816	2064227581	0	90000
400000	51091816	3068392378	0	100000
400000	51091816	837963512	0	10000
400000	51091816	797226340	0	20000
400000	51091816	1074953234	0	30000
400000	51091816	1350667342	0	40000
400000	51091816	1642397248	0	50000
400000	51091816	1914091974	0	60000
400000	51091816	2214137059	0	70000
400000	51091816	2483509398	0	80000
400000	51091816	2778099397	0	90000
500000	62291816	3822427981	0	100000
500000	62291816	999093660	0	10000
500000	62291816	1007334226	0	20000
500000	62291816	1356593558	0	30000
500000	62291816	1702789152	0	40000
500000	62291816	2068678743	0	50000
500000	62291816	2421972798	0	60000
500000	62291816	2762106590	0	70000
500000	62291816	3274053657	0	80000
500000	62291816	3479423937	0	90000
600000	79783272	4627125256	0	100000
600000	79783272	1156474883	0	10000
600000	79783272	1491187308	0	20000
600000	79783272	1658170971	0	30000
600000	79783272	2083619994	0	40000
600000	79783272	2498479817	0	50000
600000	79783272	2914687751	0	60000
600000	79783272	3336851629	0	70000
600000	79783272	3850641936	0	80000
600000	79783272	4204849244	0	90000
700000	90983272	5568997895	0	100000
700000	90983272	1338974908	0	10000
700000	90983272	1444945276	0	20000
700000	90983272	1943083857	0	30000
700000	90983272	2437007176	0	40000
700000	90983272	2931390473	0	50000
700000	90983272	3426629324	0	60000
700000	90983272	3920196414	0	70000
700000	90983272	4424627066	0	80000
700000	90983272	5179248377	0	90000
800000	102183272	6161235466	0	100000
800000	102183272	1513160789	0	10000
800000	102183272	1650320501	0	20000
800000	102183272	2183422425	0	30000
800000	102183272	2764585497	0	40000
800000	102183272	3334730454	0	50000
800000	102183272	3903955804	0	60000
800000	102183272	4560431953	0	70000
800000	102183272	5034618756	0	80000
800000	102183272	5596934452	0	90000
900000	113383272	6906160200	0	100000
900000	113383272	1662720728	0	10000
900000	113383272	1785806522	0	20000
900000	113383272	2439847304	0	30000
900000	113383272	3163686357	0	40000
900000	113383272	3700708099	0	50000
900000	113383272	4505395614	0	60000
900000	113383272	4965165619	0	70000
900000	113383272	5962999944	0	80000
900000	113383272	6237800234	0	90000
