1000000	124583272	9179415000	0	100000
1000000	124583272	1485265719	0	10000
1000000	124583272	2293042313	0	20000
1000000	124583272	2958470034	0	30000
1000000	124583272	3617922631	0	40000
1000000	124583272	4328060553	0	50000
1000000	124583272	5207552637	0	60000
1000000	124583272	5785784000	0	70000
1000000	124583272	6467961147	0	80000
1000000	124583272	7188401359	0	90000
100000	12773224	763869065	0	100000
100000	12773224	211210878	0	10000
100000	12773224	197292713	0	20000
100000	12773224	268432751	0	30000
100000	12773224	339107170	0	40000
100000	12773224	405993726	0	50000
100000	12773224	480367544	0	60000
100000	12773224	549760979	0	70000
100000	12773224	624135235	0	80000
100000	12773224	697724533	0	90000
200000	25546088	1558808915	0	100000
200000	25546088	282166903	0	10000
200000	25546088	427970437	0	20000
200000	25546088	561365050	0	30000
200000	25546088	709380261	0	40000
200000	25546088	849846584	0	50000
200000	25546088	993855581	0	60000
200000	25546088	1120695645	0	70000
200000	25546088	1265308571	0	80000
200000	25546088	1418268591	0	90000
300000	38843240	2335201048	0	100000
300000	38843240	442030379	0	10000
300000	38843240	640753904	0	20000
300000	38843240	865104461	0	30000
300000	38843240	1060498764	0	40000
300000	38843240	1288448935	0	50000
300000	38843240	1502760303	0	60000
300000	38843240	1696416430	0	70000
300000	38843240	1931196871	0	80000
300000	38843240	2140591397	0	90000
400000	51091816	3132347426	0	100000
400000	51091816	607451116	0	10000
400000	51091816	861452322	0	20000
400000	51091816	1170956217	0	30000
400000	51091816	1427699955	0	40000
400000	51091816	1737909350	0	50000
400000	51091816	1997016739	0	60000
400000	51091816	2302419491	0	70000
400000	51091816	2559763378	0	80000
400000	51091816	2867067733	0	90000
500000	62291816	3924652612	0	100000
500000	62291816	745386330	0	10000
500000	62291816	1068697646	0	20000
500000	62291816	1450177580	0	30000
500000	62291816	1806023905	0	40000
500000	62291816	2131549001	0	50000
500000	62291816	2509074098	0	60000
500000	62291816	2862480970	0	70000
500000	62291816	3191209775	0	80000
500000	62291816	3669122325	0	90000
600000	77686120	4765180534	0	100000
600000	77686120	909430251	0	10000
600000	77686120	1333225030	0	20000
600000	77686120	1864925255	0	30000
600000	77686120	2218693129	0	40000
600000	77686120	2638816479	0	50000
600000	77686120	3057793967	0	60000
600000	77686120	3457379513	0	70000
600000	77686120	3877858169	0	80000
600000	77686120	4360309124	0	90000
700000	88886120	5682941364	0	100000
700000	88886120	1096471522	0	10000
700000	88886120	1590830837	0	20000
700000	88886120	2087431997	0	30000
700000	88886120	2580003551	0	40000
700000	88886120	3075954360	0	50000
700000	88886120	3570213575	0	60000
700000	88886120	4067219986	0	70000
700000	88886120	4564682764	0	80000
700000	88886120	5291674779	0	90000
800000	102183272	6379895041	0	100000
800000	102183272	1337646034	0	10000
800000	102183272	1815241371	0	20000
800000	102183272	2356236680	0	30000
800000	102183272	2934704567	0	40000
800000	102183272	3537292941	0	50000
800000	102183272	4105332663	0	60000
800000	102183272	4700573392	0	70000
800000	102183272	5185966667	0	80000
800000	102183272	5761629564	0	90000
900000	113383272	7115016075	0	100000
900000	113383272	1389338172	0	10000
900000	113383272	1998166438	0	20000
900000	113383272	2659618229	0	30000
900000	113383272	3294063662	0	40000
900000	113383272	3889866181	0	50000
900000	113383272	4746523676	0	60000
900000	113383272	5154241696	0	70000
900000	113383272	5839985657	0	80000
900000	113383272	6441075945	0	90000
