1000000	18246496	10000000	2	8295720549	100000
1000000	18246496	10000000	2	1982585996	10000
1000000	18246496	10000000	2	2645855955	20000
1000000	18246496	10000000	2	3401420683	30000
1000000	18246496	10000000	2	4052188893	40000
1000000	18246496	10000000	2	4828423012	50000
1000000	18246496	10000000	2	5483414182	60000
1000000	18246496	10000000	2	6243014629	70000
1000000	18246496	10000000	2	6881209103	80000
1000000	18246496	10000000	2	7653093163	90000
100000	1825008	1000000	0	832167843	100000
100000	1825008	1000000	0	1816076980	10000
100000	1825008	1000000	0	2582498723	20000
100000	1825008	1000000	0	337996571	30000
100000	1825008	1000000	0	403574864	40000
100000	1825008	1000000	0	474586541	50000
100000	1825008	1000000	0	550957031	60000
100000	1825008	1000000	0	620899075	70000
100000	1825008	1000000	0	690613618	80000
100000	1825008	1000000	0	765711214	90000
200000	3649616	2000000	2	1678451259	100000
200000	3649616	2000000	2	407915779	10000
200000	3649616	2000000	2	543278552	20000
200000	3649616	2000000	2	691851417	30000
200000	3649616	2000000	2	818359353	40000
200000	3649616	2000000	2	962516282	50000
200000	3649616	2000000	2	1111954200	60000
200000	3649616	2000000	2	1250909657	70000
200000	3649616	2000000	2	1398423536	80000
200000	3649616	2000000	2	1539671972	90000
300000	5474224	3000000	2	2517610480	100000
300000	5474224	3000000	2	590152508	10000
300000	5474224	3000000	2	798714210	20000
300000	5474224	3000000	2	1025945693	30000
300000	5474224	3000000	2	1237639450	40000
300000	5474224	3000000	2	1452218454	50000
300000	5474224	3000000	2	1665260596	60000
300000	5474224	3000000	2	1861718285	70000
300000	5474224	3000000	2	2072903241	80000
300000	5474224	3000000	2	2301366407	90000
400000	7298832	4000000	0	3489876159	100000
400000	7298832	4000000	0	960729494	10000
400000	7298832	4000000	0	1203958131	20000
400000	7298832	4000000	0	1514607198	30000
400000	7298832	4000000	0	1798567216	40000
400000	7298832	4000000	0	2109450326	50000
400000	7298832	4000000	0	2342783010	60000
400000	7298832	4000000	0	2643996423	70000
400000	7298832	4000000	0	2963122305	80000
400000	7298832	4000000	0	3183205185	90000
500000	9123440	5000000	0	4420500585	100000
500000	9123440	5000000	0	1213499051	10000
500000	9123440	5000000	0	1575299378	20000
500000	9123440	5000000	0	1896613153	30000
500000	9123440	5000000	0	2283859754	40000
500000	9123440	5000000	0	2599108787	50000
500000	9123440	5000000	0	2985136105	60000
500000	9123440	5000000	0	3356655270	70000
500000	9123440	5000000	0	3656116080	80000
500000	9123440	5000000	0	4043612736	90000
600000	10948048	6000000	0	5253760359	100000
600000	10948048	6000000	0	1435320576	10000
600000	10948048	6000000	0	1949652041	20000
600000	10948048	6000000	0	2284690303	30000
600000	10948048	6000000	0	2749485424	40000
600000	10948048	6000000	0	3203081614	50000
600000	10948048	6000000	0	3564355733	60000
600000	10948048	6000000	0	4045343381	70000
600000	10948048	6000000	0	4408847993	80000
600000	10948048	6000000	0	4875997278	90000
700000	12772656	7000000	0	6208042526	100000
700000	12772656	7000000	0	1746366220	10000
700000	12772656	7000000	0	2257960352	20000
700000	12772656	7000000	0	2737005420	30000
700000	12772656	7000000	0	3240090776	40000
700000	12772656	7000000	0	3725787014	50000
700000	12772656	7000000	0	4228044822	60000
700000	12772656	7000000	0	4721624608	70000
700000	12772656	7000000	0	5223033189	80000
700000	12772656	7000000	0	5710824784	90000
800000	14597280	8000000	0	7119997161	100000
800000	14597280	8000000	0	2012984177	10000
800000	14597280	8000000	0	2580094070	20000
800000	14597280	8000000	0	3175347822	30000
800000	14597280	8000000	0	3647526221	40000
800000	14597280	8000000	0	4285840337	50000
800000	14597280	8000000	0	4782742599	60000
800000	14597280	8000000	0	5420347860	70000
800000	14597280	8000000	0	5975578206	80000
800000	14597280	8000000	0	6548566084	90000
900000	16421888	9000000	0	8027988521	100000
900000	16421888	9000000	0	2213731911	10000
900000	16421888	9000000	0	2933159125	20000
900000	16421888	9000000	0	3550006094	30000
900000	16421888	9000000	0	4120591118	40000
900000	16421888	9000000	0	4842706931	50000
900000	16421888	9000000	0	5397012645	60000
900000	16421888	9000000	0	6110164618	70000
900000	16421888	9000000	0	6764117306	80000
900000	16421888	9000000	0	7302677594	90000
