1000000	8388784	7175129499	0	100000
1000000	8388784	815025283	0	10000
1000000	8388784	1519094794	0	20000
1000000	8388784	2226201974	0	30000
1000000	8388784	2933868525	0	40000
1000000	8388784	3640061067	0	50000
1000000	8388784	4347590620	0	60000
1000000	8388784	5069349643	0	70000
1000000	8388784	5760296165	0	80000
1000000	8388784	6466769684	0	90000
100000	1048752	714744416	0	100000
100000	1048752	78962689	0	10000
100000	1048752	149609292	0	20000
100000	1048752	220323281	0	30000
100000	1048752	292129735	0	40000
100000	1048752	362946212	0	50000
100000	1048752	433434573	0	60000
100000	1048752	502811834	0	70000
100000	1048752	573468255	0	80000
100000	1048752	644420839	0	90000
200000	2097328	1430026514	0	100000
200000	2097328	158288425	0	10000
200000	2097328	299399562	0	20000
200000	2097328	441111815	0	30000
200000	2097328	636624157	0	40000
200000	2097328	895916148	0	50000
200000	2097328	1172027623	0	60000
200000	2097328	1006217791	0	70000
200000	2097328	1147510385	0	80000
200000	2097328	1289924180	0	90000
300000	4194480	2146512153	0	100000
300000	4194480	238265943	0	10000
300000	4194480	450447608	0	20000
300000	4194480	663856468	0	30000
300000	4194480	874766314	0	40000
300000	4194480	1086752796	0	50000
300000	4194480	1298738127	0	60000
300000	4194480	1510480693	0	70000
300000	4194480	1722593830	0	80000
300000	4194480	1938029278	0	90000
400000	4194480	2863624293	0	100000
400000	4194480	319189934	0	10000
400000	4194480	605788021	0	20000
400000	4194480	888169478	0	30000
400000	4194480	1181916364	0	40000
400000	4194480	1452761739	0	50000
400000	4194480	1733893734	0	60000
400000	4194480	2015592188	0	70000
400000	4194480	2298627341	0	80000
400000	4194480	2582760111	0	90000
500000	4194480	3582015543	0	100000
500000	4194480	402677466	0	10000
500000	4194480	755271233	0	20000
500000	4194480	1108621297	0	30000
500000	4194480	1542384609	0	40000
500000	4194480	1817839409	0	50000
500000	4194480	2168513492	0	60000
500000	4194480	2522581922	0	70000
500000	4194480	2874851984	0	80000
500000	4194480	3229875088	0	90000
600000	8388784	4302319480	0	100000
600000	8388784	484980562	0	10000
600000	8388784	907933449	0	20000
600000	8388784	1332933326	0	30000
600000	8388784	1757617012	0	40000
600000	8388784	2181075983	0	50000
600000	8388784	2604819642	0	60000
600000	8388784	3029375118	0	70000
600000	8388784	3453335822	0	80000
600000	8388784	3877089671	0	90000
700000	8388784	5020284422	0	100000
700000	8388784	2074432464	0	10000
700000	8388784	1066125490	0	20000
700000	8388784	1556405837	0	30000
700000	8388784	2052172772	0	40000
700000	8388784	2547718477	0	50000
700000	8388784	3042705988	0	60000
700000	8388784	3536628498	0	70000
700000	8388784	4033163863	0	80000
700000	8388784	4525074927	0	90000
800000	8388784	5738899366	0	100000
800000	8388784	650647816	0	10000
800000	8388784	1215751473	0	20000
800000	8388784	1781695949	0	30000
800000	8388784	2347350814	0	40000
800000	8388784	2994584974	0	50000
800000	8388784	3478154140	0	60000
800000	8388784	4046473077	0	70000
800000	8388784	4608842893	0	80000
800000	8388784	5174135727	0	90000
900000	8388784	6453813042	0	100000
900000	8388784	729114553	0	10000
900000	8388784	1364962294	0	20000
900000	8388784	2002879405	0	30000
900000	8388784	2638170728	0	40000
900000	8388784	3274755908	0	50000
900000	8388784	3910459311	0	60000
900000	8388784	5958456363	0	70000
900000	8388784	5182076154	0	80000
900000	8388784	5818775228	0	90000
