1000000	18246496	10000000	0	7253370158	100000
1000000	18246496	10000000	0	818044114	10000
1000000	18246496	10000000	0	1861688442	20000
1000000	18246496	10000000	0	2233395153	30000
1000000	18246496	10000000	0	2937888722	40000
1000000	18246496	10000000	0	3644499852	50000
1000000	18246496	10000000	0	4352013236	60000
1000000	18246496	10000000	0	5060142162	70000
1000000	18246496	10000000	0	5765497372	80000
1000000	18246496	10000000	0	6477867895	90000
100000	1825008	1000000	0	715055250	100000
100000	1825008	1000000	0	80212980	10000
100000	1825008	1000000	0	149569838	20000
100000	1825008	1000000	0	220305481	30000
100000	1825008	1000000	0	290960561	40000
100000	1825008	1000000	0	362220154	50000
100000	1825008	1000000	0	433875000	60000
100000	1825008	1000000	0	503399877	70000
100000	1825008	1000000	0	574293860	80000
100000	1825008	1000000	0	644555865	90000
200000	3649616	2000000	0	1430332613	100000
200000	3649616	2000000	0	161663506	10000
200000	3649616	2000000	0	300735200	20000
200000	3649616	2000000	0	441644469	30000
200000	3649616	2000000	0	582201173	40000
200000	3649616	2000000	0	8801156833	50000
200000	3649616	2000000	0	864995822	60000
200000	3649616	2000000	0	1007552018	70000
200000	3649616	2000000	0	1148844510	80000
200000	3649616	2000000	0	1289059141	90000
300000	5474224	3000000	0	2149314665	100000
300000	5474224	3000000	0	238544124	10000
300000	5474224	3000000	0	450738044	20000
300000	5474224	3000000	0	662409588	30000
300000	5474224	3000000	0	874549636	40000
300000	5474224	3000000	0	1086623747	50000
300000	5474224	3000000	0	1298876960	60000
300000	5474224	3000000	0	1510880500	70000
300000	5474224	3000000	0	1722783225	80000
300000	5474224	3000000	0	1934768051	90000
400000	7298832	4000000	0	2866851221	100000
400000	7298832	4000000	0	322950600	10000
400000	7298832	4000000	0	605287872	20000
400000	7298832	4000000	0	888066983	30000
400000	7298832	4000000	0	1169638409	40000
400000	7298832	4000000	0	1452598006	50000
400000	7298832	4000000	0	1736434095	60000
400000	7298832	4000000	0	2016869266	70000
400000	7298832	4000000	0	2947239125	80000
400000	7298832	4000000	0	2581747423	90000
500000	9123440	5000000	0	3582578017	100000
500000	9123440	5000000	0	588411313	10000
500000	9123440	5000000	0	755134005	20000
500000	9123440	5000000	0	1108552737	30000
500000	9123440	5000000	0	1461828711	40000
500000	9123440	5000000	0	1815481146	50000
500000	9123440	5000000	0	2169592016	60000
500000	9123440	5000000	0	2523731975	70000
500000	9123440	5000000	0	2877349822	80000
500000	9123440	5000000	0	3230015194	90000
600000	10948048	6000000	0	4305904422	100000
600000	10948048	6000000	0	744755696	10000
600000	10948048	6000000	0	909139746	20000
600000	10948048	6000000	0	1412758064	30000
600000	10948048	6000000	0	1756804972	40000
600000	10948048	6000000	0	2182587765	50000
600000	10948048	6000000	0	2606123484	60000
600000	10948048	6000000	0	3029520829	70000
600000	10948048	6000000	0	3453071471	80000
600000	10948048	6000000	0	3877183326	90000
700000	12772656	7000000	0	5022165552	100000
700000	12772656	7000000	0	578960674	10000
700000	12772656	7000000	0	1061943882	20000
700000	12772656	7000000	0	1556804852	30000
700000	12772656	7000000	0	2053052363	40000
700000	12772656	7000000	0	2546540955	50000
700000	12772656	7000000	0	3041030645	60000
700000	12772656	7000000	0	3543235173	70000
700000	12772656	7000000	0	4030216533	80000
700000	12772656	7000000	0	4525186022	90000
800000	14597280	8000000	0	5739879425	100000
800000	14597280	8000000	0	1609803880	10000
800000	14597280	8000000	0	1226987917	20000
800000	14597280	8000000	0	1791024277	30000
800000	14597280	8000000	0	2366842493	40000
800000	14597280	8000000	0	2919450747	50000
800000	14597280	8000000	0	3490329851	60000
800000	14597280	8000000	0	4046923565	70000
800000	14597280	8000000	0	4608589037	80000
800000	14597280	8000000	0	5173664306	90000
900000	16421888	9000000	0	6460381088	100000
900000	16421888	9000000	0	1495730691	10000
900000	16421888	9000000	0	1369293948	20000
900000	16421888	9000000	0	2007917568	30000
900000	16421888	9000000	0	2651254569	40000
900000	16421888	9000000	0	3278427622	50000
900000	16421888	9000000	0	3914605192	60000
900000	16421888	9000000	0	4554173839	70000
900000	16421888	9000000	0	5187995222	80000
900000	16421888	9000000	0	5825342219	90000
