1000000	8388784	7171280816	0	100000
1000000	8388784	811204521	0	10000
1000000	8388784	1514631341	0	20000
1000000	8388784	2221825269	0	30000
1000000	8388784	2932471897	0	40000
1000000	8388784	3636081570	0	50000
1000000	8388784	4346287014	0	60000
1000000	8388784	5054610056	0	70000
1000000	8388784	5758159066	0	80000
1000000	8388784	6465273455	0	90000
100000	1048752	718163784	0	100000
100000	1048752	81917036	0	10000
100000	1048752	150085730	0	20000
100000	1048752	220861310	0	30000
100000	1048752	291402440	0	40000
100000	1048752	362236918	0	50000
100000	1048752	433071942	0	60000
100000	1048752	503599621	0	70000
100000	1048752	574316261	0	80000
100000	1048752	644974931	0	90000
200000	2097328	1431679839	0	100000
200000	2097328	159536194	0	10000
200000	2097328	300676969	0	20000
200000	2097328	442300434	0	30000
200000	2097328	583444418	0	40000
200000	2097328	724942078	0	50000
200000	2097328	868109868	0	60000
200000	2097328	1007472549	0	70000
200000	2097328	1148736289	0	80000
200000	2097328	1292069094	0	90000
300000	4194480	2150719940	0	100000
300000	4194480	239027855	0	10000
300000	4194480	451518133	0	20000
300000	4194480	667765705	0	30000
300000	4194480	875570513	0	40000
300000	4194480	1088181034	0	50000
300000	4194480	1299868682	0	60000
300000	4194480	1511672828	0	70000
300000	4194480	1725300968	0	80000
300000	4194480	1940978805	0	90000
400000	4194480	2867216225	0	100000
400000	4194480	319687803	0	10000
400000	4194480	603535337	0	20000
400000	4194480	885559944	0	30000
400000	4194480	1170408803	0	40000
400000	4194480	1451514938	0	50000
400000	4194480	1737940446	0	60000
400000	4194480	2015697086	0	70000
400000	4194480	2302359947	0	80000
400000	4194480	2581194731	0	90000
500000	4194480	3583851670	0	100000
500000	4194480	406006477	0	10000
500000	4194480	753169878	0	20000
500000	4194480	1106816871	0	30000
500000	4194480	1460247924	0	40000
500000	4194480	1813882835	0	50000
500000	4194480	2169016015	0	60000
500000	4194480	2523781379	0	70000
500000	4194480	2878529546	0	80000
500000	4194480	3227595547	0	90000
600000	8388784	4301105222	0	100000
600000	8388784	488056468	0	10000
600000	8388784	905123988	0	20000
600000	8388784	1329210298	0	30000
600000	8388784	1753136164	0	40000
600000	8388784	2179958523	0	50000
600000	8388784	2605721098	0	60000
600000	8388784	3026767039	0	70000
600000	8388784	3449870619	0	80000
600000	8388784	3877932233	0	90000
700000	8388784	5019015341	0	100000
700000	8388784	568161654	0	10000
700000	8388784	1056930360	0	20000
700000	8388784	1554105084	0	30000
700000	8388784	2047794156	0	40000
700000	8388784	2542358153	0	50000
700000	8388784	3037067051	0	60000
700000	8388784	3534949421	0	70000
700000	8388784	4028168836	0	80000
700000	8388784	4521720927	0	90000
800000	8388784	5735045748	0	100000
800000	8388784	643979462	0	10000
800000	8388784	1209359957	0	20000
800000	8388784	1787069740	0	30000
800000	8388784	2341624788	0	40000
800000	8388784	2910238078	0	50000
800000	8388784	3471486789	0	60000
800000	8388784	4039232571	0	70000
800000	8388784	4604973194	0	80000
800000	8388784	5170199819	0	90000
900000	8388784	6453679309	0	100000
900000	8388784	726110678	0	10000
900000	8388784	1362035744	0	20000
900000	8388784	1998303798	0	30000
900000	8388784	2634797436	0	40000
900000	8388784	3274819809	0	50000
900000	8388784	3909974661	0	60000
900000	8388784	4548145330	0	70000
900000	8388784	5189351330	0	80000
900000	8388784	5819800949	0	90000
