1000000	160344	7174117624	2	100000
1000000	160344	811794571	2	10000
1000000	160344	1514559846	2	20000
1000000	160344	2226302998	2	30000
1000000	160344	2929476232	2	40000
1000000	160344	3640198222	2	50000
1000000	160344	4348709194	2	60000
1000000	160344	5052746644	2	70000
1000000	160344	5757534035	2	80000
1000000	160344	6469238676	2	90000
100000	50968	716182006	2	100000
100000	50968	1239305362	2	10000
100000	50968	2458114574	2	20000
100000	50968	3682840305	2	30000
100000	50968	292712844	2	40000
100000	50968	363246817	2	50000
100000	50968	434133338	2	60000
100000	50968	504966006	2	70000
100000	50968	574913470	2	80000
100000	50968	646439338	2	90000
200000	31880	1433767305	2	100000
200000	31880	160358934	2	10000
200000	31880	301745913	2	20000
200000	31880	443276513	2	30000
200000	31880	584245470	2	40000
200000	31880	725908024	2	50000
200000	31880	867312116	2	60000
200000	31880	1008571365	2	70000
200000	31880	1149622498	2	80000
200000	31880	1291154836	2	90000
300000	64968	2153326468	2	100000
300000	64968	241021176	2	10000
300000	64968	453042947	2	20000
300000	64968	664875319	2	30000
300000	64968	876788317	2	40000
300000	64968	1089024120	2	50000
300000	64968	1303656005	2	60000
300000	64968	1518218021	2	70000
300000	64968	1725066897	2	80000
300000	64968	1941717675	2	90000
400000	37848	2869312997	2	100000
400000	37848	324878662	2	10000
400000	37848	609017113	2	20000
400000	37848	891963248	2	30000
400000	37848	1174250294	2	40000
400000	37848	1455065596	2	50000
400000	37848	1739263550	2	60000
400000	37848	2021281600	2	70000
400000	37848	2303533706	2	80000
400000	37848	2588005150	2	90000
500000	22024	3586676994	2	100000
500000	22024	429425666	2	10000
500000	22024	766338124	2	20000
500000	22024	1116839692	2	30000
500000	22024	1463700917	2	40000
500000	22024	1820364738	2	50000
500000	22024	2174809218	2	60000
500000	22024	2530766512	2	70000
500000	22024	2880244657	2	80000
500000	22024	3233686958	2	90000
600000	65640	4304212057	2	100000
600000	65640	487408919	2	10000
600000	65640	906157803	2	20000
600000	65640	1330350922	2	30000
600000	65640	1760450481	2	40000
600000	65640	2178545014	2	50000
600000	65640	2605021069	2	60000
600000	65640	3029991494	2	70000
600000	65640	3454356767	2	80000
600000	65640	3879194425	2	90000
700000	123472	5020493829	2	100000
700000	123472	582998087	2	10000
700000	123472	1059804545	2	20000
700000	123472	1556448073	2	30000
700000	123472	2047485255	2	40000
700000	123472	2544108559	2	50000
700000	123472	3040096153	2	60000
700000	123472	3536216635	2	70000
700000	123472	4027361424	2	80000
700000	123472	4524112328	2	90000
800000	260248	5735854710	2	100000
800000	260248	646995470	2	10000
800000	260248	1214066827	2	20000
800000	260248	1775025996	2	30000
800000	260248	2341781036	2	40000
800000	260248	2915192201	2	50000
800000	260248	3475744669	2	60000
800000	260248	4040754105	2	70000
800000	260248	4605901156	2	80000
800000	260248	5173564013	2	90000
900000	211808	6457091268	2	100000
900000	211808	730212979	2	10000
900000	211808	1368066397	2	20000
900000	211808	1999145167	2	30000
900000	211808	2639689754	2	40000
900000	211808	3275853244	2	50000
900000	211808	3912152933	2	60000
900000	211808	4552069607	2	70000
900000	211808	5184654460	2	80000
900000	211808	5816012007	2	90000
