1000000	18246496	10000000	0	7173578321	100000
1000000	18246496	10000000	0	810270744	10000
1000000	18246496	10000000	0	1513953262	20000
1000000	18246496	10000000	0	2221655000	30000
1000000	18246496	10000000	0	2929081903	40000
1000000	18246496	10000000	0	3639103887	50000
1000000	18246496	10000000	0	4343083198	60000
1000000	18246496	10000000	0	5057028923	70000
1000000	18246496	10000000	0	5757483440	80000
1000000	18246496	10000000	0	6467204928	90000
100000	1825008	1000000	0	715635024	100000
100000	1825008	1000000	0	83984318	10000
100000	1825008	1000000	0	150277567	20000
100000	1825008	1000000	0	222259410	30000
100000	1825008	1000000	0	291635417	40000
100000	1825008	1000000	0	362312008	50000
100000	1825008	1000000	0	433331969	60000
100000	1825008	1000000	0	503612517	70000
100000	1825008	1000000	0	574290067	80000
100000	1825008	1000000	0	645119487	90000
200000	3649616	2000000	0	1431745916	100000
200000	3649616	2000000	0	159327326	10000
200000	3649616	2000000	0	301893477	20000
200000	3649616	2000000	0	442068407	30000
200000	3649616	2000000	0	583560425	40000
200000	3649616	2000000	0	724907081	50000
200000	3649616	2000000	0	872224632	60000
200000	3649616	2000000	0	1007299379	70000
200000	3649616	2000000	0	1148639471	80000
200000	3649616	2000000	0	1290094123	90000
300000	5474224	3000000	0	2148236838	100000
300000	5474224	3000000	0	241066404	10000
300000	5474224	3000000	0	451254724	20000
300000	5474224	3000000	0	663658056	30000
300000	5474224	3000000	0	875027843	40000
300000	5474224	3000000	0	1087491271	50000
300000	5474224	3000000	0	1301569817	60000
300000	5474224	3000000	0	1511555956	70000
300000	5474224	3000000	0	1723710798	80000
300000	5474224	3000000	0	1939478457	90000
400000	7298832	4000000	0	2864217648	100000
400000	7298832	4000000	0	322871747	10000
400000	7298832	4000000	0	602119683	20000
400000	7298832	4000000	0	884634485	30000
400000	7298832	4000000	0	1167735536	40000
400000	7298832	4000000	0	1450899083	50000
400000	7298832	4000000	0	1736772873	60000
400000	7298832	4000000	0	2015788892	70000
400000	7298832	4000000	0	2301240777	80000
400000	7298832	4000000	0	2581203950	90000
500000	9123440	5000000	0	3583747270	100000
500000	9123440	5000000	0	400939018	10000
500000	9123440	5000000	0	753048414	20000
500000	9123440	5000000	0	1106779452	30000
500000	9123440	5000000	0	1461485860	40000
500000	9123440	5000000	0	1816388538	50000
500000	9123440	5000000	0	2175589025	60000
500000	9123440	5000000	0	2522413884	70000
500000	9123440	5000000	0	2877516527	80000
500000	9123440	5000000	0	3227201080	90000
600000	10948048	6000000	0	4302534237	100000
600000	10948048	6000000	0	481520776	10000
600000	10948048	6000000	0	906210067	20000
600000	10948048	6000000	0	1328846682	30000
600000	10948048	6000000	0	1753798931	40000
600000	10948048	6000000	0	2179361486	50000
600000	10948048	6000000	0	2601832491	60000
600000	10948048	6000000	0	3029671482	70000
600000	10948048	6000000	0	3451916005	80000
600000	10948048	6000000	0	3873977362	90000
700000	12772656	7000000	0	5016556862	100000
700000	12772656	7000000	0	561951582	10000
700000	12772656	7000000	0	1057514596	20000
700000	12772656	7000000	0	1551827220	30000
700000	12772656	7000000	0	2065818838	40000
700000	12772656	7000000	0	2545874488	50000
700000	12772656	7000000	0	3037938910	60000
700000	12772656	7000000	0	3532002002	70000
700000	12772656	7000000	0	4029859422	80000
700000	12772656	7000000	0	4525298436	90000
800000	14597280	8000000	0	5734114702	100000
800000	14597280	8000000	0	647403156	10000
800000	14597280	8000000	0	1209213681	20000
800000	14597280	8000000	0	1774705815	30000
800000	14597280	8000000	0	2340973782	40000
800000	14597280	8000000	0	2908798434	50000
800000	14597280	8000000	0	3471906255	60000
800000	14597280	8000000	0	4039120928	70000
800000	14597280	8000000	0	4615520255	80000
800000	14597280	8000000	0	5171506200	90000
900000	16421888	9000000	0	6463884689	100000
900000	16421888	9000000	0	729583064	10000
900000	16421888	9000000	0	1361659659	20000
900000	16421888	9000000	0	2000887526	30000
900000	16421888	9000000	0	2635686594	40000
900000	16421888	9000000	0	3271966741	50000
900000	16421888	9000000	0	3911200461	60000
900000	16421888	9000000	0	4543677255	70000
900000	16421888	9000000	0	5184538859	80000
900000	16421888	9000000	0	5819526864	90000
