1000000	18246496	10000000	2	7168414137	100000
1000000	18246496	10000000	2	805999457	10000
1000000	18246496	10000000	2	1513564531	20000
1000000	18246496	10000000	2	2221156344	30000
1000000	18246496	10000000	2	2926915673	40000
1000000	18246496	10000000	2	3635453060	50000
1000000	18246496	10000000	2	4341603392	60000
1000000	18246496	10000000	2	5048378683	70000
1000000	18246496	10000000	2	5770171213	80000
1000000	18246496	10000000	2	6462854672	90000
100000	1825008	1000000	2	717414757	100000
100000	1825008	1000000	2	1477383366	10000
100000	1825008	1000000	2	2505273985	20000
100000	1825008	1000000	2	254691719	30000
100000	1825008	1000000	2	307474569	40000
100000	1825008	1000000	2	378421207	50000
100000	1825008	1000000	2	449003729	60000
100000	1825008	1000000	2	508260636	70000
100000	1825008	1000000	2	578797009	80000
100000	1825008	1000000	2	646262507	90000
200000	3649616	2000000	2	1430799110	100000
200000	3649616	2000000	2	158957153	10000
200000	3649616	2000000	2	300698707	20000
200000	3649616	2000000	2	441827890	30000
200000	3649616	2000000	2	583151909	40000
200000	3649616	2000000	2	724150696	50000
200000	3649616	2000000	2	865462702	60000
200000	3649616	2000000	2	1006427212	70000
200000	3649616	2000000	2	1147750286	80000
200000	3649616	2000000	2	1289006395	90000
300000	5474224	3000000	2	2146530631	100000
300000	5474224	3000000	2	237952073	10000
300000	5474224	3000000	2	450023579	20000
300000	5474224	3000000	2	662254516	30000
300000	5474224	3000000	2	874371619	40000
300000	5474224	3000000	2	1086270863	50000
300000	5474224	3000000	2	1298348655	60000
300000	5474224	3000000	2	1510388891	70000
300000	5474224	3000000	2	1721872854	80000
300000	5474224	3000000	2	1934242447	90000
400000	7298832	4000000	2	2861687981	100000
400000	7298832	4000000	2	317875159	10000
400000	7298832	4000000	2	600489584	20000
400000	7298832	4000000	2	884752345	30000
400000	7298832	4000000	2	1166170274	40000
400000	7298832	4000000	2	1450607982	50000
400000	7298832	4000000	2	1731709311	60000
400000	7298832	4000000	2	2019881330	70000
400000	7298832	4000000	2	2297005670	80000
400000	7298832	4000000	2	2579260264	90000
500000	9123440	5000000	2	3578570668	100000
500000	9123440	5000000	2	397489163	10000
500000	9123440	5000000	2	751297347	20000
500000	9123440	5000000	2	1104552093	30000
500000	9123440	5000000	2	1458069854	40000
500000	9123440	5000000	2	1811666160	50000
500000	9123440	5000000	2	2164804530	60000
500000	9123440	5000000	2	2518121688	70000
500000	9123440	5000000	2	2871662166	80000
500000	9123440	5000000	2	3225651639	90000
600000	10948048	6000000	2	4296538696	100000
600000	10948048	6000000	2	479492514	10000
600000	10948048	6000000	2	904171174	20000
600000	10948048	6000000	2	1328436594	30000
600000	10948048	6000000	2	1759331857	40000
600000	10948048	6000000	2	2175625709	50000
600000	10948048	6000000	2	2600051200	60000
600000	10948048	6000000	2	3023819237	70000
600000	10948048	6000000	2	3448261911	80000
600000	10948048	6000000	2	3872095622	90000
700000	12772656	7000000	2	5013836084	100000
700000	12772656	7000000	2	560148496	10000
700000	12772656	7000000	2	1055341997	20000
700000	12772656	7000000	2	1550853823	30000
700000	12772656	7000000	2	2046147853	40000
700000	12772656	7000000	2	2540995264	50000
700000	12772656	7000000	2	3035684278	60000
700000	12772656	7000000	2	3537028158	70000
700000	12772656	7000000	2	4024754700	80000
700000	12772656	7000000	2	4519102758	90000
800000	14597280	8000000	2	5733433071	100000
800000	14597280	8000000	2	644130056	10000
800000	14597280	8000000	2	1209281725	20000
800000	14597280	8000000	2	1774626013	30000
800000	14597280	8000000	2	2341223916	40000
800000	14597280	8000000	2	2906766824	50000
800000	14597280	8000000	2	3472430043	60000
800000	14597280	8000000	2	4037675294	70000
800000	14597280	8000000	2	4611978577	80000
800000	14597280	8000000	2	5168868944	90000
900000	16421888	9000000	2	6452708695	100000
900000	16421888	9000000	2	724272911	10000
900000	16421888	9000000	2	1361103263	20000
900000	16421888	9000000	2	1997371477	30000
900000	16421888	9000000	2	2634368263	40000
900000	16421888	9000000	2	3270937131	50000
900000	16421888	9000000	2	3907049131	60000
900000	16421888	9000000	2	4546326962	70000
900000	16421888	9000000	2	5179860117	80000
900000	16421888	9000000	2	5832567440	90000
