1000000	8524376	7174617718	2	100000
1000000	8524376	824244479	2	10000
1000000	8524376	1517205776	2	20000
1000000	8524376	2222283238	2	30000
1000000	8524376	2932677476	2	40000
1000000	8524376	3637666561	2	50000
1000000	8524376	4347610488	2	60000
1000000	8524376	5053414871	2	70000
1000000	8524376	5761800496	2	80000
1000000	8524376	6468818539	2	90000
100000	1093400	715790737	2	100000
100000	1093400	105889241	2	10000
100000	1093400	150729547	2	20000
100000	1093400	221204134	2	30000
100000	1093400	296314315	2	40000
100000	1093400	362635344	2	50000
100000	1093400	433275369	2	60000
100000	1093400	503963910	2	70000
100000	1093400	574582444	2	80000
100000	1093400	652251841	2	90000
200000	2125960	1432765990	2	100000
200000	2125960	159497727	2	10000
200000	2125960	301026425	2	20000
200000	2125960	443144380	2	30000
200000	2125960	583784477	2	40000
200000	2125960	728407691	2	50000
200000	2125960	866323848	2	60000
200000	2125960	1007641440	2	70000
200000	2125960	1149371943	2	80000
200000	2125960	1294854172	2	90000
300000	4253128	2147835623	2	100000
300000	4253128	239128062	2	10000
300000	4253128	451653629	2	20000
300000	4253128	663749051	2	30000
300000	4253128	878787499	2	40000
300000	4253128	1087358160	2	50000
300000	4253128	1299991399	2	60000
300000	4253128	1512203092	2	70000
300000	4253128	1728247030	2	80000
300000	4253128	1935839820	2	90000
400000	4227032	2867101623	2	100000
400000	4227032	323192734	2	10000
400000	4227032	602805964	2	20000
400000	4227032	886059345	2	30000
400000	4227032	1168362571	2	40000
400000	4227032	1450555373	2	50000
400000	4227032	1734018429	2	60000
400000	4227032	2019217664	2	70000
400000	4227032	2299059426	2	80000
400000	4227032	2583141815	2	90000
500000	4213256	3584093844	2	100000
500000	4213256	406743352	2	10000
500000	4213256	752389591	2	20000
500000	4213256	1106665426	2	30000
500000	4213256	1459645091	2	40000
500000	4213256	1814118992	2	50000
500000	4213256	2171940745	2	60000
500000	4213256	2521081472	2	70000
500000	4213256	2876583057	2	80000
500000	4213256	3229441969	2	90000
600000	8448104	4299026804	2	100000
600000	8448104	485278097	2	10000
600000	8448104	906119186	2	20000
600000	8448104	1330149522	2	30000
600000	8448104	1753808740	2	40000
600000	8448104	2181765627	2	50000
600000	8448104	2604359901	2	60000
600000	8448104	3029145877	2	70000
600000	8448104	3450823623	2	80000
600000	8448104	3876721821	2	90000
700000	8499792	5020504929	2	100000
700000	8499792	566077400	2	10000
700000	8499792	1067504977	2	20000
700000	8499792	1552744735	2	30000
700000	8499792	2047491131	2	40000
700000	8499792	2542875225	2	50000
700000	8499792	3037193626	2	60000
700000	8499792	3532354213	2	70000
700000	8499792	4028512245	2	80000
700000	8499792	4521757170	2	90000
800000	8624280	5735517520	2	100000
800000	8624280	644736283	2	10000
800000	8624280	1211267219	2	20000
800000	8624280	1782693670	2	30000
800000	8624280	2346940318	2	40000
800000	8624280	2910185255	2	50000
800000	8624280	3476610620	2	60000
800000	8624280	4053361556	2	70000
800000	8624280	4604798560	2	80000
800000	8624280	5171912355	2	90000
900000	8575840	6455635118	2	100000
900000	8575840	729621589	2	10000
900000	8575840	1367700677	2	20000
900000	8575840	1999470503	2	30000
900000	8575840	2639419255	2	40000
900000	8575840	3275341682	2	50000
900000	8575840	3911962776	2	60000
900000	8575840	4550443659	2	70000
900000	8575840	5184666537	2	80000
900000	8575840	5821601507	2	90000
