1000000	192	7172934006	0	100000
1000000	192	811681529	0	10000
1000000	192	1516874243	0	20000
1000000	192	2225645577	0	30000
1000000	192	2932483580	0	40000
1000000	192	3637789836	0	50000
1000000	192	4346956075	0	60000
1000000	192	5051366494	0	70000
1000000	192	5758489728	0	80000
1000000	192	6469507790	0	90000
100000	192	715545493	0	100000
100000	192	82886388	0	10000
100000	192	150188258	0	20000
100000	192	221060422	0	30000
100000	192	291573352	0	40000
100000	192	362316257	0	50000
100000	192	433026923	0	60000
100000	192	503552972	0	70000
100000	192	574168020	0	80000
100000	192	646521942	0	90000
200000	192	1432330191	0	100000
200000	192	159237776	0	10000
200000	192	300485015	0	20000
200000	192	441912121	0	30000
200000	192	583132461	0	40000
200000	192	724830832	0	50000
200000	192	868916463	0	60000
200000	192	1011947203	0	70000
200000	192	1148373202	0	80000
200000	192	1289624194	0	90000
300000	192	2146988110	0	100000
300000	192	238907583	0	10000
300000	192	452548922	0	20000
300000	192	662701810	0	30000
300000	192	874799243	0	40000
300000	192	1087054333	0	50000
300000	192	1301844898	0	60000
300000	192	1511207076	0	70000
300000	192	1723121109	0	80000
300000	192	1935141992	0	90000
400000	192	2863822525	0	100000
400000	192	323385430	0	10000
400000	192	602082199	0	20000
400000	192	883988043	0	30000
400000	192	1166764446	0	40000
400000	192	1452848084	0	50000
400000	192	1732920222	0	60000
400000	192	2015808595	0	70000
400000	192	2298295471	0	80000
400000	192	2582959716	0	90000
500000	192	3586008217	0	100000
500000	192	399635170	0	10000
500000	192	752618207	0	20000
500000	192	1106173194	0	30000
500000	192	1459882987	0	40000
500000	192	1817754394	0	50000
500000	192	2167138237	0	60000
500000	192	2522670387	0	70000
500000	192	2873350293	0	80000
500000	192	3226878499	0	90000
600000	192	4297432385	0	100000
600000	192	482295740	0	10000
600000	192	911441055	0	20000
600000	192	1329422818	0	30000
600000	192	1753760202	0	40000
600000	192	2177101475	0	50000
600000	192	2604047005	0	60000
600000	192	3028178292	0	70000
600000	192	3449290988	0	80000
600000	192	3877324616	0	90000
700000	192	5018681550	0	100000
700000	192	564406849	0	10000
700000	192	1055970962	0	20000
700000	192	1550816169	0	30000
700000	192	2046510683	0	40000
700000	192	2541263592	0	50000
700000	192	3037187741	0	60000
700000	192	3534554045	0	70000
700000	192	4026126662	0	80000
700000	192	4523901427	0	90000
800000	192	5732863227	0	100000
800000	192	643783869	0	10000
800000	192	1208772635	0	20000
800000	192	1774638747	0	30000
800000	192	2346712299	0	40000
800000	192	2909066609	0	50000
800000	192	3472206184	0	60000
800000	192	4036650742	0	70000
800000	192	4604120245	0	80000
800000	192	5167269343	0	90000
900000	192	6456064840	0	100000
900000	192	728513596	0	10000
900000	192	1363139381	0	20000
900000	192	1999864682	0	30000
900000	192	2634791512	0	40000
900000	192	3271222538	0	50000
900000	192	3910936493	0	60000
900000	192	4551333786	0	70000
900000	192	5180808876	0	80000
900000	192	5817401729	0	90000
