1000000	1825008	1000000	0	568486591
1000000	184286016	101000000	0	239270235
1000000	20071104	11000000	0	227866329
1000000	202532128	111000000	0	241749270
1000000	220778224	121000000	0	226204033
1000000	239024336	131000000	0	225296916
1000000	257270432	141000000	0	225870634
1000000	275516528	151000000	0	225576682
1000000	293762640	161000000	0	224651866
1000000	312008736	171000000	0	223891273
1000000	330254832	181000000	0	235992592
1000000	348500944	191000000	0	235684437
1000000	366747040	201000000	0	243489442
1000000	38317200	21000000	0	247108058
1000000	384993152	211000000	0	272306685
1000000	403239248	221000000	0	234490191
1000000	421485344	231000000	0	267208269
1000000	439731456	241000000	0	672423732
1000000	457977552	251000000	0	266075435
1000000	476223664	261000000	0	224273729
1000000	494469760	271000000	0	226614149
1000000	512715856	281000000	0	238823282
1000000	530961968	291000000	0	236493601
1000000	549208064	301000000	0	258927273
1000000	56563312	31000000	0	258374693
1000000	567454160	311000000	0	238399651
1000000	585700272	321000000	0	235255690
1000000	603946368	331000000	0	236779739
1000000	622192480	341000000	0	258309834
1000000	640438576	351000000	0	236621954
1000000	658684672	361000000	0	237267108
1000000	676930784	371000000	0	240836426
1000000	695176880	381000000	0	244147917
1000000	713422976	391000000	0	247509075
1000000	731669088	401000000	0	241001909
1000000	74809408	41000000	0	245368347
1000000	749915184	411000000	0	269132869
1000000	768161296	421000000	0	234971764
1000000	786407392	431000000	0	258774288
1000000	804653488	441000000	0	232512158
1000000	822899600	451000000	0	234874351
1000000	841145696	461000000	0	238636710
1000000	859391808	471000000	0	258468406
1000000	877637904	481000000	0	237948500
1000000	895884000	491000000	0	236774682
1000000	914130112	501000000	0	233387845
1000000	93055520	51000000	0	235784789
1000000	932376208	511000000	0	248888063
1000000	950622304	521000000	0	258526433
1000000	968868416	531000000	0	445996053
1000000	987114512	541000000	0	266544952
1000000	1005360624	551000000	0	440094440
1000000	1023606720	561000000	0	266934486
1000000	1041852816	571000000	0	351725004
1000000	1060098928	581000000	0	377710482
1000000	1078345024	591000000	0	291751697
1000000	1096591120	601000000	0	274246685
1000000	111301616	61000000	0	240660855
1000000	1114837232	611000000	0	273621734
1000000	1133083328	621000000	0	292993180
1000000	1151329440	631000000	0	344135792
1000000	1169575536	641000000	0	545038579
1000000	1187821632	651000000	0	60122126648
1000000	1206067744	661000000	0	97942578472
1000000	1224313840	671000000	0	61874045958
1000000	1242559952	681000000	0	117611796067
1000000	1260806048	691000000	0	153287603025
1000000	1279052144	701000000	0	150972583365
1000000	129547712	71000000	0	238786203
1000000	1297298256	711000000	0	158665695041
1000000	1315544352	721000000	0	168205795347
1000000	1333790448	731000000	0	125754108855
1000000	1352036560	741000000	0	133688511919
1000000	1370282656	751000000	0	215381764316
1000000	1388528768	761000000	0	27687282692
1000000	1406774864	771000000	0	3470747144
1000000	1425020960	781000000	0	1526910347
1000000	1443267072	791000000	0	2533329263
1000000	1461513168	801000000	0	376232722
1000000	147793824	81000000	0	252413907
1000000	1479759264	811000000	0	529035030
1000000	1498005376	821000000	0	439258443
1000000	1516251472	831000000	0	315285130
1000000	1534497584	841000000	0	1042065000
1000000	1552743680	851000000	0	335394728
1000000	1570989776	861000000	0	327643522
1000000	1589235888	871000000	0	388250969
1000000	1607481984	881000000	0	455553971
1000000	1625728096	891000000	0	547223647
1000000	1643974192	901000000	0	540773507
1000000	166039920	91000000	0	241127816
1000000	1662220288	911000000	0	1799735634
1000000	1680466400	921000000	0	8040835265
1000000	1698712496	931000000	0	983685899
1000000	1716958592	941000000	0	5826964327
1000000	1735204704	951000000	0	7035586601
1000000	1753450800	961000000	0	8718064217
1000000	1771696912	971000000	0	6726460187
1000000	1789943008	981000000	0	11599840520
1000000	1808189104	991000000	0	9585706093
100000	182848	100000	0	503011733
100000	18428960	10100000	0	17101888
100000	2007456	1100000	0	17211546
100000	20253568	11100000	0	17337456
100000	22078176	12100000	0	17288943
100000	23902784	13100000	0	16830800
100000	25727392	14100000	0	16850866
100000	27552000	15100000	0	17056316
100000	29376624	16100000	0	17121277
100000	31201232	17100000	0	16864178
100000	33025840	18100000	0	17118100
100000	34850448	19100000	0	18068610
100000	36675056	20100000	0	26659403
100000	3832080	2100000	0	18758237
100000	38499664	21100000	0	17258125
100000	40324272	22100000	0	17867286
100000	42148880	23100000	0	17835014
100000	43973504	24100000	0	17943338
100000	45798112	25100000	0	17853788
100000	47622720	26100000	0	17905790
100000	49447328	27100000	0	17831634
100000	51271936	28100000	0	18209331
100000	53096544	29100000	0	17838288
100000	54921152	30100000	0	16669741
100000	5656688	3100000	0	19358903
100000	56745776	31100000	0	17919180
100000	58570384	32100000	0	16735600
100000	60394992	33100000	0	17722868
100000	62219600	34100000	0	16857304
100000	64044208	35100000	0	17805455
100000	65868816	36100000	0	17815417
100000	67693424	37100000	0	17976358
100000	69518048	38100000	0	17973837
100000	71342656	39100000	0	17072150
100000	73167264	40100000	0	17824551
100000	7481296	4100000	0	18138007
100000	74991872	41100000	0	16726750
100000	76816480	42100000	0	17880290
100000	78641088	43100000	0	17797617
100000	80465696	44100000	0	16913654
100000	82290320	45100000	0	16987122
100000	84114928	46100000	0	17782547
100000	85939536	47100000	0	18249454
100000	87764144	48100000	0	16872307
100000	89588752	49100000	0	16777344
100000	91413360	50100000	0	17194891
100000	9305904	5100000	0	18849908
100000	93237968	51100000	0	16769793
100000	95062576	52100000	0	16869228
100000	96887200	53100000	0	16644139
100000	98711808	54100000	0	18013763
100000	100536416	55100000	0	18091154
100000	102361024	56100000	0	17858600
100000	104185632	57100000	0	16806840
100000	106010240	58100000	0	17205392
100000	107834848	59100000	0	17718277
100000	109659472	60100000	0	18136900
100000	11130512	6100000	0	18656676
100000	111484080	61100000	0	16997199
100000	113308688	62100000	0	16953246
100000	115133296	63100000	0	18169195
100000	116957904	64100000	0	18309674
100000	118782512	65100000	0	16993957
100000	120607120	66100000	0	16618001
100000	122431744	67100000	0	16922516
100000	124256352	68100000	0	16867835
100000	126080960	69100000	0	17663893
100000	127905568	70100000	0	17980771
100000	12955120	7100000	0	17644341
100000	129730176	71100000	0	18279719
100000	131554784	72100000	0	32631208
100000	133379392	73100000	0	17997050
100000	135204016	74100000	0	17777828
100000	137028624	75100000	0	16703253
100000	138853232	76100000	0	17913877
100000	140677840	77100000	0	18200942
100000	142502448	78100000	0	17877187
100000	144327056	79100000	0	17055519
100000	146151664	80100000	0	16703425
100000	14779728	8100000	0	18070938
100000	147976272	81100000	0	17019502
100000	149800896	82100000	0	17732820
100000	151625504	83100000	0	16983145
100000	153450112	84100000	0	17245975
100000	155274720	85100000	0	16814616
100000	157099328	86100000	0	16976526
100000	158923936	87100000	0	18314018
100000	160748544	88100000	0	16746382
100000	162573168	89100000	0	18058424
100000	164397776	90100000	0	17767704
100000	16604352	9100000	0	17402418
100000	166222384	91100000	0	16872013
100000	168046992	92100000	0	17164430
100000	169871600	93100000	0	17866388
100000	171696208	94100000	0	16962788
100000	173520816	95100000	0	18072924
100000	175345440	96100000	0	16974407
100000	177170048	97100000	0	16607380
100000	178994656	98100000	0	16670559
100000	180819264	99100000	0	18054976
200000	182826336	100200000	0	35278413
200000	18611408	10200000	0	36276202
200000	186475552	102200000	0	36408966
200000	190124768	104200000	0	34925959
200000	193774000	106200000	0	35021571
200000	197423216	108200000	0	35467315
200000	201072432	110200000	0	36460821
200000	204721664	112200000	0	35780755
200000	208370880	114200000	0	35916440
200000	212020096	116200000	0	35947779
200000	215669312	118200000	0	35867262
200000	219318544	120200000	0	35370279
200000	22260640	12200000	0	35562860
200000	222967760	122200000	0	35052764
200000	226616976	124200000	0	35920099
200000	230266208	126200000	0	35054809
200000	233915424	128200000	0	35189480
200000	237564640	130200000	0	35249319
200000	241213856	132200000	0	35166163
200000	244863088	134200000	0	35167352
200000	248512304	136200000	0	36474633
200000	252161520	138200000	0	36259319
200000	255810736	140200000	0	35384309
200000	25909856	14200000	0	35051620
200000	259459968	142200000	0	36367868
200000	263109184	144200000	0	35190182
200000	266758400	146200000	0	36062804
200000	270407632	148200000	0	36129561
200000	274056848	150200000	0	36419993
200000	277706064	152200000	0	36364746
200000	281355280	154200000	0	36179037
200000	285004512	156200000	0	35816372
200000	288653728	158200000	0	35315053
200000	292302944	160200000	0	35483082
200000	29559072	16200000	0	35433608
200000	295952160	162200000	0	35363429
200000	299601392	164200000	0	36345394
200000	303250608	166200000	0	36310258
200000	306899824	168200000	0	36130800
200000	310549056	170200000	0	35403273
200000	314198272	172200000	0	35537796
200000	317847488	174200000	0	36101106
200000	321496704	176200000	0	36237418
200000	325145936	178200000	0	35587575
200000	328795152	180200000	0	36161947
200000	33208304	18200000	0	35764634
200000	332444368	182200000	0	35129218
200000	336093600	184200000	0	36078525
200000	339742816	186200000	0	35320400
200000	343392032	188200000	0	47008534
200000	347041248	190200000	0	36262946
200000	350690480	192200000	0	36495162
200000	354339696	194200000	0	36366962
200000	357988912	196200000	0	35683267
200000	361638128	198200000	0	35347420
200000	365312	200000	0	127636632
200000	36857520	20200000	0	36407270
200000	4014528	2200000	0	36155736
200000	40506736	22200000	0	37134981
200000	44155952	24200000	0	36679974
200000	47805184	26200000	0	35005186
200000	51454400	28200000	0	34928706
200000	55103616	30200000	0	35440407
200000	58752848	32200000	0	35533785
200000	62402064	34200000	0	35172990
200000	66051280	36200000	0	34982864
200000	69700496	38200000	0	34422552
200000	73349728	40200000	0	35960472
200000	7663760	4200000	0	37415903
200000	76998944	42200000	0	34968118
200000	80648160	44200000	0	36022855
200000	84297376	46200000	0	34438202
200000	87946608	48200000	0	35830915
200000	91595824	50200000	0	36246918
200000	95245040	52200000	0	35073628
200000	98894272	54200000	0	35555784
200000	102543488	56200000	0	36616827
200000	106192704	58200000	0	35803876
200000	109841920	60200000	0	35044931
200000	11312976	6200000	0	36399194
200000	113491152	62200000	0	35804370
200000	117140368	64200000	0	35075223
200000	120789584	66200000	0	36643611
200000	124438816	68200000	0	35074815
200000	128088032	70200000	0	34875725
200000	131737248	72200000	0	34828998
200000	135386464	74200000	0	35833819
200000	139035696	76200000	0	35333733
200000	142684912	78200000	0	35259580
200000	146334128	80200000	0	35837162
200000	14962192	8200000	0	35742638
200000	149983344	82200000	0	36599697
200000	153632576	84200000	0	35662108
200000	157281792	86200000	0	35671652
200000	160931008	88200000	0	35506191
200000	164580240	90200000	0	35740290
200000	168229456	92200000	0	36472145
200000	171878672	94200000	0	36360002
200000	175527888	96200000	0	35780812
200000	179177120	98200000	0	34669132
300000	186658016	102300000	0	56758569
300000	192131840	105300000	0	56167765
300000	197605680	108300000	0	57132631
300000	203079504	111300000	0	56129583
300000	208553344	114300000	0	57017541
300000	214027168	117300000	0	55853979
300000	219500992	120300000	0	56162599
300000	22443104	12300000	0	55991363
300000	224974832	123300000	0	56032583
300000	230448656	126300000	0	56377700
300000	235922496	129300000	0	57134894
300000	241396320	132300000	0	55950726
300000	246870160	135300000	0	56901530
300000	252343984	138300000	0	56183046
300000	257817808	141300000	0	55909682
300000	263291648	144300000	0	55893845
300000	268765472	147300000	0	59700082
300000	274239312	150300000	0	56410651
300000	27916928	15300000	0	56731906
300000	279713136	153300000	0	56872609
300000	285186960	156300000	0	56969996
300000	290660800	159300000	0	55950195
300000	296134624	162300000	0	55959256
300000	301608464	165300000	0	55940494
300000	307082288	168300000	0	56166337
300000	312556128	171300000	0	56207321
300000	318029952	174300000	0	56922281
300000	323503776	177300000	0	57050869
300000	328977616	180300000	0	56647554
300000	33390752	18300000	0	55742647
300000	334451440	183300000	0	57106191
300000	339925280	186300000	0	57222891
300000	345399104	189300000	0	56025464
300000	350872928	192300000	0	57137584
300000	356346768	195300000	0	56239582
300000	361820592	198300000	0	55822382
300000	367294432	201300000	0	56904546
300000	372768256	204300000	0	56052858
300000	378242096	207300000	0	55905537
300000	383715920	210300000	0	57030203
300000	38864592	21300000	0	56685319
300000	389189744	213300000	0	62678714
300000	394663584	216300000	0	57207952
300000	400137408	219300000	0	57126441
300000	405611248	222300000	0	191835106
300000	411085072	225300000	0	191178527
300000	416558896	228300000	0	189441909
300000	422032736	231300000	0	194530811
300000	427506560	234300000	0	193440827
300000	432980400	237300000	0	195319291
300000	438454224	240300000	0	196766674
300000	44338416	24300000	0	55904839
300000	443928048	243300000	0	199859817
300000	449401888	246300000	0	199047112
300000	454875712	249300000	0	201678284
300000	460349552	252300000	0	456690665
300000	465823376	255300000	0	203910918
300000	471297216	258300000	0	484501885
300000	476771040	261300000	0	55860558
300000	482244864	264300000	0	57050704
300000	487718704	267300000	0	56889044
300000	493192528	270300000	0	56289424
300000	49812256	27300000	0	55795005
300000	498666368	273300000	0	57016818
300000	504140192	276300000	0	57091923
300000	509614016	279300000	0	56027962
300000	515087856	282300000	0	56599680
300000	520561680	285300000	0	56652135
300000	526035520	288300000	0	55916495
300000	531509344	291300000	0	56455057
300000	536983184	294300000	0	55210816
300000	542457008	297300000	0	56948486
300000	547776	300000	0	143822351
300000	55286080	30300000	0	56551771
300000	6021600	3300000	0	56371605
300000	60759904	33300000	0	55868835
300000	66233744	36300000	0	56460956
300000	71707568	39300000	0	55629631
300000	77181408	42300000	0	55828939
300000	82655232	45300000	0	55570049
300000	88129072	48300000	0	55481025
300000	93602896	51300000	0	56532702
300000	99076720	54300000	0	55614243
300000	104550560	57300000	0	55583228
300000	110024384	60300000	0	55510085
300000	11495440	6300000	0	56968731
300000	115498224	63300000	0	55692987
300000	120972048	66300000	0	56533694
300000	126445872	69300000	0	56520420
300000	131919712	72300000	0	56716088
300000	137393536	75300000	0	55740418
300000	142867376	78300000	0	55851829
300000	148341200	81300000	0	56189417
300000	153815040	84300000	0	56182632
300000	159288864	87300000	0	56975102
300000	164762688	90300000	0	56876304
300000	16969264	9300000	0	56792273
300000	170236528	93300000	0	55567238
300000	175710352	96300000	0	55799682
300000	181184192	99300000	0	55915886
400000	183191264	100400000	0	76445658
400000	190489696	104400000	0	76565620
400000	197788144	108400000	0	77031739
400000	205086576	112400000	0	76837627
400000	212385024	116400000	0	77215292
400000	219683456	120400000	0	77860444
400000	22625552	12400000	0	83941961
400000	226981904	124400000	0	76898040
400000	234280336	128400000	0	76627889
400000	241578784	132400000	0	76596115
400000	248877232	136400000	0	77677401
400000	256175664	140400000	0	77819750
400000	263474112	144400000	0	77538122
400000	270772544	148400000	0	77846980
400000	278070992	152400000	0	77386637
400000	285369424	156400000	0	77735603
400000	292667872	160400000	0	77083230
400000	29924000	16400000	0	76645256
400000	299966304	164400000	0	76982258
400000	307264752	168400000	0	78153002
400000	314563184	172400000	0	78154682
400000	321861632	176400000	0	77848572
400000	329160080	180400000	0	76867072
400000	336458512	184400000	0	77782606
400000	343756960	188400000	0	77203772
400000	351055392	192400000	0	76792748
400000	358353840	196400000	0	76949274
400000	365652272	200400000	0	77051538
400000	37222448	20400000	0	77362100
400000	372950720	204400000	0	78064271
400000	380249152	208400000	0	200961685
400000	387547600	212400000	0	202784152
400000	394846048	216400000	0	205777399
400000	402144480	220400000	0	205421914
400000	409442928	224400000	0	207743745
400000	416741360	228400000	0	209914797
400000	424039808	232400000	0	212544592
400000	431338240	236400000	0	216331929
400000	438636688	240400000	0	216284668
400000	44520880	24400000	0	75954616
400000	445935120	244400000	0	220052915
400000	453233568	248400000	0	220396022
400000	460532016	252400000	0	223516536
400000	467830448	256400000	0	228937856
400000	475128896	260400000	0	379125710
400000	482427328	264400000	0	76668407
400000	489725776	268400000	0	77724685
400000	497024208	272400000	0	78110335
400000	504322656	276400000	0	77926399
400000	511621088	280400000	0	77554544
400000	51819328	28400000	0	77827603
400000	518919536	284400000	0	77433450
400000	526217984	288400000	0	77772479
400000	533516416	292400000	0	77904105
400000	540814864	296400000	0	77365978
400000	548113296	300400000	0	76638804
400000	555411744	304400000	0	77025925
400000	562710176	308400000	0	76941269
400000	570008624	312400000	0	77712320
400000	577307056	316400000	0	76811037
400000	584605504	320400000	0	77814408
400000	59117760	32400000	0	76626459
400000	591903936	324400000	0	77434793
400000	599202384	328400000	0	287456101
400000	606500832	332400000	0	77392757
400000	613799264	336400000	0	82172481
400000	621097712	340400000	0	78814028
400000	628396144	344400000	0	77712995
400000	635694592	348400000	0	77564801
400000	642993024	352400000	0	76921693
400000	650291472	356400000	0	76280662
400000	657589904	360400000	0	284159031
400000	66416208	36400000	0	76704872
400000	664888352	364400000	0	77567840
400000	672186800	368400000	0	77333816
400000	679485232	372400000	0	77590708
400000	686783680	376400000	0	78012842
400000	694082112	380400000	0	77903137
400000	701380560	384400000	0	77239914
400000	708678992	388400000	0	77374304
400000	715977440	392400000	0	77266266
400000	723275872	396400000	0	77690341
400000	730240	400000	0	227056728
400000	73714640	40400000	0	77766444
400000	8028672	4400000	0	79503595
400000	81013088	44400000	0	77363869
400000	88311520	48400000	0	76949724
400000	95609968	52400000	0	77100262
400000	102908400	56400000	0	76267961
400000	110206848	60400000	0	76849145
400000	117505296	64400000	0	78202911
400000	124803728	68400000	0	76861664
400000	132102176	72400000	0	77253971
400000	139400608	76400000	0	77206983
400000	146699056	80400000	0	77052564
400000	15327120	8400000	0	80898154
400000	153997488	84400000	0	76775645
400000	161295936	88400000	0	77435318
400000	168594368	92400000	0	76991132
400000	175892816	96400000	0	77615004
500000	183373712	100500000	0	100617309
500000	19158800	10500000	0	103033286
500000	192496768	105500000	0	98995886
500000	201619824	110500000	0	99292875
500000	210742864	115500000	0	101396145
500000	219865920	120500000	0	100101736
500000	228988976	125500000	0	99569298
500000	238112032	130500000	0	99679253
500000	247235072	135500000	0	100544712
500000	256358128	140500000	0	99325644
500000	265481184	145500000	0	100622895
500000	274604224	150500000	0	100319322
500000	28281856	15500000	0	101820568
500000	283727280	155500000	0	99454926
500000	292850336	160500000	0	99246100
500000	301973376	165500000	0	100190348
500000	311096432	170500000	0	134639812
500000	320219488	175500000	0	100925515
500000	329342528	180500000	0	101158573
500000	338465584	185500000	0	99899647
500000	347588640	190500000	0	100500601
500000	356711680	195500000	0	219939163
500000	365834736	200500000	0	216189299
500000	37404896	20500000	0	109874853
500000	374957792	205500000	0	220024519
500000	384080848	210500000	0	241495477
500000	393203888	215500000	0	225120286
500000	402326944	220500000	0	228121520
500000	411450000	225500000	0	231459490
500000	420573040	230500000	0	236197419
500000	429696096	235500000	0	239248291
500000	438819152	240500000	0	243811317
500000	447942192	245500000	0	244011640
500000	457065248	250500000	0	244679263
500000	46527952	25500000	0	105337245
500000	466188304	255500000	0	266498031
500000	475311344	260500000	0	97532421
500000	484434400	265500000	0	100346153
500000	493557456	270500000	0	100209476
500000	502680512	275500000	0	100025408
500000	511803552	280500000	0	100366062
500000	520926608	285500000	0	100319048
500000	530049664	290500000	0	99996993
500000	539172704	295500000	0	100731858
500000	548295760	300500000	0	100242688
500000	55651008	30500000	0	101247291
500000	557418816	305500000	0	100189819
500000	566541856	310500000	0	100218051
500000	575664912	315500000	0	99365158
500000	584787968	320500000	0	100654323
500000	593911008	325500000	0	100115532
500000	603034064	330500000	0	99816656
500000	612157120	335500000	0	366442061
500000	621280176	340500000	0	98679979
500000	630403216	345500000	0	99181089
500000	639526272	350500000	0	100304851
500000	64774048	35500000	0	99580994
500000	648649328	355500000	0	100227086
500000	657772368	360500000	0	99991567
500000	666895424	365500000	0	101166167
500000	676018480	370500000	0	99733649
500000	685141520	375500000	0	100767131
500000	694264576	380500000	0	99966750
500000	703387632	385500000	0	336249745
500000	712510672	390500000	0	402632832
500000	721633728	395500000	0	185753167
500000	730756784	400500000	0	193825655
500000	73897104	40500000	0	99381100
500000	739879824	405500000	0	236811843
500000	749002880	410500000	0	171918252
500000	758125936	415500000	0	112399717
500000	767248992	420500000	0	99994597
500000	776372032	425500000	0	334054330
500000	785495088	430500000	0	136789774
500000	794618144	435500000	0	207968490
500000	803741184	440500000	0	144029007
500000	812864240	445500000	0	118959967
500000	821987296	450500000	0	101085425
500000	83020160	45500000	0	101607790
500000	831110336	455500000	0	101293660
500000	840233392	460500000	0	129886495
500000	849356448	465500000	0	317499063
500000	858479488	470500000	0	106220336
500000	867602544	475500000	0	147377210
500000	876725600	480500000	0	134709823
500000	885848656	485500000	0	194875630
500000	894971696	490500000	0	260013181
500000	904094752	495500000	0	141878324
500000	912704	500000	0	204795328
500000	92143200	50500000	0	104534922
500000	10035744	5500000	0	120305793
500000	101266256	55500000	0	99980090
500000	110389312	60500000	0	101214526
500000	119512368	65500000	0	100341942
500000	128635408	70500000	0	100349752
500000	137758464	75500000	0	101475672
500000	146881520	80500000	0	99449021
500000	156004560	85500000	0	100589511
500000	165127616	90500000	0	99482300
500000	174250672	95500000	0	99858950
600000	187205392	102600000	0	123991477
600000	198153056	108600000	0	123897681
600000	209100720	114600000	0	123726634
600000	220048384	120600000	0	124128031
600000	22990480	12600000	0	124719835
600000	230996048	126600000	0	123656301
600000	241943712	132600000	0	124035150
600000	252891360	138600000	0	123227845
600000	263839024	144600000	0	123537247
600000	274786688	150600000	0	125349405
600000	285734352	156600000	0	123234278
600000	296682016	162600000	0	123912394
600000	307629680	168600000	0	124268434
600000	318577328	174600000	0	122946430
600000	329524992	180600000	0	141525153
600000	33938144	18600000	0	124672485
600000	340472656	186600000	0	133279704
600000	351420320	192600000	0	124315092
600000	362367984	198600000	0	124684553
600000	373315648	204600000	0	123558344
600000	384263296	210600000	0	124874543
600000	395210960	216600000	0	143519811
600000	406158624	222600000	0	124928085
600000	417106288	228600000	0	147884485
600000	428053952	234600000	0	124333302
600000	439001616	240600000	0	125825221
600000	44885808	24600000	0	123882473
600000	449949264	246600000	0	124231593
600000	460896928	252600000	0	123429706
600000	471844592	258600000	0	124315100
600000	482792256	264600000	0	131583535
600000	493739920	270600000	0	124710742
600000	504687568	276600000	0	123548548
600000	515635232	282600000	0	123578939
600000	526582896	288600000	0	132977349
600000	537530560	294600000	0	124958739
600000	548478224	300600000	0	127362809
600000	55833472	30600000	0	123713410
600000	559425888	306600000	0	132516643
600000	570373536	312600000	0	124394699
600000	581321200	318600000	0	124662406
600000	592268864	324600000	0	125642317
600000	603216528	330600000	0	123354439
600000	614164192	336600000	0	123365225
600000	625111856	342600000	0	126899435
600000	636059504	348600000	0	142230090
600000	647007168	354600000	0	124552134
600000	657954832	360600000	0	124513805
600000	66781120	36600000	0	124363746
600000	668902496	366600000	0	123192655
600000	679850160	372600000	0	124973831
600000	690797824	378600000	0	125029644
600000	701745472	384600000	0	124100633
600000	712693136	390600000	0	123988761
600000	723640800	396600000	0	123988038
600000	734588464	402600000	0	123489385
600000	745536128	408600000	0	123810132
600000	756483792	414600000	0	132072479
600000	767431440	420600000	0	124074234
600000	77728784	42600000	0	124373208
600000	778379104	426600000	0	125298270
600000	789326768	432600000	0	124971177
600000	800274432	438600000	0	124740403
600000	811222096	444600000	0	134610413
600000	822169760	450600000	0	124160406
600000	833117408	456600000	0	125403668
600000	844065072	462600000	0	123934876
600000	855012736	468600000	0	154235856
600000	865960400	474600000	0	124160703
600000	876908064	480600000	0	126013598
600000	88676448	48600000	0	124462922
600000	887855712	486600000	0	125322093
600000	898803376	492600000	0	144289058
600000	909751040	498600000	0	124768506
600000	920698704	504600000	0	124752993
600000	931646368	510600000	0	124023420
600000	942594032	516600000	0	156323280
600000	953541680	522600000	0	150535316
600000	964489344	528600000	0	123894405
600000	975437008	534600000	0	125084118
600000	986384672	540600000	0	139917059
600000	99624112	54600000	0	139029923
600000	997332336	546600000	0	135665813
600000	1008280000	552600000	0	144707003
600000	1019227648	558600000	0	155390161
600000	1030175312	564600000	0	135823778
600000	1041122976	570600000	0	152613322
600000	1052070640	576600000	0	159143391
600000	1063018304	582600000	0	144021038
600000	1073965968	588600000	0	150590093
600000	1084913616	594600000	0	248719863
600000	1095152	600000	0	477918197
600000	110571776	60600000	0	124712917
600000	12042816	6600000	0	124896824
600000	121519424	66600000	0	123480375
600000	132467088	72600000	0	123757799
600000	143414752	78600000	0	124465555
600000	154362416	84600000	0	122988079
600000	165310080	90600000	0	150518886
600000	176257744	96600000	0	123853519
700000	192861696	105700000	0	148232637
700000	205633968	112700000	0	149778774
700000	218406240	119700000	0	148218301
700000	231178512	126700000	0	148613400
700000	243950784	133700000	0	148127277
700000	256723056	140700000	0	148904396
700000	26822160	14700000	0	149809930
700000	269495312	147700000	0	148132640
700000	282267584	154700000	0	148903532
700000	295039856	161700000	0	147662670
700000	307812128	168700000	0	149426421
700000	320584400	175700000	0	147400666
700000	333356672	182700000	0	148154642
700000	346128944	189700000	0	147519628
700000	358901216	196700000	0	147822551
700000	371673488	203700000	0	148600105
700000	384445760	210700000	0	149924080
700000	39594432	21700000	0	149288957
700000	397218032	217700000	0	149054337
700000	409990304	224700000	0	149933298
700000	422762576	231700000	0	149917715
700000	435534848	238700000	0	148533125
700000	448307120	245700000	0	148004664
700000	461079392	252700000	0	149103571
700000	473851664	259700000	0	150941213
700000	486623936	266700000	0	148778318
700000	499396208	273700000	0	148522088
700000	512168480	280700000	0	149110571
700000	52366704	28700000	0	148003470
700000	524940752	287700000	0	148028517
700000	537713024	294700000	0	235434463
700000	550485296	301700000	0	150751320
700000	563257568	308700000	0	149118294
700000	576029840	315700000	0	148233515
700000	588802112	322700000	0	149852455
700000	601574384	329700000	0	149903945
700000	614346656	336700000	0	147848739
700000	627118928	343700000	0	149039492
700000	639891200	350700000	0	149333831
700000	65138976	35700000	0	148027651
700000	652663456	357700000	0	150236783
700000	665435728	364700000	0	148423118
700000	678208000	371700000	0	148154711
700000	690980272	378700000	0	148464425
700000	703752544	385700000	0	149519240
700000	716524816	392700000	0	148828058
700000	729297088	399700000	0	149168367
700000	742069360	406700000	0	149395720
700000	754841632	413700000	0	148524622
700000	767613904	420700000	0	149270872
700000	77911248	42700000	0	148128748
700000	780386176	427700000	0	149841033
700000	793158448	434700000	0	148403554
700000	805930720	441700000	0	149599394
700000	818702992	448700000	0	148894733
700000	831475264	455700000	0	149263464
700000	844247536	462700000	0	147734722
700000	857019808	469700000	0	149363210
700000	869792080	476700000	0	148400443
700000	882564352	483700000	0	149719806
700000	895336624	490700000	0	149057671
700000	90683520	49700000	0	160304973
700000	908108896	497700000	0	148377300
700000	920881168	504700000	0	149422252
700000	933653440	511700000	0	148261572
700000	946425712	518700000	0	149199400
700000	959197984	525700000	0	148206912
700000	971970256	532700000	0	148962157
700000	984742528	539700000	0	149265026
700000	997514800	546700000	0	148481711
700000	1010287072	553700000	0	149359348
700000	1023059344	560700000	0	148542544
700000	103455792	56700000	0	147935190
700000	1035831600	567700000	0	150414025
700000	1048603872	574700000	0	148328830
700000	1061376144	581700000	0	161565010
700000	1074148416	588700000	0	173045689
700000	1086920688	595700000	0	197786505
700000	1099692960	602700000	0	197778537
700000	1112465232	609700000	0	197682096
700000	1125237504	616700000	0	184326556
700000	1138009776	623700000	0	265763363
700000	1150782048	630700000	0	197621329
700000	116228064	63700000	0	147988678
700000	1163554320	637700000	0	282922752
700000	1176326592	644700000	0	178529546
700000	1189098864	651700000	0	167907586
700000	1201871136	658700000	0	171012945
700000	1214643408	665700000	0	263733319
700000	1227415680	672700000	0	163190949
700000	1240187952	679700000	0	148571171
700000	1252960224	686700000	0	129420482955
700000	1265732496	693700000	0	233733164404
700000	1277616	700000	0	459469140
700000	129000336	70700000	0	148837877
700000	14049888	7700000	0	170291342
700000	141772608	77700000	0	148096158
700000	154544880	84700000	0	149058410
700000	167317152	91700000	0	147719128
700000	180089424	98700000	0	148598006
800000	191219536	104800000	0	190767378
800000	205816416	112800000	0	193527250
800000	220413312	120800000	0	199344530
800000	235010192	128800000	0	198770531
800000	249607072	136800000	0	205106110
800000	264203952	144800000	0	195292125
800000	278800832	152800000	0	213973636
800000	293397712	160800000	0	225920184
800000	30653840	16800000	0	233480696
800000	307994592	168800000	0	186355492
800000	322591472	176800000	0	190306381
800000	337188352	184800000	0	200854005
800000	351785248	192800000	0	193196051
800000	366382128	200800000	0	182155033
800000	380979008	208800000	0	215430240
800000	395575888	216800000	0	204401931
800000	410172768	224800000	0	210921559
800000	424769648	232800000	0	193517721
800000	439366528	240800000	0	181450663
800000	45250720	24800000	0	342792494
800000	453963408	248800000	0	195859442
800000	468560288	256800000	0	193423816
800000	483157168	264800000	0	202008362
800000	497754064	272800000	0	221104003
800000	512350944	280800000	0	293085215
800000	526947824	288800000	0	338333106
800000	541544704	296800000	0	187819747
800000	556141584	304800000	0	191174512
800000	570738464	312800000	0	190944547
800000	585335344	320800000	0	230006389
800000	59847600	32800000	0	173463457
800000	599932224	328800000	0	223130717
800000	614529104	336800000	0	191104642
800000	629125984	344800000	0	201098565
800000	643722880	352800000	0	193802830
800000	658319760	360800000	0	204728965
800000	672916640	368800000	0	213110685
800000	687513520	376800000	0	196017040
800000	702110400	384800000	0	197149732
800000	716707280	392800000	0	227407044
800000	731304160	400800000	0	181016653
800000	74444496	40800000	0	191534652
800000	745901040	408800000	0	215716299
800000	760497920	416800000	0	241011263
800000	775094816	424800000	0	207409011
800000	789691696	432800000	0	234819019
800000	804288576	440800000	0	233402544
800000	818885456	448800000	0	232579240
800000	833482336	456800000	0	233829213
800000	848079216	464800000	0	208794282
800000	862676096	472800000	0	201391878
800000	877272976	480800000	0	210049843
800000	89041376	48800000	0	195689821
800000	891869856	488800000	0	203779557
800000	906466736	496800000	0	209244870
800000	921063632	504800000	0	216459496
800000	935660512	512800000	0	233601438
800000	950257392	520800000	0	221913601
800000	964854272	528800000	0	216839856
800000	979451152	536800000	0	222265498
800000	994048032	544800000	0	189735587
800000	1008644912	552800000	0	204789594
800000	1023241792	560800000	0	286481792
800000	103638256	56800000	0	214513181
800000	1037838672	568800000	0	216047007
800000	1052435568	576800000	0	191369598
800000	1067032448	584800000	0	192648975
800000	1081629328	592800000	0	349094187
800000	1096226208	600800000	0	333016354
800000	1110823088	608800000	0	381244456
800000	1125419968	616800000	0	378595589
800000	1140016848	624800000	0	314964968
800000	1154613728	632800000	0	348798007
800000	1169210608	640800000	0	224066919
800000	118235136	64800000	0	188377634
800000	1183807488	648800000	0	416764074
800000	1198404384	656800000	0	395460218
800000	1213001264	664800000	0	399876757
800000	1227598144	672800000	0	112985678886
800000	1242195024	680800000	0	134092394099
800000	1256791904	688800000	0	151595921375
800000	1271388784	696800000	0	141809458271
800000	1285985664	704800000	0	137527155817
800000	1300582544	712800000	0	158614097414
800000	1315179424	720800000	0	132529513629
800000	132832016	72800000	0	202220564
800000	1329776320	728800000	0	138122836611
800000	1344373200	736800000	0	105892918054
800000	1358970080	744800000	0	138683561509
800000	1373566960	752800000	0	129559976943
800000	1388163840	760800000	0	62027197697
800000	1402760720	768800000	0	9438199903
800000	1417357600	776800000	0	1277045307
800000	1431954480	784800000	0	387268033
800000	1446551360	792800000	0	186631539
800000	1460080	800000	0	9459498796
800000	147428896	80800000	0	224789109
800000	16056960	8800000	0	569723243
800000	162025776	88800000	0	208122912
800000	176622656	96800000	0	237599226
900000	198700448	108900000	0	212506014
900000	215121936	117900000	0	199159897
900000	231543424	126900000	0	225240624
900000	247964912	135900000	0	209209619
900000	264386416	144900000	0	198787552
900000	280807904	153900000	0	242714426
900000	297229392	162900000	0	218780434
900000	313650880	171900000	0	211920339
900000	330072384	180900000	0	217127837
900000	34485520	18900000	0	212192626
900000	346493872	189900000	0	233584481
900000	362915360	198900000	0	215252991
900000	379336848	207900000	0	199532975
900000	395758352	216900000	0	216881047
900000	412179840	225900000	0	619118907
900000	428601328	234900000	0	216278845
900000	445022816	243900000	0	229559664
900000	461444320	252900000	0	215927159
900000	477865808	261900000	0	240791179
900000	494287296	270900000	0	199956142
900000	50907024	27900000	0	225840099
900000	510708784	279900000	0	199815983
900000	527130288	288900000	0	199195031
900000	543551776	297900000	0	233488046
900000	559973264	306900000	0	206307632
900000	576394752	315900000	0	203256970
900000	592816256	324900000	0	200982002
900000	609237744	333900000	0	199465790
900000	625659232	342900000	0	199152797
900000	642080720	351900000	0	198246709
900000	658502224	360900000	0	199012321
900000	67328512	36900000	0	215819810
900000	674923712	369900000	0	200108486
900000	691345200	378900000	0	199110105
900000	707766688	387900000	0	220959718
900000	724188176	396900000	0	210186960
900000	740609680	405900000	0	199164277
900000	757031168	414900000	0	323980802
900000	773452656	423900000	0	214923868
900000	789874144	432900000	0	210768633
900000	806295648	441900000	0	218189653
900000	822717136	450900000	0	241034396
900000	83750000	45900000	0	209996460
900000	839138624	459900000	0	230876420
900000	855560112	468900000	0	225795608
900000	871981616	477900000	0	212687985
900000	888403104	486900000	0	551997907
900000	904824592	495900000	0	228072002
900000	921246080	504900000	0	209327503
900000	937667584	513900000	0	224313127
900000	954089072	522900000	0	220123792
900000	970510560	531900000	0	210808478
900000	986932048	540900000	0	237725370
900000	100171488	54900000	0	210104551
900000	1003353552	549900000	0	219316306
900000	1019775040	558900000	0	243358265
900000	1036196528	567900000	0	261927364
900000	1052618016	576900000	0	251097853
900000	1069039520	585900000	0	239094726
900000	1085461008	594900000	0	260906377
900000	1101882496	603900000	0	373622126
900000	1118303984	612900000	0	265394496
900000	1134725488	621900000	0	345580965
900000	1151146976	630900000	0	475524430
900000	116592992	63900000	0	219990116
900000	1167568464	639900000	0	259134960
900000	1183989952	648900000	0	245954490
900000	1200411456	657900000	0	457052434
900000	1216832944	666900000	0	91246455255
900000	1233254432	675900000	0	100336768554
900000	1249675920	684900000	0	131175647919
900000	1266097424	693900000	0	139770971881
900000	1282518912	702900000	0	186431383934
900000	1298940400	711900000	0	135914964381
900000	1315361888	720900000	0	152381157766
900000	133014480	72900000	0	206522456
900000	1331783376	729900000	0	153615333591
900000	1348204880	738900000	0	116744856450
900000	1364626368	747900000	0	116318779033
900000	1381047856	756900000	0	183513363930
900000	1397469344	765900000	0	44405818037
900000	1413890848	774900000	0	13182417227
900000	1430312336	783900000	0	4757682933
900000	1446733824	792900000	0	727846820
900000	1463155312	801900000	0	428648677
900000	1479576816	810900000	0	354443912
900000	149435968	81900000	0	199115013
900000	1495998304	819900000	0	373622502
900000	1512419792	828900000	0	590823228
900000	1528841280	837900000	0	328779065
900000	1545262784	846900000	0	372428135
900000	1561684272	855900000	0	319031965
900000	1578105760	864900000	0	356260851
900000	1594527248	873900000	0	258801658
900000	1610948752	882900000	0	718731698
900000	1627370240	891900000	0	686133065
900000	1642544	900000	0	580839708
900000	165857456	90900000	0	203889230
900000	18064032	9900000	0	214547874
900000	182278944	99900000	0	199043864
