1000000	1825008	1000000	1015122	11315116742
1000000	184286016	101000000	1000000	3709385941
1000000	20071104	11000000	1000000	3250257360
1000000	202532128	111000000	1000000	3739610295
1000000	220778224	121000000	1000000	3819230279
1000000	239024336	131000000	1000000	3780379094
1000000	257270432	141000000	1000000	3814975417
1000000	275516528	151000000	1000000	3799490901
1000000	293762640	161000000	1000000	5237529382
1000000	312008736	171000000	1000000	4245284256
1000000	330254832	181000000	1000000	4340023947
1000000	348500944	191000000	1000000	5562825915
1000000	366747040	201000000	1000000	4040462224
1000000	38317200	21000000	1000000	3754609164
1000000	384993152	211000000	1000000	4022146665
1000000	403239248	221000000	1000000	4010257825
1000000	421485344	231000000	1000000	4062172301
1000000	439731456	241000000	1000000	4077338567
1000000	457977552	251000000	1000000	4062908127
1000000	476223664	261000000	1000000	4140436816
1000000	494469760	271000000	1000000	4139643854
1000000	512715856	281000000	1000000	4068542217
1000000	530961968	291000000	1000000	4092719466
1000000	549208064	301000000	1000000	4099963965
1000000	56563312	31000000	1000000	4638981313
1000000	567454160	311000000	1000000	4067203003
1000000	585700272	321000000	1000000	4067644712
1000000	603946368	331000000	1000000	4061395411
1000000	622192480	341000000	1000000	4056743525
1000000	640438576	351000000	1000000	4041068561
1000000	658684672	361000000	1000000	4026091871
1000000	676930784	371000000	1000000	4026766587
1000000	695176880	381000000	1000000	4034661442
1000000	713422976	391000000	1000000	20735269362
1000000	731669088	401000000	1000000	20114010988
1000000	74809408	41000000	1000000	4147997915
1000000	749915184	411000000	1000000	24425181918
1000000	768161296	421000000	1000000	31453206448
1000000	786407392	431000000	1000000	32064679826
1000000	804653488	441000000	1000000	40603801380
1000000	822899600	451000000	1000000	39418938218
1000000	841145696	461000000	1000000	34617355681
1000000	859391808	471000000	1000000	25072156062
1000000	877637904	481000000	1000000	26755777611
1000000	895884000	491000000	1000000	38212635695
1000000	914130112	501000000	1000000	30747395317
1000000	93055520	51000000	1000000	6805700841
1000000	932376208	511000000	1000000	53127626762
1000000	950622304	521000000	1000000	12552965441
1000000	968868416	531000000	1000000	9380800313
1000000	987114512	541000000	1000000	10460145434
1000000	1005360624	551000000	1000000	12476660808
1000000	1023606720	561000000	1000000	26842022068
1000000	1041852816	571000000	1000000	19949150263
1000000	1060098928	581000000	1000000	18860934125
1000000	1078345024	591000000	1000458	5203991621
1000000	1096591120	601000000	1000000	6041088056
1000000	111301616	61000000	1000000	3494969475
1000000	1114837232	611000000	1000000	5845232495
1000000	1133083328	621000000	1000000	4832591377
1000000	1151329440	631000000	1000000	4722036082
1000000	1169575536	641000000	1000000	4523967642
1000000	1187821632	651000000	1000000	4583315196
1000000	1206067744	661000000	1000000	4689911638
1000000	1224313840	671000000	1000000	5384747491
1000000	1242559952	681000000	1000000	12512761114
1000000	1260806048	691000000	1000000	32574494042
1000000	1279052144	701000000	1000000	18497854512
1000000	129547712	71000000	1000000	3514972237
1000000	1297298256	711000000	1000000	25466311267
1000000	1315544352	721000000	1000000	33776037075
1000000	1333790448	731000000	1000000	49975248922
1000000	1352036560	741000000	1000000	49226851347
1000000	1370282656	751000000	1000000	23888268535
1000000	1388528768	761000000	1000000	25625713533
1000000	1406774864	771000000	1000000	56814063867
1000000	1425020960	781000000	1000000	9144765236
1000000	1443267072	791000000	1000000	4727571592
1000000	1461513168	801000000	1000000	4557072991
1000000	147793824	81000000	1000000	3524558667
1000000	1479759264	811000000	1000000	4475217365
1000000	1498005376	821000000	1000000	4474168024
1000000	1516251472	831000000	1000000	5738242501
1000000	1534497584	841000000	1000000	7475060279
1000000	1552743680	851000000	1000000	9256387585
1000000	1570989776	861000000	1000000	10101231262
1000000	1589235888	871000000	1000000	20837242736
1000000	1607481984	881000000	1000000	40775310670
1000000	1625728096	891000000	1000000	24512593864
1000000	1643974192	901000000	1000000	29161979437
1000000	166039920	91000000	1000000	3957700109
1000000	1662220288	911000000	1000000	44235020102
1000000	1680466400	921000000	1000000	51823937854
1000000	1698712496	931000000	1000000	51423303355
1000000	1716958592	941000000	1000000	74758358498
1000000	1735204704	951000000	1000000	118132667533
1000000	1753450800	961000000	1000000	169765278908
1000000	1771696912	971000000	1000000	209029358784
1000000	1789943008	981000000	1000000	205303257078
1000000	1808189104	991000000	1000000	221468802371
100000	182848	100000	101482	659055100
100000	18428960	10100000	100000	288624292
100000	2007456	1100000	100000	254364088
100000	20253568	11100000	100000	289711464
100000	22078176	12100000	100000	289942052
100000	23902784	13100000	100000	290872825
100000	25727392	14100000	100000	290743829
100000	27552000	15100000	100000	291384219
100000	29376624	16100000	100000	291849264
100000	31201232	17100000	100000	292429611
100000	33025840	18100000	100000	293229191
100000	34850448	19100000	100000	292892357
100000	36675056	20100000	100000	293019130
100000	3832080	2100000	100000	266165427
100000	38499664	21100000	100000	293129923
100000	40324272	22100000	100000	293866304
100000	42148880	23100000	100000	294228451
100000	43973504	24100000	100000	294232029
100000	45798112	25100000	100000	294524714
100000	47622720	26100000	100000	294214909
100000	49447328	27100000	100000	294322952
100000	51271936	28100000	100000	294710823
100000	53096544	29100000	100000	294700353
100000	54921152	30100000	100000	294921642
100000	5656688	3100000	100000	272877340
100000	56745776	31100000	100000	294939583
100000	58570384	32100000	100000	295000443
100000	60394992	33100000	100000	295316999
100000	62219600	34100000	100000	295183533
100000	64044208	35100000	100000	295361506
100000	65868816	36100000	100000	295578086
100000	67693424	37100000	100000	295506047
100000	69518048	38100000	100000	295758338
100000	71342656	39100000	100000	295633426
100000	73167264	40100000	100000	295935460
100000	7481296	4100000	100000	278218384
100000	74991872	41100000	100000	295817722
100000	76816480	42100000	100000	296064812
100000	78641088	43100000	100000	295953467
100000	80465696	44100000	100000	295975601
100000	82290320	45100000	100000	296091324
100000	84114928	46100000	100000	296531897
100000	85939536	47100000	100000	296271348
100000	87764144	48100000	100000	296834124
100000	89588752	49100000	100000	297499051
100000	91413360	50100000	100000	296175634
100000	9305904	5100000	100000	282554659
100000	93237968	51100000	100000	296800224
100000	95062576	52100000	100000	296681834
100000	96887200	53100000	100000	297043562
100000	98711808	54100000	100000	296976449
100000	100536416	55100000	100000	296850205
100000	102361024	56100000	100000	296829324
100000	104185632	57100000	100000	296822682
100000	106010240	58100000	100000	296994568
100000	107834848	59100000	100000	297222638
100000	109659472	60100000	100000	296943000
100000	11130512	6100000	100000	284010052
100000	111484080	61100000	100000	296930063
100000	113308688	62100000	100000	297541922
100000	115133296	63100000	100000	296921882
100000	116957904	64100000	100000	296861653
100000	118782512	65100000	100000	297364929
100000	120607120	66100000	100000	297373827
100000	122431744	67100000	100000	296951748
100000	124256352	68100000	100000	297032082
100000	126080960	69100000	100000	297287136
100000	127905568	70100000	100000	297655245
100000	12955120	7100000	100000	286376345
100000	129730176	71100000	100000	297626209
100000	131554784	72100000	100000	297788010
100000	133379392	73100000	100000	297893776
100000	135204016	74100000	100000	297827278
100000	137028624	75100000	100000	297810613
100000	138853232	76100000	100000	297481091
100000	140677840	77100000	100000	297664774
100000	142502448	78100000	100000	297629499
100000	144327056	79100000	100000	297982032
100000	146151664	80100000	100000	297881246
100000	14779728	8100000	100000	310354126
100000	147976272	81100000	100000	297936567
100000	149800896	82100000	100000	297891804
100000	151625504	83100000	100000	297358333
100000	153450112	84100000	100000	297928499
100000	155274720	85100000	100000	297871803
100000	157099328	86100000	100000	297875209
100000	158923936	87100000	100000	297636899
100000	160748544	88100000	100000	297894116
100000	162573168	89100000	100000	297724584
100000	164397776	90100000	100000	297807053
100000	16604352	9100000	100000	287620240
100000	166222384	91100000	100000	298022489
100000	168046992	92100000	100000	298221115
100000	169871600	93100000	100000	298042377
100000	171696208	94100000	100000	297765002
100000	173520816	95100000	100000	297930556
100000	175345440	96100000	100000	298143107
100000	177170048	97100000	100000	298042830
100000	178994656	98100000	100000	298116699
100000	180819264	99100000	100000	297960503
200000	182826336	100200000	200000	601727642
200000	18611408	10200000	200000	584270090
200000	186475552	102200000	200000	601682572
200000	190124768	104200000	200000	601949179
200000	193774000	106200000	200000	602548477
200000	197423216	108200000	200000	601664436
200000	201072432	110200000	200000	602659340
200000	204721664	112200000	200000	602723697
200000	208370880	114200000	200000	602670197
200000	212020096	116200000	200000	602657920
200000	215669312	118200000	200000	602288381
200000	219318544	120200000	200000	603347937
200000	22260640	12200000	200000	586853408
200000	222967760	122200000	200000	602817135
200000	226616976	124200000	200000	603101076
200000	230266208	126200000	200000	603281819
200000	233915424	128200000	200000	603152001
200000	237564640	130200000	200000	602857408
200000	241213856	132200000	200000	603262745
200000	244863088	134200000	200000	603174187
200000	248512304	136200000	200000	603443432
200000	252161520	138200000	200000	603572431
200000	255810736	140200000	200000	603166051
200000	25909856	14200000	200000	588458387
200000	259459968	142200000	200000	603342800
200000	263109184	144200000	200000	603701850
200000	266758400	146200000	200000	603617150
200000	270407632	148200000	200000	603322887
200000	274056848	150200000	200000	604050435
200000	277706064	152200000	200000	602841927
200000	281355280	154200000	200000	603071182
200000	285004512	156200000	200000	602799804
200000	288653728	158200000	200000	602529040
200000	292302944	160200000	200000	602932002
200000	29559072	16200000	200000	589389966
200000	295952160	162200000	200000	603693990
200000	299601392	164200000	200000	603443834
200000	303250608	166200000	200000	603658037
200000	306899824	168200000	200000	603856621
200000	310549056	170200000	200000	603692757
200000	314198272	172200000	200000	603186947
200000	317847488	174200000	200000	603522942
200000	321496704	176200000	200000	604021087
200000	325145936	178200000	200000	604808356
200000	328795152	180200000	200000	603970432
200000	33208304	18200000	200000	591318288
200000	332444368	182200000	200000	603877154
200000	336093600	184200000	200000	605239641
200000	339742816	186200000	200000	603527618
200000	343392032	188200000	200000	604591663
200000	347041248	190200000	200000	603715806
200000	350690480	192200000	200000	604174092
200000	354339696	194200000	200000	603853616
200000	357988912	196200000	200000	604089240
200000	361638128	198200000	200000	603749635
200000	365312	200000	203072	474060599
200000	36857520	20200000	200000	592821241
200000	4014528	2200000	200000	540035722
200000	40506736	22200000	200000	594031586
200000	44155952	24200000	200000	594213243
200000	47805184	26200000	200000	594617773
200000	51454400	28200000	200000	595242319
200000	55103616	30200000	200000	595785576
200000	58752848	32200000	200000	595861555
200000	62402064	34200000	200000	596809793
200000	66051280	36200000	200000	597549578
200000	69700496	38200000	200000	597023551
200000	73349728	40200000	200000	597776463
200000	7663760	4200000	200000	563576415
200000	76998944	42200000	200000	597936707
200000	80648160	44200000	200000	597922899
200000	84297376	46200000	200000	598655792
200000	87946608	48200000	200000	598743422
200000	91595824	50200000	200000	599027762
200000	95245040	52200000	200000	600331401
200000	98894272	54200000	200000	599644949
200000	102543488	56200000	200000	599460664
200000	106192704	58200000	200000	599697688
200000	109841920	60200000	200000	600129266
200000	11312976	6200000	200000	574554294
200000	113491152	62200000	200000	600185296
200000	117140368	64200000	200000	600666670
200000	120789584	66200000	200000	600215497
200000	124438816	68200000	200000	600481036
200000	128088032	70200000	200000	600102913
200000	131737248	72200000	200000	601204641
200000	135386464	74200000	200000	600715593
200000	139035696	76200000	200000	601411938
200000	142684912	78200000	200000	600821537
200000	146334128	80200000	200000	601067493
200000	14962192	8200000	200000	580909406
200000	149983344	82200000	200000	601166505
200000	153632576	84200000	200000	601676947
200000	157281792	86200000	200000	601029329
200000	160931008	88200000	200000	602006704
200000	164580240	90200000	200000	602821388
200000	168229456	92200000	200000	602913670
200000	171878672	94200000	200000	602412121
200000	175527888	96200000	200000	601392357
200000	179177120	98200000	200000	601694157
300000	186658016	102300000	300000	911490366
300000	192131840	105300000	300000	911419368
300000	197605680	108300000	300000	911617942
300000	203079504	111300000	300000	911773652
300000	208553344	114300000	300000	911984863
300000	214027168	117300000	300000	911877455
300000	219500992	120300000	300000	910860833
300000	22443104	12300000	300000	887736432
300000	224974832	123300000	300000	913060771
300000	230448656	126300000	300000	913022671
300000	235922496	129300000	300000	912366310
300000	241396320	132300000	300000	912459036
300000	246870160	135300000	300000	912536514
300000	252343984	138300000	300000	913757509
300000	257817808	141300000	300000	913451430
300000	263291648	144300000	300000	913020571
300000	268765472	147300000	300000	913052890
300000	274239312	150300000	300000	911889456
300000	27916928	15300000	300000	893355459
300000	279713136	153300000	300000	911949725
300000	285186960	156300000	300000	912577788
300000	290660800	159300000	300000	913143799
300000	296134624	162300000	300000	913139163
300000	301608464	165300000	300000	1091452579
300000	307082288	168300000	300000	1038133242
300000	312556128	171300000	300000	1041449865
300000	318029952	174300000	300000	1038682812
300000	323503776	177300000	300000	1043602236
300000	328977616	180300000	300000	1039228916
300000	33390752	18300000	300000	895071029
300000	334451440	183300000	300000	1058162933
300000	339925280	186300000	300000	1042347670
300000	345399104	189300000	300000	1053677203
300000	350872928	192300000	300000	1049074236
300000	356346768	195300000	300000	1037507599
300000	361820592	198300000	300000	1052664123
300000	367294432	201300000	300000	1048425033
300000	372768256	204300000	300000	1042078330
300000	378242096	207300000	300000	1044426999
300000	383715920	210300000	300000	1052149548
300000	38864592	21300000	300000	898419199
300000	389189744	213300000	300000	1048807114
300000	394663584	216300000	300000	1047235024
300000	400137408	219300000	300000	1059428226
300000	405611248	222300000	300000	1053516517
300000	411085072	225300000	300000	1059850049
300000	416558896	228300000	300000	1052902450
300000	422032736	231300000	300000	1056894477
300000	427506560	234300000	300000	1054234839
300000	432980400	237300000	300000	1063824447
300000	438454224	240300000	300000	1064280249
300000	44338416	24300000	300000	898806721
300000	443928048	243300000	300000	1062691505
300000	449401888	246300000	300000	1345088040
300000	454875712	249300000	300000	1288174416
300000	460349552	252300000	300000	1295752306
300000	465823376	255300000	300000	1293438183
300000	471297216	258300000	300000	1331033982
300000	476771040	261300000	300000	1109292201
300000	482244864	264300000	300000	1018047469
300000	487718704	267300000	300000	1016864153
300000	493192528	270300000	300000	1023529219
300000	49812256	27300000	300000	899800376
300000	498666368	273300000	300000	1020032283
300000	504140192	276300000	300000	1016682140
300000	509614016	279300000	300000	1026904407
300000	515087856	282300000	300000	1032466431
300000	520561680	285300000	300000	1019303741
300000	526035520	288300000	300000	1021576032
300000	531509344	291300000	300000	1021579554
300000	536983184	294300000	300000	1022178754
300000	542457008	297300000	300000	1022128443
300000	547776	300000	304558	721617093
300000	55286080	30300000	300000	902203827
300000	6021600	3300000	300000	841839345
300000	60759904	33300000	300000	903515351
300000	66233744	36300000	300000	904114772
300000	71707568	39300000	300000	904112411
300000	77181408	42300000	300000	905778198
300000	82655232	45300000	300000	905318795
300000	88129072	48300000	300000	906050969
300000	93602896	51300000	300000	906730615
300000	99076720	54300000	300000	907384155
300000	104550560	57300000	300000	909422818
300000	110024384	60300000	300000	908347489
300000	11495440	6300000	300000	870920308
300000	115498224	63300000	300000	909710313
300000	120972048	66300000	300000	909964244
300000	126445872	69300000	300000	908476483
300000	131919712	72300000	300000	909058885
300000	137393536	75300000	300000	911776992
300000	142867376	78300000	300000	910510324
300000	148341200	81300000	300000	909307065
300000	153815040	84300000	300000	910903713
300000	159288864	87300000	300000	910519624
300000	164762688	90300000	300000	909918893
300000	16969264	9300000	300000	882137149
300000	170236528	93300000	300000	911720088
300000	175710352	96300000	300000	910945402
300000	181184192	99300000	300000	911188978
400000	183191264	100400000	400000	1211586008
400000	190489696	104400000	400000	1212119458
400000	197788144	108400000	400000	1211820896
400000	205086576	112400000	400000	1213097553
400000	212385024	116400000	400000	1215802337
400000	219683456	120400000	400000	1418128248
400000	22625552	12400000	400000	1311869245
400000	226981904	124400000	400000	1378212024
400000	234280336	128400000	400000	1361254747
400000	241578784	132400000	400000	1351112657
400000	248877232	136400000	400000	1343970686
400000	256175664	140400000	400000	1340230701
400000	263474112	144400000	400000	1357974090
400000	270772544	148400000	400000	1343146969
400000	278070992	152400000	400000	1339115836
400000	285369424	156400000	400000	1359328524
400000	292667872	160400000	400000	1357082514
400000	29924000	16400000	400000	1342989251
400000	299966304	164400000	400000	1342394252
400000	307264752	168400000	400000	1352057272
400000	314563184	172400000	400000	1339454194
400000	321861632	176400000	400000	1338533818
400000	329160080	180400000	400000	1343494188
400000	336458512	184400000	400000	1550212615
400000	343756960	188400000	400000	1557106948
400000	351055392	192400000	400000	1551510381
400000	358353840	196400000	400000	1574752908
400000	365652272	200400000	400000	1555246870
400000	37222448	20400000	400000	1191151750
400000	372950720	204400000	400000	1582801878
400000	380249152	208400000	400000	1584973116
400000	387547600	212400000	400000	1557350537
400000	394846048	216400000	400000	1586868719
400000	402144480	220400000	400000	1586340056
400000	409442928	224400000	400000	1565935452
400000	416741360	228400000	400000	1595310829
400000	424039808	232400000	400000	1569306381
400000	431338240	236400000	400000	1593664769
400000	438636688	240400000	400000	1603623521
400000	44520880	24400000	400000	1195689452
400000	445935120	244400000	400000	1575162460
400000	453233568	248400000	400000	1575728800
400000	460532016	252400000	400000	1581776962
400000	467830448	256400000	400000	1585106362
400000	475128896	260400000	400000	1391750879
400000	482427328	264400000	400000	1561895228
400000	489725776	268400000	400000	1386254695
400000	497024208	272400000	400000	1387606087
400000	504322656	276400000	400000	1390394599
400000	511621088	280400000	400000	1393689925
400000	51819328	28400000	400000	1197856827
400000	518919536	284400000	400000	1399913160
400000	526217984	288400000	400000	1393971867
400000	533516416	292400000	400000	1398428294
400000	540814864	296400000	400000	1396221597
400000	548113296	300400000	400000	1610254919
400000	555411744	304400000	400000	1609388188
400000	562710176	308400000	400000	1338281498
400000	570008624	312400000	400000	1332858880
400000	577307056	316400000	400000	1553680798
400000	584605504	320400000	400000	1581427663
400000	59117760	32400000	400000	1199157101
400000	591903936	324400000	400000	1551782568
400000	599202384	328400000	400000	1557054503
400000	606500832	332400000	400000	1553528037
400000	613799264	336400000	400000	1556512338
400000	621097712	340400000	400000	1564556674
400000	628396144	344400000	400000	1561543638
400000	635694592	348400000	400000	1561764787
400000	642993024	352400000	400000	1566750363
400000	650291472	356400000	400000	1559271413
400000	657589904	360400000	400000	1571211653
400000	66416208	36400000	400000	1201696884
400000	664888352	364400000	400000	1564947421
400000	672186800	368400000	400000	1558917446
400000	679485232	372400000	400000	1562326757
400000	686783680	376400000	400000	1557452382
400000	694082112	380400000	400000	1565218864
400000	701380560	384400000	400000	1568996110
400000	708678992	388400000	400000	1577939033
400000	715977440	392400000	400000	1578330983
400000	723275872	396400000	400000	1569554139
400000	730240	400000	406096	1064186093
400000	73714640	40400000	400000	1203721286
400000	8028672	4400000	400000	1231419896
400000	81013088	44400000	400000	1205873697
400000	88311520	48400000	400000	1206597435
400000	95609968	52400000	400000	1205290930
400000	102908400	56400000	400000	1208344899
400000	110206848	60400000	400000	1209405539
400000	117505296	64400000	400000	1207685622
400000	124803728	68400000	400000	1209867066
400000	132102176	72400000	400000	1210311599
400000	139400608	76400000	400000	1209810122
400000	146699056	80400000	400000	1208995792
400000	15327120	8400000	400000	1271199017
400000	153997488	84400000	400000	1209559037
400000	161295936	88400000	400000	1211440133
400000	168594368	92400000	400000	1212593317
400000	175892816	96400000	400000	1212107675
500000	183373712	100500000	500000	1702575874
500000	19158800	10500000	500000	1560310772
500000	192496768	105500000	500000	1687910053
500000	201619824	110500000	500000	1698001401
500000	210742864	115500000	500000	1687769615
500000	219865920	120500000	500000	1685836638
500000	228988976	125500000	500000	1700778312
500000	238112032	130500000	500000	1698294947
500000	247235072	135500000	500000	1680902878
500000	256358128	140500000	500000	1681605131
500000	265481184	145500000	500000	1679838826
500000	274604224	150500000	500000	1671960469
500000	28281856	15500000	500000	1577043051
500000	283727280	155500000	500000	1692112794
500000	292850336	160500000	500000	2697019076
500000	301973376	165500000	500000	1681473560
500000	311096432	170500000	500000	1916807863
500000	320219488	175500000	500000	1886122479
500000	329342528	180500000	500000	1850413956
500000	338465584	185500000	500000	1866092270
500000	347588640	190500000	500000	1872384832
500000	356711680	195500000	500000	1874180439
500000	365834736	200500000	500000	1875721042
500000	37404896	20500000	500000	1578654809
500000	374957792	205500000	500000	1869655705
500000	384080848	210500000	500000	1886627540
500000	393203888	215500000	500000	1874040285
500000	402326944	220500000	500000	1893724116
500000	411450000	225500000	500000	1890770379
500000	420573040	230500000	500000	1902080965
500000	429696096	235500000	500000	2172046017
500000	438819152	240500000	500000	2077246042
500000	447942192	245500000	500000	2094080129
500000	457065248	250500000	500000	2094335543
500000	46527952	25500000	500000	1586361618
500000	466188304	255500000	500000	2154993559
500000	475311344	260500000	500000	1930785734
500000	484434400	265500000	500000	1831558399
500000	493557456	270500000	500000	1852867080
500000	502680512	275500000	500000	1835215851
500000	511803552	280500000	500000	1837236492
500000	520926608	285500000	500000	1845117583
500000	530049664	290500000	500000	1852811980
500000	539172704	295500000	500000	1847719725
500000	548295760	300500000	500000	1851846579
500000	55651008	30500000	500000	1604988281
500000	557418816	305500000	500000	1849866514
500000	566541856	310500000	500000	1853650171
500000	575664912	315500000	500000	1850118667
500000	584787968	320500000	500000	1853182313
500000	593911008	325500000	500000	1851678555
500000	603034064	330500000	500000	1857172702
500000	612157120	335500000	500000	1855246717
500000	621280176	340500000	500000	1871356760
500000	630403216	345500000	500000	2113662148
500000	639526272	350500000	500000	1896669114
500000	64774048	35500000	500000	1634855430
500000	648649328	355500000	500000	1919018178
500000	657772368	360500000	500000	1940780880
500000	666895424	365500000	500000	2002409481
500000	676018480	370500000	500000	1995671339
500000	685141520	375500000	500000	1985867800
500000	694264576	380500000	500000	1948162527
500000	703387632	385500000	500000	2011324264
500000	712510672	390500000	500000	2095534426
500000	721633728	395500000	500000	2037219294
500000	730756784	400500000	500000	2453380243
500000	73897104	40500000	500000	2427859303
500000	739879824	405500000	500000	9865359668
500000	749002880	410500000	500000	8964371709
500000	758125936	415500000	500000	6890497267
500000	767248992	420500000	500000	15313027756
500000	776372032	425500000	500000	8542468020
500000	785495088	430500000	500000	18347391476
500000	794618144	435500000	500000	14570882631
500000	803741184	440500000	500000	8466062493
500000	812864240	445500000	500000	17188680689
500000	821987296	450500000	500000	6179651022
500000	83020160	45500000	500000	3900531831
500000	831110336	455500000	500000	6818041500
500000	840233392	460500000	500000	2021423945
500000	849356448	465500000	500000	2089494072
500000	858479488	470500000	500000	6742336910
500000	867602544	475500000	500000	9119229801
500000	876725600	480500000	500000	9858877172
500000	885848656	485500000	500000	11899680994
500000	894971696	490500000	500000	21077815902
500000	904094752	495500000	500000	17881903258
500000	912704	500000	507726	1320963663
500000	92143200	50500000	500000	2001592528
500000	10035744	5500000	500000	1525948216
500000	101266256	55500000	500000	1694640385
500000	110389312	60500000	500000	1689827914
500000	119512368	65500000	500000	1693094213
500000	128635408	70500000	500000	1693463941
500000	137758464	75500000	500000	1700941188
500000	146881520	80500000	500000	1695363027
500000	156004560	85500000	500000	1703328529
500000	165127616	90500000	500000	1691867245
500000	174250672	95500000	500000	1691420147
600000	187205392	102600000	600000	2066760764
600000	198153056	108600000	600000	2050969050
600000	209100720	114600000	600000	2009801869
600000	220048384	120600000	600000	2005427579
600000	22990480	12600000	600000	2078133179
600000	230996048	126600000	600000	2004154029
600000	241943712	132600000	600000	2009966253
600000	252891360	138600000	600000	2007498364
600000	263839024	144600000	600000	2013244940
600000	274786688	150600000	600000	3416329926
600000	285734352	156600000	600000	2289149449
600000	296682016	162600000	600000	2250339117
600000	307629680	168600000	600000	2236501428
600000	318577328	174600000	600000	2219893610
600000	329524992	180600000	600000	2246614619
600000	33938144	18600000	600000	2086027099
600000	340472656	186600000	600000	2228890129
600000	351420320	192600000	600000	2238021085
600000	362367984	198600000	600000	2246977732
600000	373315648	204600000	600000	2257422561
600000	384263296	210600000	600000	2281878709
600000	395210960	216600000	600000	2272524666
600000	406158624	222600000	600000	2300442223
600000	417106288	228600000	600000	2517263614
600000	428053952	234600000	600000	2499716891
600000	439001616	240600000	600000	2508154389
600000	44885808	24600000	600000	2038406923
600000	449949264	246600000	600000	2547172205
600000	460896928	252600000	600000	3113615023
600000	471844592	258600000	600000	2559430869
600000	482792256	264600000	600000	2264567522
600000	493739920	270600000	600000	2715492814
600000	504687568	276600000	600000	2348562501
600000	515635232	282600000	600000	2311143013
600000	526582896	288600000	600000	2371481372
600000	537530560	294600000	600000	2507522745
600000	548478224	300600000	600000	2333974521
600000	55833472	30600000	600000	2827078983
600000	559425888	306600000	600000	2290660963
600000	570373536	312600000	600000	2285561262
600000	581321200	318600000	600000	2275141451
600000	592268864	324600000	600000	2296306323
600000	603216528	330600000	600000	2795614115
600000	614164192	336600000	600000	2301861656
600000	625111856	342600000	600000	2598077840
600000	636059504	348600000	600000	2417824172
600000	647007168	354600000	600000	2794420361
600000	657954832	360600000	600000	2287001607
600000	66781120	36600000	600000	6168659940
600000	668902496	366600000	600000	2378631880
600000	679850160	372600000	600000	3082859717
600000	690797824	378600000	600000	2395492503
600000	701745472	384600000	600000	4710480915
600000	712693136	390600000	600000	3706307157
600000	723640800	396600000	600000	4152594049
600000	734588464	402600000	600000	2543301954
600000	745536128	408600000	600000	2835490872
600000	756483792	414600000	600000	3503493662
600000	767431440	420600000	600000	10619301970
600000	77728784	42600000	600000	3547829007
600000	778379104	426600000	600000	2377512022
600000	789326768	432600000	600000	2299827449
600000	800274432	438600000	600000	2601227369
600000	811222096	444600000	600000	2413911720
600000	822169760	450600000	600000	2387077536
600000	833117408	456600000	600000	2703469213
600000	844065072	462600000	600000	12348852900
600000	855012736	468600000	600000	22489969104
600000	865960400	474600000	600000	20243637391
600000	876908064	480600000	600000	6557525401
600000	88676448	48600000	600000	3204965113
600000	887855712	486600000	600000	14689455235
600000	898803376	492600000	600000	43374689992
600000	909751040	498600000	600000	43150993155
600000	920698704	504600000	600000	44390251227
600000	931646368	510600000	600000	45292258916
600000	942594032	516600000	600000	43058657917
600000	953541680	522600000	600000	5410873116
600000	964489344	528600000	600000	3492836139
600000	975437008	534600000	600000	2161506847
600000	986384672	540600000	600000	2257068216
600000	99624112	54600000	600000	3133442550
600000	997332336	546600000	600000	4867897926
600000	1008280000	552600000	600000	13252844550
600000	1019227648	558600000	600000	14938178994
600000	1030175312	564600000	600000	2786939108
600000	1041122976	570600000	600000	4446880774
600000	1052070640	576600000	600000	2875268821
600000	1063018304	582600000	600000	7365570427
600000	1073965968	588600000	1086996	3729500872
600000	1084913616	594600000	600000	14535790541
600000	1095152	600000	609070	7271424715
600000	110571776	60600000	600000	2356283945
600000	12042816	6600000	600000	2818003846
600000	121519424	66600000	600000	2338075735
600000	132467088	72600000	600000	4412353111
600000	143414752	78600000	600000	3025728729
600000	154362416	84600000	600000	4370980874
600000	165310080	90600000	600000	2141535145
600000	176257744	96600000	600000	2187158190
700000	192861696	105700000	700000	2485568471
700000	205633968	112700000	700000	2353923188
700000	218406240	119700000	700000	2353744156
700000	231178512	126700000	700000	2566356856
700000	243950784	133700000	700000	2705850287
700000	256723056	140700000	700000	2565086032
700000	26822160	14700000	700000	2337320784
700000	269495312	147700000	700000	2572427353
700000	282267584	154700000	700000	2584459204
700000	295039856	161700000	700000	2609450046
700000	307812128	168700000	700000	2613088365
700000	320584400	175700000	700000	2584819689
700000	333356672	182700000	700000	3063502748
700000	346128944	189700000	700000	2920295284
700000	358901216	196700000	700000	2910117191
700000	371673488	203700000	700000	6099582229
700000	384445760	210700000	700000	2862235749
700000	39594432	21700000	700000	2329587231
700000	397218032	217700000	700000	2818424652
700000	409990304	224700000	700000	2851349483
700000	422762576	231700000	700000	2819471097
700000	435534848	238700000	700000	2839401001
700000	448307120	245700000	700000	2833788621
700000	461079392	252700000	700000	2870180335
700000	473851664	259700000	700000	2679482989
700000	486623936	266700000	700000	2607440904
700000	499396208	273700000	700000	2869160509
700000	512168480	280700000	700000	2854796386
700000	52366704	28700000	700000	2336041315
700000	524940752	287700000	700000	3191167379
700000	537713024	294700000	700000	2872176798
700000	550485296	301700000	700000	2862186652
700000	563257568	308700000	700000	2852527903
700000	576029840	315700000	700000	2877311213
700000	588802112	322700000	700000	2868865214
700000	601574384	329700000	700000	2857327627
700000	614346656	336700000	700000	2852825146
700000	627118928	343700000	700000	2837438374
700000	639891200	350700000	700000	2849662929
700000	65138976	35700000	700000	2338196700
700000	652663456	357700000	700000	2829768764
700000	665435728	364700000	700000	2828635437
700000	678208000	371700000	700000	2861919598
700000	690980272	378700000	700000	2819932774
700000	703752544	385700000	700000	2840116606
700000	716524816	392700000	700000	2957339018
700000	729297088	399700000	700000	14506777769
700000	742069360	406700000	700000	8252908055
700000	754841632	413700000	700000	3040381611
700000	767613904	420700000	700000	2982028494
700000	77911248	42700000	700000	2342241840
700000	780386176	427700000	700000	3231258586
700000	793158448	434700000	700000	2900707199
700000	805930720	441700000	700000	3237770773
700000	818702992	448700000	700000	3154991128
700000	831475264	455700000	700000	5938625405
700000	844247536	462700000	700000	44543429774
700000	857019808	469700000	700000	53494498086
700000	869792080	476700000	700000	53312063795
700000	882564352	483700000	700000	66240425774
700000	895336624	490700000	700000	35153136463
700000	90683520	49700000	700000	2426151513
700000	908108896	497700000	700000	53294249525
700000	920881168	504700000	700000	48091363223
700000	933653440	511700000	700000	51105760045
700000	946425712	518700000	700000	4388722684
700000	959197984	525700000	700000	2541258213
700000	971970256	532700000	700000	3497637838
700000	984742528	539700000	700000	3197320319
700000	997514800	546700000	700000	8835742103
700000	1010287072	553700000	700000	15255370050
700000	1023059344	560700000	700000	22317168114
700000	103455792	56700000	700000	2519170161
700000	1035831600	567700000	700000	15179295969
700000	1048603872	574700000	700000	5637457595
700000	1061376144	581700000	700000	3293196287
700000	1074148416	588700000	951526	20807527145
700000	1086920688	595700000	700000	25193815996
700000	1099692960	602700000	700000	4549993544
700000	1112465232	609700000	700000	3655067557
700000	1125237504	616700000	700000	3415750733
700000	1138009776	623700000	700000	3445761641
700000	1150782048	630700000	700000	3598762352
700000	116228064	63700000	700000	2490457449
700000	1163554320	637700000	700000	3422380946
700000	1176326592	644700000	700000	3952169428
700000	1189098864	651700000	700000	3905873234
700000	1201871136	658700000	700000	9048713961
700000	1214643408	665700000	700000	14703452048
700000	1227415680	672700000	700000	30831900992
700000	1240187952	679700000	700000	23042466512
700000	1252960224	686700000	700000	39455880971
700000	1265732496	693700000	700000	17117331281
700000	1277616	700000	710726	10042692241
700000	129000336	70700000	700000	2518911547
700000	14049888	7700000	700000	2802878543
700000	141772608	77700000	700000	2617778482
700000	154544880	84700000	700000	2693646975
700000	167317152	91700000	700000	2631454915
700000	180089424	98700000	700000	2556201228
800000	191219536	104800000	800000	4153276916
800000	205816416	112800000	800000	2860888424
800000	220413312	120800000	800000	2915218652
800000	235010192	128800000	800000	2901081490
800000	249607072	136800000	800000	2970121404
800000	264203952	144800000	800000	2944124153
800000	278800832	152800000	800000	2946715411
800000	293397712	160800000	800000	2944628778
800000	30653840	16800000	800000	3911833765
800000	307994592	168800000	800000	3796058036
800000	322591472	176800000	800000	3185662937
800000	337188352	184800000	800000	3210187403
800000	351785248	192800000	800000	8501555761
800000	366382128	200800000	800000	3148592836
800000	380979008	208800000	800000	3136116410
800000	395575888	216800000	800000	3153313547
800000	410172768	224800000	800000	3149912142
800000	424769648	232800000	800000	3151409355
800000	439366528	240800000	800000	3209463464
800000	45250720	24800000	800000	3205394135
800000	453963408	248800000	800000	3200590959
800000	468560288	256800000	800000	3202483208
800000	483157168	264800000	800000	3164576306
800000	497754064	272800000	800000	3180424360
800000	512350944	280800000	800000	3186314895
800000	526947824	288800000	800000	3188192222
800000	541544704	296800000	800000	3199188166
800000	556141584	304800000	800000	3208218165
800000	570738464	312800000	800000	3326184228
800000	585335344	320800000	800000	3169849540
800000	59847600	32800000	800000	2987924799
800000	599932224	328800000	800000	3194495281
800000	614529104	336800000	800000	3175137281
800000	629125984	344800000	800000	3164374824
800000	643722880	352800000	800000	4316370095
800000	658319760	360800000	800000	3188415790
800000	672916640	368800000	800000	3191045539
800000	687513520	376800000	800000	3149591358
800000	702110400	384800000	800000	3189774588
800000	716707280	392800000	800000	3154803461
800000	731304160	400800000	800000	3331976066
800000	74444496	40800000	800000	2988931798
800000	745901040	408800000	800000	13864475399
800000	760497920	416800000	800000	17519462551
800000	775094816	424800000	800000	7263962180
800000	789691696	432800000	800000	13057693590
800000	804288576	440800000	800000	26305521175
800000	818885456	448800000	800000	20082838007
800000	833482336	456800000	800000	27014437921
800000	848079216	464800000	800000	34688515214
800000	862676096	472800000	800000	31474388330
800000	877272976	480800000	800000	35651449741
800000	89041376	48800000	800000	2851278861
800000	891869856	488800000	800000	27261382855
800000	906466736	496800000	800000	31970163219
800000	921063632	504800000	800000	38662040052
800000	935660512	512800000	800000	63080466924
800000	950257392	520800000	800000	5176703119
800000	964854272	528800000	800000	11528306550
800000	979451152	536800000	800000	4457089576
800000	994048032	544800000	800000	2768013980
800000	1008644912	552800000	800000	13518715262
800000	1023241792	560800000	800000	14505562689
800000	103638256	56800000	800000	2829709931
800000	1037838672	568800000	800000	10150681658
800000	1052435568	576800000	800000	13203125707
800000	1067032448	584800000	800026	13375831645
800000	1081629328	592800000	800008	11781514372
800000	1096226208	600800000	800000	16667418216
800000	1110823088	608800000	800000	16503712295
800000	1125419968	616800000	800000	17639820185
800000	1140016848	624800000	800000	34578513945
800000	1154613728	632800000	800000	23775334706
800000	1169210608	640800000	800000	6004107012
800000	118235136	64800000	800000	2746834308
800000	1183807488	648800000	800000	4566665846
800000	1198404384	656800000	800000	4543576375
800000	1213001264	664800000	800000	4411536333
800000	1227598144	672800000	800000	6974353582
800000	1242195024	680800000	800000	4006161427
800000	1256791904	688800000	800000	12186505979
800000	1271388784	696800000	800000	22540515639
800000	1285985664	704800000	800000	22611779393
800000	1300582544	712800000	800000	27645432041
800000	1315179424	720800000	800000	31539292298
800000	132832016	72800000	800000	2749412912
800000	1329776320	728800000	800000	47452955254
800000	1344373200	736800000	800000	51052544948
800000	1358970080	744800000	800000	34475057673
800000	1373566960	752800000	800000	68276395302
800000	1388163840	760800000	800000	40653868976
800000	1402760720	768800000	800000	54084799526
800000	1417357600	776800000	800000	17962494574
800000	1431954480	784800000	800000	7451734523
800000	1446551360	792800000	800000	5911252937
800000	1460080	800000	812042	11161704391
800000	147428896	80800000	800000	2707757478
800000	16056960	8800000	800000	4989907868
800000	162025776	88800000	800000	2684892065
800000	176622656	96800000	800000	2722411821
900000	198700448	108900000	900000	3275325107
900000	215121936	117900000	900000	3594054134
900000	231543424	126900000	900000	3437322136
900000	247964912	135900000	900000	3442238572
900000	264386416	144900000	900000	3480663376
900000	280807904	153900000	900000	3501332713
900000	297229392	162900000	900000	3421341432
900000	313650880	171900000	900000	3422104994
900000	330072384	180900000	900000	3404649055
900000	34485520	18900000	900000	2924068894
900000	346493872	189900000	900000	3437657289
900000	362915360	198900000	900000	3474560677
900000	379336848	207900000	900000	3727387497
900000	395758352	216900000	900000	3723189421
900000	412179840	225900000	900000	3750527645
900000	428601328	234900000	900000	3753731588
900000	445022816	243900000	900000	3733612177
900000	461444320	252900000	900000	3784958621
900000	477865808	261900000	900000	3467933558
900000	494287296	270900000	900000	3564518602
900000	50907024	27900000	900000	2963366074
900000	510708784	279900000	900000	3594026492
900000	527130288	288900000	900000	3507317872
900000	543551776	297900000	900000	3600001245
900000	559973264	306900000	900000	3538428232
900000	576394752	315900000	900000	3625253935
900000	592816256	324900000	900000	3478406317
900000	609237744	333900000	900000	3637063494
900000	625659232	342900000	900000	3462099733
900000	642080720	351900000	900000	3468796764
900000	658502224	360900000	900000	3546889780
900000	67328512	36900000	900000	3058849393
900000	674923712	369900000	900000	3460091568
900000	691345200	378900000	900000	3470160780
900000	707766688	387900000	900000	3498563069
900000	724188176	396900000	900000	11634707835
900000	740609680	405900000	900000	19573281020
900000	757031168	414900000	900000	18541801291
900000	773452656	423900000	900000	6326786585
900000	789874144	432900000	900000	4667276550
900000	806295648	441900000	900000	8820665522
900000	822717136	450900000	900000	12517820701
900000	83750000	45900000	900000	3013212146
900000	839138624	459900000	900000	17679935717
900000	855560112	468900000	900000	14536908239
900000	871981616	477900000	900000	39017265890
900000	888403104	486900000	900000	25530984852
900000	904824592	495900000	900000	19655368655
900000	921246080	504900000	900000	36138112235
900000	937667584	513900000	900000	28093152097
900000	954089072	522900000	900000	17376711110
900000	970510560	531900000	900000	15598941422
900000	986932048	540900000	900000	15842027532
900000	100171488	54900000	900000	3109339218
900000	1003353552	549900000	900000	29345980630
900000	1019775040	558900000	900000	11786889880
900000	1036196528	567900000	900000	21059660906
900000	1052618016	576900000	900000	9973068099
900000	1069039520	585900000	900198	49072973194
900000	1085461008	594900000	900002	37156143156
900000	1101882496	603900000	900000	22507281984
900000	1118303984	612900000	900000	36174615801
900000	1134725488	621900000	900000	30501848593
900000	1151146976	630900000	900000	29280984037
900000	116592992	63900000	900000	3392633427
900000	1167568464	639900000	900000	6074967590
900000	1183989952	648900000	900000	5635773174
900000	1200411456	657900000	900000	4535076244
900000	1216832944	666900000	900000	4608687700
900000	1233254432	675900000	900000	4489340101
900000	1249675920	684900000	900000	11273120398
900000	1266097424	693900000	900000	17973500974
900000	1282518912	702900000	900000	31048520207
900000	1298940400	711900000	900000	37796999486
900000	1315361888	720900000	900000	53937285503
900000	133014480	72900000	900000	3225056807
900000	1331783376	729900000	900000	36670634879
900000	1348204880	738900000	900000	52878518651
900000	1364626368	747900000	900000	59841541041
900000	1381047856	756900000	900000	49798665967
900000	1397469344	765900000	900000	41310648412
900000	1413890848	774900000	900000	12043452881
900000	1430312336	783900000	900000	4184216715
900000	1446733824	792900000	900000	4301282338
900000	1463155312	801900000	900000	4523345517
900000	1479576816	810900000	900000	4660837370
900000	149435968	81900000	900000	3247962786
900000	1495998304	819900000	900000	4295318039
900000	1512419792	828900000	900000	5293958982
900000	1528841280	837900000	900000	9897259179
900000	1545262784	846900000	900000	5557413554
900000	1561684272	855900000	900000	11242790503
900000	1578105760	864900000	900000	11808644874
900000	1594527248	873900000	900000	16277654490
900000	1610948752	882900000	900000	22967821133
900000	1627370240	891900000	900000	27942736018
900000	1642544	900000	913718	3402686226
900000	165857456	90900000	900000	3222183156
900000	18064032	9900000	900000	2869249819
900000	182278944	99900000	900000	3220540692
