<<<<<<< HEAD
=======
10000	706336	31277000	10000
1000	72992	39984000	1000
100	7712	17982000	100
2000	145184	136170000	2000
200	14624	9848000	200
3000	209184	88190000	3000
300	22048	21609000	300
4000	289568	20664000	4000
400	28448	12282000	400
5000	353568	15059000	5000
500	36896	21952000	500
6000	417568	17972000	6000
600	43296	35221000	600
7000	481568	23420000	7000
700	49696	20204000	700
8000	578336	24462000	8000
800	56096	23264000	800
9000	642336	28715000	9000
900	62496	15344000	900
>>>>>>> post
