10000	1783328	0
10000	14994800	10000
10000	14994800	10000
1000	1343032	0
1000	5014096	1000
1000	5014096	1000
2000	1343080	0
2000	4862936	2000
2000	4862936	2000
3000	1343080	0
3000	6185424	3000
3000	6185424	3000
4000	1343080	0
4000	7949904	4000
4000	7949904	4000
5000	1343080	0
5000	7949456	5000
5000	7949456	5000
6000	1343080	0
6000	9272088	6000
6000	9272088	6000
7000	1783456	0
7000	11034216	7000
7000	11034216	7000
8000	1783712	0
8000	12362248	8000
8000	12362248	8000
9000	1783712	0
9000	13671328	9000
9000	13671328	9000
10000	4873816	0
1000	2705520	0
2000	2219464	0
3000	2220800	0
4000	2663720	0
5000	3121368	0
6000	3545424	0
7000	3985864	0
8000	4425008	0
9000	4457616	0
10000	18083512	0
1000	4863864	0
2000	5302744	0
3000	6185144	0
4000	7949064	0
5000	9711688	0
6000	11033144	0
7000	12795232	0
8000	14559848	0
9000	16312160	0
