10000	1428784	100	0	347000
10000	1428784	1000	0	351000
10000	1428784	200	0	360000
10000	1428784	300	0	346000
10000	1428784	400	0	367000
10000	1428784	500	0	358000
10000	1428912	600	0	375000
10000	1428784	700	0	362000
10000	1428784	800	0	362000
10000	1428784	900	0	362000
1000	992560	100	0	38000
1000	992560	1000	0	37000
1000	992688	200	0	42000
1000	992560	300	0	40000
1000	992560	400	0	40000
1000	992560	500	0	64000
1000	992560	600	0	40000
1000	992560	700	0	39000
1000	992560	800	0	38000
1000	992816	900	0	40000
2000	992400	100	0	74000
2000	992400	1000	0	75000
2000	992400	200	0	77000
2000	992400	300	0	77000
2000	992400	400	0	77000
2000	992400	500	0	76000
2000	992400	600	0	76000
2000	992528	700	0	95000
2000	992400	800	0	76000
2000	992400	900	0	75000
3000	992656	100	0	108000
3000	992400	1000	0	110000
3000	992528	200	0	112000
3000	992400	300	0	111000
3000	992400	400	0	112000
3000	992400	500	0	109000
3000	992400	600	0	110000
3000	992528	700	0	113000
3000	992400	800	0	109000
3000	992528	900	0	110000
4000	992400	100	0	153000
4000	992528	1000	0	143000
4000	992784	200	0	180000
4000	992400	300	0	148000
4000	992528	400	0	141000
4000	992656	500	0	147000
4000	992400	600	0	147000
4000	992528	700	0	145000
4000	992400	800	0	157000
4000	992400	900	0	146000
5000	992400	100	0	183000
5000	992400	1000	0	175000
5000	992400	200	0	183000
5000	992400	300	0	176000
5000	992400	400	0	184000
5000	992400	500	0	177000
5000	992400	600	0	185000
5000	992400	700	0	185000
5000	992400	800	0	184000
5000	992400	900	0	183000
6000	992400	100	0	212000
6000	992400	1000	0	220000
6000	992400	200	0	219000
6000	992400	300	0	220000
6000	992400	400	0	213000
6000	992656	500	0	277000
6000	992400	600	0	223000
6000	992656	700	0	218000
6000	992400	800	0	231000
6000	992656	900	0	215000
7000	1428784	100	0	659000
7000	1428912	1000	0	294000
7000	1428784	200	0	320000
7000	1428784	300	0	247000
7000	1428784	400	0	255000
7000	1428912	500	0	254000
7000	1428784	600	0	258000
7000	1428784	700	0	241000
7000	1428784	800	0	257000
7000	1429296	900	0	255000
8000	1428784	100	0	317000
8000	1428912	1000	0	290000
8000	1428784	200	0	302000
8000	1428784	300	0	287000
8000	1429040	400	0	288000
8000	1428784	500	0	290000
8000	1428912	600	0	328000
8000	1428784	700	0	298000
8000	1428784	800	0	288000
8000	1428784	900	0	297000
9000	1428784	100	0	332000
9000	1428784	1000	0	328000
9000	1428784	200	0	355000
9000	1428784	300	0	322000
9000	1428784	400	0	324000
9000	1428784	500	0	327000
9000	1429168	600	0	328000
9000	1428784	700	0	315000
9000	1428912	800	0	325000
9000	1428784	900	0	334000
