10000	7439176	100	10000	61039000
10000	7700296	1000	10000	65888000
10000	8252536	200	10000	66626000
10000	7794504	300	10000	61717000
10000	7837360	400	10000	100691000
10000	7602632	500	10000	61425000
10000	7742080	600	10000	88870000
10000	7713728	700	10000	86681000
10000	7715232	800	10000	59406000
10000	7693728	900	10000	98920000
1000	5965608	100	1000	288216000
1000	2522576	1000	1000	3724000
1000	2530992	200	1000	3821000
1000	3133240	300	1000	3713000
1000	2534432	400	1000	3666000
1000	2749088	500	1000	3689000
1000	2522472	600	1000	3876000
1000	2673360	700	1000	3794000
1000	2522712	800	1000	4090000
1000	2661048	900	1000	3828000
2000	4463520	100	2000	99683000
2000	4389280	1000	2000	7541000
2000	4405736	200	2000	7735000
2000	4389056	300	2000	11379000
2000	4412008	400	2000	7646000
2000	4373000	500	2000	7494000
2000	4389032	600	2000	11215000
2000	4371240	700	2000	7340000
2000	4389456	800	2000	7898000
2000	4371456	900	2000	7474000
3000	6199240	100	3000	40792000
3000	6229168	1000	3000	11644000
3000	6123992	200	3000	36797000
3000	6223360	300	3000	12109000
3000	6248752	400	3000	11896000
3000	6211248	500	3000	11309000
3000	6227248	600	3000	10975000
3000	6207616	700	3000	30864000
3000	6227720	800	3000	50837000
3000	6208200	900	3000	11861000
4000	4057472	100	4000	56223000
4000	4167952	1000	4000	21094000
4000	4155472	200	4000	24644000
4000	4049152	300	4000	20049000
4000	4157320	400	4000	64679000
4000	4184056	500	4000	22130000
4000	4044264	600	4000	26757000
4000	4185184	700	4000	24398000
4000	4041656	800	4000	20752000
4000	4185728	900	4000	25562000
5000	5806944	100	5000	24125000
5000	5793560	1000	5000	24018000
5000	5907160	200	5000	31348000
5000	5801736	300	5000	24688000
5000	5785032	400	5000	51955000
5000	5811328	500	5000	33429000
5000	5917216	600	5000	35972000
5000	5810424	700	5000	31765000
5000	5917408	800	5000	24643000
5000	5810992	900	5000	41218000
6000	7673440	100	6000	26966000
6000	7606768	1000	6000	29016000
6000	7554368	200	6000	28316000
6000	8072232	300	6000	27452000
6000	7771864	400	6000	28685000
6000	7591168	500	6000	26447000
6000	7600152	600	6000	27332000
6000	7590880	700	6000	28707000
6000	7600480	800	6000	26887000
6000	7597200	900	6000	75941000
7000	5839416	100	7000	39078000
7000	5723408	1000	7000	74676000
7000	6398352	200	7000	40981000
7000	5839592	300	7000	41677000
7000	6068552	400	7000	47308000
7000	5703464	500	7000	82653000
7000	5920552	600	7000	52011000
7000	5844808	700	7000	44269000
7000	5887320	800	7000	39973000
7000	5704456	900	7000	42691000
8000	7518080	100	8000	140472000
8000	7651080	1000	8000	41863000
8000	8149456	200	8000	59191000
8000	7852976	300	8000	51578000
8000	7716632	400	8000	43327000
8000	7749880	500	8000	45269000
8000	7701000	600	8000	132201000
8000	7688536	700	8000	74172000
8000	7659408	800	8000	44809000
8000	7666800	900	8000	50060000
9000	9278256	100	9000	48788000
9000	9372312	1000	9000	46871000
9000	9271352	200	9000	51790000
9000	9620304	300	9000	47926000
9000	9251408	400	9000	45776000
9000	9390416	500	9000	46941000
9000	9370656	600	9000	48708000
9000	9331104	700	9000	45971000
9000	9370952	800	9000	87810000
9000	9308432	900	9000	45854000
