10000	65823832	100	8779
10000	72787296	1000	931
10000	68870280	200	5345
10000	70611184	300	3110
10000	71916792	400	1901
10000	72352048	500	1384
10000	72352072	600	1152
10000	72787112	700	1056
10000	72787360	800	991
10000	72787344	900	957
1000	80622640	100	992
1000	81053888	1000	900
1000	80618792	200	953
1000	81053784	300	918
1000	81053600	400	910
1000	81053888	500	904
1000	81053896	600	904
1000	81053816	700	905
1000	81053904	800	901
1000	81053736	900	900
2000	79315888	100	1886
2000	79748456	1000	904
2000	79313112	200	1451
2000	79748656	300	1171
2000	79748464	400	1013
2000	79748736	500	950
2000	79748728	600	933
2000	79748600	700	914
2000	79748544	800	910
2000	79748368	900	905
3000	77576712	100	2682
3000	78878240	1000	906
3000	78008144	200	1969
3000	78878416	300	1368
3000	78877984	400	1139
3000	78878536	500	1013
3000	78878384	600	977
3000	78878216	700	927
3000	78878432	800	920
3000	78878296	900	915
4000	75837384	100	3785
4000	78008328	1000	910
4000	76702584	200	2535
4000	77572792	300	1540
4000	78008000	400	1246
4000	78008320	500	1068
4000	78008120	600	974
4000	78008296	700	961
4000	78008400	800	937
4000	78008008	900	914
5000	74098152	100	4482
5000	77138240	1000	915
5000	75397016	200	2834
5000	76267456	300	1827
5000	76702248	400	1374
5000	77137976	500	1123
5000	77138064	600	1022
5000	77137776	700	979
5000	77138024	800	944
5000	77138064	900	924
6000	72356224	100	5513
6000	76267760	1000	931
6000	74091904	200	3463
6000	75397376	300	2035
6000	75832728	400	1468
6000	76267416	500	1147
6000	76267464	600	1037
6000	76267688	700	983
6000	76267720	800	941
6000	76267992	900	924
7000	70614504	100	6399
7000	75397568	1000	924
7000	72786776	200	4049
7000	74091632	300	2238
7000	74962504	400	1489
7000	75397624	500	1206
7000	75397560	600	1063
7000	75397888	700	996
7000	75397672	800	954
7000	75397592	900	930
8000	68436448	100	7492
8000	74527632	1000	931
8000	71481552	200	4434
8000	73221264	300	2329
8000	74091912	400	1605
8000	74092376	500	1280
8000	74527456	600	1125
8000	74527376	700	1007
8000	74527416	800	964
8000	74527384	900	955
9000	67129704	100	8061
9000	73657512	1000	930
9000	69739840	200	5154
9000	71916752	300	2676
9000	72786448	400	1726
9000	73222072	500	1316
9000	73657400	600	1159
9000	73657168	700	1040
9000	73657384	800	977
9000	73657400	900	956
