<<<<<<< HEAD
10000	80699280	160585000	900
1000	81574536	103556000	900
2000	82377712	52235000	900
3000	82854328	161655000	900
4000	82502440	150598000	900
5000	82013576	78080000	900
6000	82046120	89545000	900
7000	81598080	33432000	900
8000	81565320	155829000	900
9000	81149720	132720000	900
=======
10000	1358416	8981000	900
1000	77904	144555000	900
2000	219728	64191000	900
3000	364112	120184000	900
4000	492112	106054000	900
5000	652880	12454000	900
6000	780880	12985000	900
7000	908880	19030000	900
8000	1036880	9283000	900
9000	1230416	12490000	900
>>>>>>> post
