10000	81923984	100	0
10000	81923968	1000	0
10000	81924240	200	0
10000	81924240	300	0
10000	81924240	400	0
10000	81924240	500	0
10000	81924240	600	0
10000	81923968	700	0
10000	81924096	800	0
10000	81924096	900	0
1000	82359176	100	0
1000	82359160	1000	0
1000	82359304	200	0
1000	82359304	300	0
1000	82359304	400	0
1000	82359304	500	0
1000	82359304	600	0
1000	82359304	700	0
1000	82359160	800	0
1000	82359160	900	0
2000	82359304	100	0
2000	82358904	1000	0
2000	82359304	200	0
2000	82359304	300	0
2000	82359048	400	0
2000	82359304	500	0
2000	82359304	600	0
2000	82359176	700	0
2000	82359032	800	0
2000	82359160	900	0
3000	82359304	100	0
3000	82359160	1000	0
3000	82359304	200	0
3000	82359304	300	0
3000	82359304	400	0
3000	82359304	500	0
3000	82359304	600	0
3000	82359160	700	0
3000	82359160	800	0
3000	82359160	900	0
4000	82359304	100	0
4000	82359160	1000	0
4000	82359304	200	0
4000	82359304	300	0
4000	82359176	400	0
4000	82359304	500	0
4000	82359304	600	0
4000	82359032	700	0
4000	82359160	800	0
4000	82358776	900	0
5000	82359304	100	0
5000	82359160	1000	0
5000	82359304	200	0
5000	82359304	300	0
5000	82359304	400	0
5000	82359304	500	0
5000	82359304	600	0
5000	82359160	700	0
5000	82359160	800	0
5000	82359160	900	0
6000	82359304	100	0
6000	82359160	1000	0
6000	82359176	200	0
6000	82359304	300	0
6000	82359304	400	0
6000	82359304	500	0
6000	82359304	600	0
6000	82359032	700	0
6000	82359160	800	0
6000	82359160	900	0
7000	81924240	100	0
7000	81923712	1000	0
7000	81924112	200	0
7000	81924240	300	0
7000	81924240	400	0
7000	81924240	500	0
7000	81924240	600	0
7000	81924096	700	0
7000	81924096	800	0
7000	81924096	900	0
8000	81924240	100	0
8000	81924096	1000	0
8000	81923984	200	0
8000	81924240	300	0
8000	81924240	400	0
8000	81924240	500	0
8000	81924240	600	0
8000	81923968	700	0
8000	81924096	800	0
8000	81924096	900	0
9000	81924240	100	0
9000	81924096	1000	0
9000	81923600	200	0
9000	81924240	300	0
9000	81924240	400	0
9000	81924240	500	0
9000	81924240	600	0
9000	81924096	700	0
9000	81923968	800	0
9000	81924096	900	0
