10000	569820000	10000
1000	102132000	1000
2000	62050000	2000
3000	101703000	3000
4000	102794000	4000
5000	134806000	5000
6000	232893000	6000
7000	275263000	7000
8000	371745000	8000
9000	466043000	9000
10000	354000	0
10000	461470000	0
10000	461470000	0
1000	40000	0
1000	40955000	0
1000	40955000	0
2000	78000	0
2000	27048000	0
2000	27048000	0
3000	100000	0
3000	40572000	0
3000	40572000	0
4000	154000	0
4000	71039000	0
4000	71039000	0
5000	169000	0
5000	123254000	0
5000	123254000	0
6000	220000	0
6000	174552000	0
6000	174552000	0
7000	237000	0
7000	209768000	0
7000	209768000	0
8000	2664000	0
8000	306918000	0
8000	306918000	0
9000	300000	0
9000	367467000	0
9000	367467000	0
10000	112350854000	0
1000	604582000	0
2000	2080024000	0
3000	6584072000	0
4000	14363917000	0
5000	24853612000	0
6000	37295768000	0
7000	51848562000	0
8000	69180906000	0
9000	88109278000	0
