10000	992400	100	0	317000
10000	992400	1000	0	318000
10000	992400	200	0	332000
10000	992400	300	0	334000
10000	992400	400	0	335000
10000	992400	500	0	332000
10000	992400	600	0	329000
10000	992400	700	0	331000
10000	992528	800	0	337000
10000	992400	900	0	322000
1000	992528	100	0	41000
1000	992400	1000	0	36000
1000	992656	200	0	38000
1000	992400	300	0	42000
1000	992400	400	0	38000
1000	992400	500	0	37000
1000	992400	600	0	37000
1000	992400	700	0	184000
1000	992400	800	0	37000
1000	992784	900	0	38000
2000	992528	100	0	69000
2000	992400	1000	0	72000
2000	992400	200	0	254000
2000	992400	300	0	71000
2000	992400	400	0	70000
2000	992400	500	0	70000
2000	992400	600	0	72000
2000	992400	700	0	72000
2000	992400	800	0	69000
2000	992400	900	0	68000
3000	992784	100	0	105000
3000	992400	1000	0	106000
3000	992656	200	0	106000
3000	992400	300	0	103000
3000	992400	400	0	107000
3000	992528	500	0	104000
3000	992400	600	0	105000
3000	992400	700	0	117000
3000	992400	800	0	107000
3000	992400	900	0	105000
4000	992400	100	0	132000
4000	992656	1000	0	134000
4000	992912	200	0	141000
4000	992400	300	0	136000
4000	992656	400	0	132000
4000	992784	500	0	136000
4000	992400	600	0	169000
4000	992400	700	0	135000
4000	992400	800	0	137000
4000	992400	900	0	131000
5000	992400	100	0	171000
5000	992400	1000	0	171000
5000	992528	200	0	172000
5000	992400	300	0	166000
5000	992400	400	0	171000
5000	992528	500	0	172000
5000	992400	600	0	695000
5000	992528	700	0	164000
5000	992400	800	0	172000
5000	992528	900	0	171000
6000	992400	100	0	212000
6000	992400	1000	0	200000
6000	992400	200	0	203000
6000	992400	300	0	203000
6000	992400	400	0	204000
6000	992400	500	0	196000
6000	992528	600	0	203000
6000	992400	700	0	205000
6000	992528	800	0	205000
6000	992784	900	0	202000
7000	992400	100	0	235000
7000	992400	1000	0	231000
7000	992400	200	0	225000
7000	992400	300	0	224000
7000	992528	400	0	260000
7000	992656	500	0	267000
7000	992400	600	0	235000
7000	992400	700	0	229000
7000	992400	800	0	232000
7000	992400	900	0	357000
8000	992528	100	0	270000
8000	992400	1000	0	261000
8000	992400	200	0	259000
8000	992400	300	0	262000
8000	992400	400	0	269000
8000	992528	500	0	269000
8000	992656	600	0	259000
8000	992528	700	0	272000
8000	992400	800	0	264000
8000	992400	900	0	280000
9000	992400	100	0	836000
9000	992528	1000	0	288000
9000	992400	200	0	292000
9000	992400	300	0	311000
9000	992400	400	0	304000
9000	992400	500	0	302000
9000	992400	600	0	301000
9000	992528	700	0	291000
9000	992400	800	0	288000
9000	992400	900	0	301000
