10000	73657520	100	0
10000	73657512	1000	0
10000	73657360	200	0
10000	73657360	300	0
10000	73657544	400	0
10000	73657504	500	0
10000	73657520	600	0
10000	73657528	700	0
10000	73657504	800	0
10000	73657520	900	0
1000	81385232	100	0
1000	81489120	1000	0
1000	81489104	200	0
1000	81489064	300	0
1000	81489040	400	0
1000	81489112	500	0
1000	81489128	600	0
1000	81489120	700	0
1000	81489120	800	0
1000	81489152	900	0
2000	80620792	100	0
2000	80618944	1000	0
2000	80618904	200	0
2000	80618888	300	0
2000	80618824	400	0
2000	80618936	500	0
2000	80619000	600	0
2000	80618936	700	0
2000	80618928	800	0
2000	80618944	900	0
3000	79751096	100	0
3000	79748752	1000	0
3000	79748704	200	0
3000	79748672	300	0
3000	79748600	400	0
3000	79748744	500	0
3000	79748784	600	0
3000	79748752	700	0
3000	79748760	800	0
3000	79748752	900	0
4000	78881552	100	0
4000	78878568	1000	0
4000	78878544	200	0
4000	78878440	300	0
4000	78878368	400	0
4000	78878600	500	0
4000	78878560	600	0
4000	78878600	700	0
4000	78878608	800	0
4000	78878568	900	0
5000	78012176	100	0
5000	78008424	1000	0
5000	78008328	200	0
5000	78008248	300	0
5000	78008160	400	0
5000	78008424	500	0
5000	78008392	600	0
5000	78008424	700	0
5000	78008408	800	0
5000	78008384	900	0
6000	77140904	100	0
6000	77138224	1000	0
6000	77138128	200	0
6000	77138016	300	0
6000	77138056	400	0
6000	77138240	500	0
6000	77138224	600	0
6000	77138232	700	0
6000	77138208	800	0
6000	77138224	900	0
7000	76270168	100	0
7000	76268056	1000	0
7000	76268080	200	0
7000	76267824	300	0
7000	76267952	400	0
7000	76268056	500	0
7000	76268048	600	0
7000	76268056	700	0
7000	76268032	800	0
7000	76268072	900	0
8000	75398696	100	0
8000	75397864	1000	0
8000	75397864	200	0
8000	75397616	300	0
8000	75397752	400	0
8000	75397864	500	0
8000	75397864	600	0
8000	75397880	700	0
8000	75397872	800	0
8000	75397864	900	0
9000	74527856	100	0
9000	74527680	1000	0
9000	74527408	200	0
9000	74527544	300	0
9000	74527552	400	0
9000	74527688	500	0
9000	74527680	600	0
9000	74527696	700	0
9000	74527696	800	0
9000	74527688	900	0
