1000	90919960	100	1	1010096000
1000	209384224	1000	0	843851000
1000	131419776	200	1	850085000
1000	171101152	300	0	691218000
1000	209217920	400	0	737067000
1000	251285440	500	0	793502000
1000	114197432	600	0	774948000
1000	91157320	700	1	829160000
1000	139624512	800	0	836506000
1000	172241440	900	0	873325000
100	16414888	100	0	892534000
100	7946736	1000	0	9492000
100	9541560	200	0	12812000
100	8695240	300	0	5415000
100	7937048	400	0	4886000
100	7257416	500	0	4949000
100	6363208	600	0	5242000
100	9917816	700	0	5161000
100	9466904	800	0	5263000
100	8641152	900	0	5351000
200	1235824	100	0	42588000
200	30124728	1000	0	21358000
200	27516504	200	0	45057000
200	24977544	300	0	20434000
200	30086008	400	0	18986000
200	27367472	500	0	24268000
200	23790624	600	0	23676000
200	28653144	700	0	20393000
200	27292520	800	0	36794000
200	24815280	900	0	149646000
300	6967080	100	1	312534000
300	52302976	1000	0	178322000
300	54479152	200	0	99525000
300	57542512	300	0	150267000
300	52235160	400	0	55039000
300	54181080	500	0	75569000
300	52837184	600	0	149108000
300	56752432	700	0	104855000
300	54031240	800	0	172966000
300	57163872	900	0	64554000
400	5602528	100	1	327578000
400	96659232	1000	0	108743000
400	90429320	200	0	95473000
400	90107376	300	1	97628000
400	96533400	400	0	94331000
400	94401496	500	0	142763000
400	93501584	600	0	104945000
400	94270576	700	0	212959000
400	98595704	800	0	110507000
400	97599504	900	0	129485000
500	60419400	100	0	300001000
500	141016632	1000	0	182780000
500	144354720	200	0	152118000
500	147096096	300	0	186067000
500	140831608	400	0	177063000
500	141325432	500	0	176286000
500	139974648	600	0	181997000
500	141128960	700	0	174339000
500	143160248	800	0	192918000
500	146122480	900	0	186281000
600	42669768	100	3	439812000
600	207551072	1000	0	356411000
600	207267472	200	0	280500000
600	204084656	300	1	317761000
600	207278960	400	0	357608000
600	201656048	500	1	362128000
600	203875864	600	0	328290000
600	206730632	700	0	279964000
600	205550400	800	0	321621000
600	202732408	900	0	331169000
700	277221184	100	0	570702000
700	273419800	1000	0	505062000
700	279167872	200	0	292729000
700	277242272	300	1	407672000
700	273695608	400	0	472061000
700	275388032	500	0	433387000
700	273584864	600	0	455871000
700	281704088	700	0	393219000
700	276853528	800	0	433607000
700	275516824	900	0	449276000
800	39485728	100	0	593495000
800	361342480	1000	0	607611000
800	359708096	200	1	533880000
800	358525848	300	0	503175000
800	362255360	400	0	656101000
800	27096544	500	0	564620000
800	66658664	600	0	481395000
800	356627824	700	0	544951000
800	357069616	800	0	554896000
800	356387808	900	0	519726000
900	133064936	100	0	661594000
900	86428280	1000	0	724081000
900	9723144	200	0	668607000
900	47800632	300	0	758146000
900	85837704	400	0	593902000
900	135536352	500	0	596231000
900	46091704	600	0	648564000
900	450330384	700	0	754599000
900	10681760	800	0	755160000
900	48791456	900	0	734320000
