1000	7229800	100	0	221000
1000	7229800	1000	0	223000
1000	7229800	200	0	219000
1000	7229800	300	0	222000
1000	7229928	400	0	222000
1000	7229800	500	0	223000
1000	7230056	600	0	222000
1000	7229800	700	0	223000
1000	7229800	800	0	236000
1000	7229800	900	0	219000
100	7229960	100	0	24000
100	7230088	1000	0	24000
100	7229960	200	0	24000
100	7229960	300	0	23000
100	7229960	400	0	24000
100	7230216	500	0	24000
100	7230088	600	0	22000
100	7230344	700	0	24000
100	7229960	800	0	23000
100	7230088	900	0	24000
200	7229800	100	0	43000
200	7229800	1000	0	43000
200	7229800	200	0	43000
200	7229800	300	0	49000
200	7229800	400	0	43000
200	7229800	500	0	44000
200	7230056	600	0	42000
200	7229800	700	0	42000
200	7229800	800	0	43000
200	7230056	900	0	44000
300	7229800	100	0	62000
300	7229800	1000	0	61000
300	7229800	200	0	64000
300	7229800	300	0	62000
300	7229800	400	0	62000
300	7229928	500	0	65000
300	7230184	600	0	62000
300	7229800	700	0	63000
300	7229800	800	0	64000
300	7230184	900	0	64000
400	7229800	100	0	87000
400	7229800	1000	0	83000
400	7229800	200	0	86000
400	7229800	300	0	82000
400	7229800	400	0	85000
400	7230056	500	0	83000
400	7230312	600	0	100000
400	7229800	700	0	84000
400	7229800	800	0	81000
400	7229800	900	0	85000
500	7229800	100	0	109000
500	7229800	1000	0	103000
500	7229800	200	0	104000
500	7229800	300	0	103000
500	7229800	400	0	103000
500	7229800	500	0	102000
500	7229800	600	0	103000
500	7229800	700	0	100000
500	7229928	800	0	101000
500	7229800	900	0	103000
600	7229800	100	0	121000
600	7229800	1000	0	122000
600	7229800	200	0	123000
600	7229800	300	0	122000
600	7229800	400	0	123000
600	7229800	500	0	122000
600	7229800	600	0	123000
600	7229800	700	0	121000
600	7230056	800	0	276000
600	7229928	900	0	123000
700	7229800	100	0	142000
700	7229800	1000	0	143000
700	7229800	200	0	141000
700	7229800	300	0	141000
700	7229928	400	0	143000
700	7229800	500	0	148000
700	7229800	600	0	143000
700	7229928	700	0	143000
700	7229800	800	0	148000
700	7229800	900	0	139000
800	7229800	100	0	161000
800	7229800	1000	0	165000
800	7229800	200	0	165000
800	7229800	300	0	158000
800	7229928	400	0	160000
800	7229800	500	0	160000
800	7229800	600	0	162000
800	7230056	700	0	160000
800	7229800	800	0	193000
800	7229800	900	0	159000
900	7229800	100	0	184000
900	7229800	1000	0	179000
900	7229800	200	0	345000
900	7229800	300	0	178000
900	7229800	400	0	181000
900	7229800	500	0	182000
900	7229928	600	0	180000
900	7230184	700	0	181000
900	7229800	800	0	182000
900	7229800	900	0	185000
